#
# Sun-like star light curves observed by Kepler
# Data Source: SOHO data provided by Prof. Gibor Basri, UC Berkeley
#
# columns
#  col1: time in days
#  col 2-7: flux relative to mean flux for 6 stars by KIC number
#
#  time      KIC2445004 KIC2718678 KIC5628737 KIC6034108 KIC6620375 KIC6844155
   0.000000   0.000807   0.047361   0.099979   0.070003   0.091278   0.415227
   0.166687  -0.066046   0.010842   0.088182   0.095906   0.099543   0.482818
   0.333313  -0.104779   0.050182   0.064863   0.082875   0.113376   0.559588
   0.500000  -0.107245   0.002490   0.060103   0.083532   0.220542   0.477537
   0.666687  -0.111835  -0.035905   0.085618   0.082577   0.211072   0.517005
   0.833313  -0.121408  -0.086292   0.029149   0.083969   0.175638   0.510934
   1.000000  -0.116187  -0.150697   0.039425   0.098613   0.165151   0.520898
   1.166687  -0.083315  -0.167762   0.035482   0.099881   0.196363   0.567872
   1.333313  -0.100712  -0.225578   0.011640   0.083561   0.224943   0.578705
   1.500000  -0.080761  -0.250709  -0.014619   0.070259   0.259408   0.514405
   1.666687  -0.032401  -0.260727  -0.012768   0.052592   0.265761   0.529187
   1.833313   0.017337  -0.262558  -0.047551   0.026519   0.268399   0.529604
   2.000000   0.052985  -0.256813  -0.042232   0.008990   0.287358   0.501867
   2.166687   0.035856  -0.262287  -0.045706  -0.018094   0.315051   0.472935
   2.333313   0.076548  -0.235595  -0.064322  -0.019499   0.336577   0.433021
   2.500000   0.124370  -0.221482  -0.060658  -0.003784   0.276339   0.376323
   2.666687   0.153974  -0.208231   0.014392   0.013273   0.268778   0.358872
   2.833313   0.166877  -0.187025   0.082940   0.014355   0.298634   0.337066
   3.000000   0.105193  -0.190570   0.090547   0.005707   0.262298   0.282848
   3.166687   0.114398  -0.238112   0.080954   0.014228   0.262890   0.237426
   3.333313   0.077634  -0.235392   0.102651   0.037839   0.192152   0.209287
   3.500000   0.021981  -0.233791   0.108815   0.067431   0.158452   0.160770
   3.666687   0.002347  -0.233902   0.124914   0.097750   0.146082   0.108011
   3.833313   0.003334  -0.187804   0.138890   0.145234   0.122282   0.053428
   4.000000  -0.006809  -0.160241   0.160708   0.166780   0.096659  -0.004315
   4.166687   0.018964  -0.114938   0.178061   0.215602   0.087969   0.021724
   4.333313   0.082705  -0.083449   0.155245   0.271054   0.041609   0.002479
   4.500000   0.162375  -0.065320   0.214351   0.312985   0.025290  -0.046155
   4.666687   0.216065  -0.050189   0.214867   0.333310   0.041090  -0.093245
   4.833313   0.268338  -0.035857   0.224879   0.369963   0.024405  -0.117398
   5.000000   0.326228  -0.003338   0.243515   0.396269   0.017012  -0.137839
   5.166687   0.343806  -0.000604   0.245754   0.396007   0.003096  -0.152278
   5.333313   0.327100  -0.027521   0.254874   0.369745  -0.006732  -0.202684
   5.500000   0.307705  -0.055841   0.249347   0.335283  -0.010754  -0.217399
   5.666687   0.313935  -0.032929   0.278160   0.352775  -0.009124  -0.187698
   5.833313   0.251674  -0.024980   0.281386   0.346853   0.005115  -0.181307
   6.000000   0.147598  -0.054545   0.238940   0.359265  -0.009712  -0.237483
   6.166687   0.041712  -0.061282   0.227555   0.362532  -0.027000  -0.238106
   6.333313  -0.054152  -0.046112   0.235223   0.342205  -0.029219  -0.277322
   6.500000  -0.181378  -0.038099   0.234417   0.324013  -0.027540  -0.324243
   6.666687  -0.248946  -0.038625   0.212937   0.283857  -0.067979  -0.326623
   6.833313  -0.348981  -0.011179   0.171657   0.244392  -0.083391  -0.365728
   7.000000  -0.428462  -0.033352   0.119112   0.210561  -0.122548  -0.386774
   7.166687  -0.474907  -0.049719   0.050845   0.189174  -0.114927  -0.352705
   7.333313  -0.503749  -0.026786   0.000040   0.184705  -0.078527  -0.317750
   7.500000  -0.506076  -0.016436  -0.008151   0.178383  -0.073922  -0.295112
   7.666687  -0.479075  -0.006577  -0.033571   0.162763  -0.122131  -0.219452
   7.833313  -0.444458   0.021868  -0.101338   0.144771  -0.151286  -0.216954
   8.000000  -0.399718   0.048253  -0.099751   0.132402  -0.163124  -0.189404
   8.166687  -0.334469   0.089740  -0.129027   0.129573  -0.178194  -0.158403
   8.333313  -0.232232   0.176011  -0.166715   0.129981  -0.199794  -0.127463
   8.500000  -0.079090   0.199246  -0.204137   0.081823  -0.190546  -0.095790
   8.666687   0.003550   0.259625  -0.234343   0.066410  -0.195755  -0.111120
   8.833313   0.044049   0.303550  -0.254744   0.070611  -0.218636  -0.089618
   9.000000   0.067674   0.340934  -0.303975   0.082850  -0.215984  -0.062871
   9.166687   0.087570   0.388399  -0.318577   0.097012  -0.187028  -0.022269
   9.333313   0.123240   0.434494  -0.331357   0.086307  -0.163431   0.024200
   9.500000   0.119709   0.464522  -0.323438   0.083791  -0.154388   0.017260
   9.666687   0.102015   0.445729  -0.282624   0.059286  -0.155055   0.000641
   9.833313   0.028261   0.431799  -0.286018   0.043475  -0.162704   0.036514
  10.000000  -0.127327   0.423485  -0.296693   0.055540  -0.170756   0.050620
  10.166687  -0.253341   0.368541  -0.264885  -0.002899  -0.159526   0.020603
  10.333313  -0.315405   0.338460  -0.217829  -0.035572  -0.075233  -0.018532
  10.500000  -0.343685   0.201975  -0.181290  -0.054695  -0.087347   0.053412
  10.666687  -0.343806   0.066500  -0.164524  -0.067316  -0.097977   0.096470
  10.833313  -0.322924  -0.039959  -0.109363  -0.073442  -0.120274   0.096613
  11.000000  -0.292392  -0.123624  -0.111629  -0.065275  -0.135885   0.088264
  11.166687  -0.287736  -0.195470  -0.087465  -0.073388  -0.094485   0.102438
  11.333313  -0.226786  -0.269870  -0.039915  -0.068913  -0.117118   0.111444
  11.500000  -0.135661  -0.309193  -0.013013  -0.052804  -0.123090   0.060558
  11.666687  -0.020322  -0.339819  -0.019907  -0.032687  -0.137123   0.072816
  11.833313   0.117498  -0.371741   0.018739  -0.021689  -0.144481   0.103046
  12.000000   0.243585  -0.380596   0.057863  -0.045785  -0.126854   0.108389
  12.166687   0.250334  -0.367218   0.072467  -0.004722  -0.118343   0.072674
  12.333313   0.248691  -0.347598   0.060748  -0.000110  -0.117169   0.083765
  12.500000   0.258714  -0.313851   0.056502  -0.007003  -0.124312   0.074115
  12.666687   0.274219  -0.279169   0.069461  -0.004322  -0.127699   0.055206
  12.833313   0.270140  -0.262988   0.023093  -0.018804  -0.120353   0.019015
  13.000000   0.307697  -0.253147  -0.042286  -0.013762  -0.105659  -0.038105
  13.166687   0.362367  -0.208730  -0.111642  -0.004358  -0.038269  -0.061263
  13.333313   0.426622  -0.149900  -0.182455   0.002182   0.009394  -0.155266
  13.500000   0.487764  -0.103903  -0.163548   0.017037   0.079080  -0.192432
  13.666687   0.526784  -0.072450  -0.189866   0.056263   0.149184  -0.197062
  13.833313   0.493545  -0.003775  -0.232174   0.067927   0.177876  -0.201953
  14.000000   0.521173   0.082374  -0.253425   0.059473   0.235670  -0.214692
  14.166687   0.516930   0.138200  -0.236031   0.045434   0.306943  -0.305360
  14.333313   0.500083   0.163985  -0.219368   0.044010   0.357588  -0.349967
  14.500000   0.488587   0.178292  -0.286848   0.060528   0.385694  -0.375009
  14.666687   0.414994   0.208582  -0.261574   0.065010   0.408507  -0.392644
  14.833313   0.296860   0.248584  -0.246913   0.087829   0.467165  -0.402641
  15.000000   0.220877   0.233601  -0.290496   0.122967   0.482676  -0.389206
  15.166687   0.142844   0.247242  -0.357605   0.166270   0.480354  -0.410909
  15.333313   0.063336   0.246826  -0.365576   0.200111   0.460637  -0.440502
  15.500000   0.030483   0.188308  -0.352786   0.202185   0.422432  -0.465548
  15.666687  -0.018069   0.128769  -0.341424   0.274935   0.366551  -0.478515
  15.833313   0.019264   0.158866  -0.347498   0.301481   0.319879  -0.475650
  16.000000   0.026220   0.130242  -0.373164   0.313635   0.269140  -0.520756
  16.166687   0.039148   0.107151  -0.378306   0.319738   0.150899  -0.481459
  16.333313   0.112896   0.094705  -0.413122   0.319137   0.136518  -0.440431
  16.500000   0.142359   0.023933  -0.372821   0.309821   0.122138  -0.429765
  16.666687   0.198423   0.000250  -0.311704   0.310575   0.107757  -0.423601
  16.833313   0.214101  -0.037080  -0.283293   0.313840   0.093376  -0.374340
  17.000000   0.039148   0.107151  -0.306067   0.319738   0.078995  -0.481459
  17.166687   0.112896   0.094705  -0.297624   0.319137   0.064614  -0.440431
  17.333313   0.142359   0.023933  -0.259606   0.309821  -0.057942  -0.429765
  17.500000   0.198423   0.000250  -0.256530   0.310575  -0.179331  -0.423601
  17.666687   0.214101  -0.037080  -0.287252   0.313840  -0.224691  -0.374340
  17.833313   0.126904  -0.243551  -0.308082   0.309880  -0.568673  -0.267516
  18.000000   0.127708  -0.293329  -0.250259   0.298407  -0.609783  -0.248063
  18.166687   0.216317  -0.366775  -0.230517   0.259516  -0.612820  -0.232652
  18.333313   0.270999  -0.333623  -0.224887   0.243237  -0.572213  -0.234188
  18.500000   0.312792  -0.308110  -0.195505   0.227143  -0.597551  -0.250986
  18.666687   0.315846  -0.299740  -0.140406   0.203982  -0.586813  -0.266073
  18.833313   0.282537  -0.273969  -0.134335   0.167895  -0.565280  -0.299408
  19.000000   0.241273  -0.222243  -0.080710   0.116550  -0.545667  -0.303866
  19.166687   0.260902  -0.204029  -0.025878   0.065403  -0.531407  -0.274253
  19.333313   0.276400  -0.190899  -0.000094   0.000102  -0.520612  -0.285192
  19.500000   0.242580  -0.166972   0.025925  -0.056948  -0.464662  -0.219118
  19.666687   0.165817  -0.146358   0.109162  -0.122480  -0.419004  -0.205810
  19.833313   0.071102  -0.119742   0.115580  -0.208480  -0.387669  -0.208728
  20.000000  -0.009339  -0.062098   0.117746  -0.289039  -0.369426  -0.188279
  20.166687  -0.119573   0.022867   0.143388  -0.357229  -0.374997  -0.119141
  20.333313  -0.214755   0.036186   0.187771  -0.432818  -0.330549  -0.070796
  20.500000  -0.279705   0.094024   0.238311  -0.506734  -0.274667  -0.015224
  20.666687  -0.326277   0.177730   0.289633  -0.579810  -0.244817   0.055995
  20.833313  -0.385191   0.239689   0.320685  -0.659504  -0.215043   0.106190
  21.000000  -0.384325   0.264429   0.368381  -0.667375  -0.126326   0.125800
  21.166687  -0.416837   0.245207   0.410933  -0.680610  -0.123505   0.188402
  21.333313  -0.428619   0.232846   0.424578  -0.715691  -0.140725   0.276488
  21.500000  -0.417347   0.212817   0.395522  -0.774612  -0.132233   0.311917
  21.666687  -0.388960   0.182546   0.427348  -0.839160  -0.121840   0.322781
  21.833313  -0.298231   0.156815   0.464262  -0.837659  -0.129220   0.328814
  22.000000  -0.277934   0.130531   0.468035  -0.845380  -0.095185   0.337498
  22.166687  -0.233248   0.066956   0.455535  -0.848609  -0.038591   0.366991
  22.333313  -0.211642   0.028113   0.461790  -0.841837  -0.011467   0.385437
  22.500000  -0.218082   0.013732   0.495586  -0.823889   0.020027   0.391610
  22.666687  -0.178203  -0.001581   0.496314  -0.798947   0.060465   0.392979
  22.833313  -0.198660  -0.034266   0.524169  -0.818358   0.076368   0.389122
  23.000000  -0.199503  -0.068345   0.549775  -0.807584   0.121556   0.342484
  23.166687  -0.150615  -0.063206   0.537187  -0.790317   0.152950   0.322778
  23.333313  -0.106453  -0.034764   0.462980  -0.776623   0.180878   0.315112
  23.500000  -0.133781  -0.009144   0.422491  -0.762268   0.215373   0.324549
  23.666687  -0.098620  -0.012662   0.401599  -0.705750   0.257018   0.330371
  23.833313  -0.126416  -0.000457   0.353224  -0.661088   0.265315   0.284952
  24.000000  -0.125486   0.020252   0.272035  -0.610721   0.309579   0.279243
  24.166687  -0.121281   0.023044   0.184653  -0.549631   0.300202   0.262210
  24.333313  -0.131323   0.006471   0.149539  -0.486900   0.295901   0.221200
  24.500000  -0.112566  -0.011067   0.137802  -0.452990   0.335388   0.185336
  24.666687  -0.177157   0.016452   0.105739  -0.378665   0.389350   0.191481
  24.833313  -0.161469  -0.003316   0.074272  -0.316842   0.438179   0.218643
  25.000000  -0.153923  -0.029277   0.184653  -0.275302   0.469396   0.110574
  25.166687  -0.166529  -0.038140   0.149539  -0.247919   0.475703   0.082389
  25.333313  -0.153212  -0.024658   0.137802  -0.220511   0.482093   0.060028
  25.500000  -0.160551  -0.013487   0.105739  -0.195979   0.520845  -0.019823
  25.666687  -0.183318  -0.026142  -0.005767  -0.147017   0.536331  -0.121009
  25.833313  -0.182850  -0.027606  -0.038065  -0.092453   0.530043  -0.138142
  26.000000  -0.144092  -0.006267  -0.021058  -0.046606   0.526903  -0.197438
  26.166687  -0.079060   0.018670   0.008602  -0.012882   0.518788  -0.268828
  26.333313  -0.053374   0.011880   0.021546   0.031933   0.502641  -0.327459
  26.500000  -0.043261   0.029714   0.009486   0.074932   0.502991  -0.356661
  26.666687  -0.036756   0.065736   0.047066   0.082059   0.501034  -0.349916
  26.833313  -0.062391   0.094452   0.068681   0.078856   0.502403  -0.362080
  27.000000  -0.110086   0.109783   0.124835   0.076808   0.469613  -0.411512
  27.166687  -0.131141   0.114092   0.170548   0.069276   0.415503  -0.472174
  27.333313  -0.182755   0.115388   0.183632   0.096485   0.388509  -0.521484
  27.500000  -0.246740   0.151002   0.208581   0.122859   0.311220  -0.573800
  27.666687  -0.239907   0.125130   0.238513   0.121957   0.214251  -0.573920
  27.833313  -0.204723   0.099298   0.300510   0.106948   0.112444  -0.587421
  28.000000  -0.213058   0.086138   0.351830   0.100972   0.027814  -0.592785
  28.166687  -0.235551   0.029900   0.384273   0.099157  -0.026558  -0.577966
  28.333313  -0.250653  -0.016982   0.409684   0.097787  -0.072747  -0.549130
  28.500000  -0.261708  -0.065134   0.388871   0.100349  -0.183792  -0.574797
  28.666687  -0.284861  -0.104678   0.370301   0.094202  -0.287854  -0.626356
  28.833313  -0.323957  -0.130666   0.341026   0.079027  -0.371604  -0.629701
  29.000000  -0.362295  -0.147350   0.264079   0.074917  -0.432030  -0.617908
  29.166687  -0.391360  -0.188942   0.138980   0.080597  -0.472675  -0.644404
  29.333313  -0.417705  -0.209395   0.067114   0.088677  -0.513617  -0.696857
  29.500000  -0.413500  -0.229450  -0.004504   0.104103  -0.506975  -0.656666
  29.666687  -0.400244  -0.236416  -0.073112   0.124010  -0.506773  -0.662780
  29.833313  -0.417674  -0.232509  -0.154188   0.141434  -0.526925  -0.639777
  30.000000  -0.433456  -0.250211  -0.239918   0.152976  -0.554142  -0.579640
  30.166687  -0.327764  -0.246899  -0.305128   0.169515  -0.540426  -0.585472
  30.333313  -0.221554  -0.282581  -0.414621   0.161191  -0.510810  -0.593401
  30.500000  -0.147873  -0.325391  -0.558676   0.150896  -0.527736  -0.569130
  30.666687  -0.096728  -0.355435  -0.675477   0.155398  -0.559939  -0.519971
  30.833313  -0.006938  -0.366204  -0.770357   0.155564  -0.577816  -0.463248
  31.000000   0.114906  -0.377816  -0.863889   0.104029  -0.582535  -0.422302
  31.166687   0.223054  -0.406498  -0.937242   0.072355  -0.510862  -0.429257
  31.333313   0.306547  -0.413739  -0.989005   0.042269  -0.530678  -0.345612
  31.500000   0.355316  -0.414143  -1.007150   0.010812  -0.539515  -0.295012
  31.666687   0.363840  -0.405851  -1.027632  -0.010931  -0.539222  -0.269233
  31.833313   0.368719  -0.320543  -1.066896  -0.024911  -0.582087  -0.227336
  32.000000   0.429031  -0.306085  -1.106395  -0.011031  -0.526345  -0.113533
  32.166687   0.482653  -0.267522  -1.098331   0.007494  -0.555729  -0.059748
  32.333313   0.519904  -0.228868  -1.070598   0.020716  -0.552571   0.011592
  32.500000   0.544277  -0.178052  -1.043552   0.022708  -0.533824   0.083625
  32.666687   0.547521  -0.076732  -1.028764   0.006858  -0.512636   0.159002
  32.833313   0.548723  -0.016311  -1.023888   0.017488  -0.411304   0.247972
  33.000000   0.521786   0.004808  -0.978442   0.015229  -0.354888   0.291973
  33.166687   0.482943   0.031710  -0.927153   0.016423  -0.344045   0.334567
  33.333313   0.448181   0.051223  -0.864043   0.026046  -0.326969   0.355346
  33.500000   0.426968   0.051078  -0.789454   0.031680  -0.279533   0.330099
  33.666687   0.413301   0.087136  -0.710643   0.038193  -0.213531   0.271890
  33.833313   0.312261   0.074555  -0.644331   0.033223  -0.217450   0.289319
  34.000000   0.217763   0.066949  -0.541913   0.019709  -0.200106   0.386992
  34.166687   0.132062   0.064001  -0.436645   0.000570  -0.179272   0.401421
  34.333313   0.028331   0.062729  -0.357652  -0.020826  -0.178392   0.404485
  34.500000  -0.061721   0.062873  -0.295938  -0.039853  -0.196941   0.431290
  34.666687  -0.073145   0.053893  -0.223234  -0.049050  -0.143064   0.461432
  34.833313  -0.127788   0.072533  -0.200093  -0.051854  -0.132045   0.444844
  35.000000  -0.168414   0.085306  -0.104798  -0.060634  -0.088218   0.387353
  35.166687  -0.155750   0.097492  -0.014453  -0.082055  -0.041811   0.411294
  35.333313  -0.122346   0.121466   0.056685  -0.111566  -0.010330   0.458045
  35.500000  -0.104237   0.109005   0.115354  -0.122353   0.020486   0.442130
  35.666687  -0.114758   0.082427   0.176721  -0.141310   0.043411   0.441595
  35.833313  -0.119568   0.089347   0.254938  -0.144018   0.118868   0.383351
  36.000000  -0.111216   0.097771   0.306878  -0.141886   0.171004   0.388200
  36.166687  -0.099494   0.088638   0.358671  -0.158473   0.200597   0.414072
  36.333313  -0.084503   0.088118   0.408249  -0.145134   0.242628   0.425696
  36.500000   0.007812   0.064920   0.425592  -0.161013   0.296576   0.425327
  36.666687   0.114947   0.066399   0.498501  -0.161601   0.391407   0.363677
  36.833313   0.247045   0.069282   0.558098  -0.150987   0.445650   0.367452
  37.000000   0.413736   0.072717   0.589629  -0.137429   0.476837   0.349945
  37.166687   0.588182   0.087319   0.610619  -0.113930   0.505299   0.304478
  37.333313   0.682256   0.083321   0.634450  -0.113321   0.523179   0.268801
  37.500000   0.750792   0.118669   0.602107  -0.083549   0.575590   0.274026
  37.666687   0.801682   0.134717   0.596215  -0.055695   0.611745   0.184722
  37.833313   0.827750   0.127202   0.584572  -0.041298   0.621009   0.125636
  38.000000   0.815579   0.113795   0.577526  -0.030815   0.642595   0.092547
  38.166687   0.813587   0.130973   0.575128  -0.014527   0.725060   0.061278
  38.333313   0.730343   0.123794   0.555913   0.021624   0.699955   0.017722
  38.500000   0.677929   0.160307   0.544566   0.054722   0.714191   0.004695
  38.666687   0.640434   0.185969   0.527315   0.081588   0.726337  -0.030700
  38.833313   0.576077   0.198939   0.484430   0.108750   0.732413  -0.023989
  39.000000   0.500434   0.244523   0.436862   0.152907   0.739205   0.008394
  39.166687   0.460909   0.222239   0.420342   0.167720   0.755415   0.000438
  39.333313   0.369259   0.243332   0.418027   0.191329   0.782694   0.033565
  39.500000   0.283364   0.253053   0.359586   0.192580   0.778754   0.013592
  39.666687   0.234608   0.253371   0.303190   0.170469   0.743435   0.000436
  39.833313   0.201890   0.259379   0.281283   0.165437   0.706981  -0.006200
  40.000000   0.137347   0.258043   0.296802   0.178719   0.718836  -0.020160
  40.166687   0.103312   0.293855   0.304540   0.157765   0.729934  -0.045384
  40.333313   0.067464   0.297706   0.229405   0.140986   0.730838  -0.096092
  40.500000   0.017249   0.293243   0.219975   0.121356   0.733072  -0.054151
  40.666687  -0.045456   0.290493   0.180723   0.076322   0.708791  -0.052001
  40.833313  -0.099241   0.269721   0.100114   0.010118   0.635608  -0.108052
  41.000000  -0.108587   0.284001   0.039567  -0.018363   0.565094  -0.107671
  41.166687  -0.110139   0.268354   0.024334  -0.044321   0.510282  -0.086429
  41.333313  -0.111234   0.255088  -0.001667  -0.067584   0.439671  -0.037905
  41.500000  -0.109030   0.248322  -0.019699  -0.084060   0.347517  -0.028575
  41.666687  -0.091147   0.237378  -0.043661  -0.091995   0.254032  -0.044559
  41.833313  -0.044968   0.213405  -0.077936  -0.083289   0.207048  -0.045043
  42.000000   0.007121   0.173606  -0.069058  -0.074066   0.177219  -0.017130
  42.166687   0.049441   0.142018  -0.105478  -0.074062   0.095830  -0.000969
  42.333313   0.068879   0.116410  -0.134708  -0.067659   0.035289   0.032087
  42.500000   0.060814   0.093593  -0.169983  -0.032744   0.000647   0.073103
  42.666687   0.062962   0.077495  -0.211226  -0.022037  -0.047776   0.090831
  42.833313   0.035929  -0.006256  -0.240349  -0.037230  -0.187811   0.034128
  43.000000  -0.028456  -0.057056  -0.302234  -0.035128  -0.221545   0.044525
  43.166687  -0.125116  -0.069338  -0.342075  -0.017677  -0.261440   0.045685
  43.333313  -0.232698  -0.058121  -0.369664   0.008252  -0.277172   0.034855
  43.500000  -0.302478  -0.048012  -0.393072   0.050719  -0.251038   0.014969
  43.666687  -0.429508  -0.030109  -0.415949   0.031593  -0.240424  -0.001879
  43.833313  -0.557131  -0.022305  -0.425025   0.020015  -0.252004   0.033908
  44.000000  -0.656951  -0.024826  -0.439657   0.033110  -0.322415   0.036556
  44.166687  -0.731664  -0.029206  -0.452583   0.062182  -0.381118  -0.015941
  44.333313  -0.812388  -0.024368  -0.478120   0.081040  -0.397267  -0.048816
  44.500000  -0.936977   0.001292  -0.515124   0.117500  -0.383577  -0.029802
  44.666687  -1.002146   0.000808  -0.534526   0.139134  -0.427110  -0.054335
  44.833313  -1.100898   0.019326  -0.543826   0.161899  -0.415242  -0.108357
  45.000000  -1.205196   0.031459  -0.569784   0.169661  -0.388272  -0.126369
  45.166687  -1.261046   0.020294  -0.594515   0.152258  -0.354850  -0.163573
  45.333313  -1.276685  -0.012481  -0.586652   0.157007  -0.327035  -0.203075
  45.500000  -1.251159   0.009191  -0.530613   0.153830  -0.350676  -0.186848
  45.666687  -1.218854   0.001430  -0.568647   0.152509  -0.283791  -0.275089
  45.833313  -1.186931  -0.000985  -0.595811   0.154573  -0.305341  -0.317517
  46.000000  -1.137492   0.014732  -0.584236   0.160363  -0.325439  -0.349033
  46.166687  -1.028287   0.035514  -0.572775   0.169679  -0.308930  -0.389744
  46.333313  -0.919889  -0.017556  -0.584522   0.181276  -0.300079  -0.439380
  46.500000  -0.839341   0.011572  -0.572555   0.150786  -0.304179  -0.450256
  46.666687  -0.711568   0.001752  -0.562103   0.132145  -0.310218  -0.452505
  46.833313  -0.568059  -0.032404  -0.532388   0.135644  -0.295010  -0.515695
  47.000000  -0.473279  -0.069319  -0.501829   0.141602  -0.278866  -0.564574
  47.166687  -0.376948  -0.101175  -0.480754   0.094018  -0.284678  -0.571353
  47.333313  -0.304094  -0.081714  -0.463789   0.080812  -0.271114  -0.575237
  47.500000  -0.210903  -0.059061  -0.364146   0.063279  -0.309214  -0.585316
  47.666687  -0.124834  -0.070219  -0.255368   0.048707  -0.330887  -0.554807
  47.833313  -0.063835  -0.099440  -0.208932   0.033907  -0.348475  -0.576750
  48.000000  -0.006108  -0.108407  -0.203294  -0.015243  -0.360071  -0.614965
  48.166687   0.007116  -0.098471  -0.195276   0.006804  -0.329168  -0.595460
  48.333313   0.031873  -0.079242  -0.177856   0.004082  -0.305905  -0.524345
  48.500000   0.040363  -0.059834  -0.154176   0.002015  -0.277717  -0.504650
  48.666687   0.033133  -0.063265  -0.118726  -0.002215  -0.245437  -0.498994
  48.833313   0.030069  -0.085531  -0.066401  -0.026118  -0.221793  -0.483576
  49.000000   0.027423  -0.066360  -0.011541  -0.032308  -0.221482  -0.455007
  49.166687   0.016112  -0.040788   0.012152  -0.023548  -0.231683  -0.438377
  49.333313   0.040363  -0.059834   0.057338   0.002015  -0.277717  -0.504650
  49.500000   0.033133  -0.063265   0.112198  -0.002215  -0.245437  -0.498994
  49.666687   0.030069  -0.085531   0.151285  -0.026118  -0.221793  -0.483576
  49.833313   0.027423  -0.066360   0.207386  -0.032308  -0.221482  -0.455007
  50.000000   0.016112  -0.040788   0.318644  -0.023548  -0.231683  -0.438377
  50.166687  -0.033052   0.053451   0.415461   0.048639  -0.151594  -0.214572
  50.333313  -0.029860   0.055516   0.459157   0.052327  -0.085230  -0.105648
  50.500000  -0.000562   0.046026   0.509162   0.042346   0.005539  -0.041452
  50.666687   0.108814   0.028425   0.556146   0.038834   0.068425  -0.042544
  50.833313   0.167319   0.058732   0.579071   0.025200   0.013668  -0.054120
  51.000000   0.170122   0.062257   0.556882   0.029306   0.001417  -0.078770
  51.166687   0.164917   0.046398   0.560968   0.037587  -0.040128  -0.099347
  51.333313   0.173688   0.035615   0.517274   0.034378  -0.063438  -0.075574
  51.500000   0.178273   0.047382   0.488837   0.010197  -0.059402  -0.051650
  51.666687   0.236435   0.048512   0.454629   0.032320  -0.064424  -0.058333
  51.833313   0.227726   0.054686   0.356569   0.053920  -0.030684  -0.012693
  52.000000   0.212057   0.029532   0.307278   0.081655  -0.005853   0.062133
  52.166687   0.195557   0.002679   0.222461   0.105023   0.045179   0.085983
  52.333313   0.162915  -0.010008   0.158287   0.110939   0.102062   0.071321
  52.500000   0.132022  -0.023672   0.111155   0.114396   0.137535   0.054338
  52.666687   0.091537  -0.084850   0.072792   0.096689   0.189457   0.082265
  52.833313   0.084863  -0.108675   0.061024   0.079399   0.235581   0.112193
  53.000000   0.072666  -0.138480   0.028225   0.052992   0.289485   0.188300
  53.166687   0.051225  -0.182085   0.022645   0.015849   0.340488   0.244416
  53.333313   0.104426  -0.223742   0.011301  -0.011806   0.379742   0.277752
  53.500000   0.099292  -0.228984  -0.007668  -0.044779   0.406809   0.309949
  53.666687   0.101229  -0.295508  -0.004192  -0.072299   0.486172   0.346318
  53.833313   0.097748  -0.323347   0.023146  -0.095539   0.545912   0.384362
  54.000000   0.099355  -0.348963   0.043345  -0.109257   0.575907   0.415578
  54.166687   0.129006  -0.391817   0.011301  -0.108071   0.611242   0.431647
  54.333313   0.174522  -0.389626  -0.007668  -0.120256   0.695272   0.438421
  54.500000   0.231333  -0.439401  -0.004192  -0.141150   0.765848   0.461434
  54.666687   0.293488  -0.469920   0.023146  -0.171788   0.795304   0.442967
  54.833313   0.342259  -0.507845   0.110625  -0.210253   0.828533   0.449469
  55.000000   0.368319  -0.539776   0.101643  -0.256614   0.861522   0.449814
  55.166687   0.393624  -0.529645   0.054771  -0.318466   0.889282   0.431822
  55.333313   0.357683  -0.529190  -0.030747  -0.372847   0.924951   0.405369
  55.500000   0.350857  -0.556133  -0.084316  -0.414194   0.905022   0.443907
  55.666687   0.327868  -0.532519  -0.116242  -0.447720   0.934418   0.428570
  55.833313   0.295502  -0.485317  -0.153377  -0.467221   0.931695   0.408700
  56.000000   0.311029  -0.451078  -0.165770  -0.457452   0.900806   0.397862
  56.166687   0.303802  -0.407853  -0.164533  -0.432546   0.908299   0.401697
  56.333313   0.245849  -0.367910  -0.243483  -0.427654   0.886081   0.424824
  56.500000   0.184855  -0.304960  -0.271843  -0.409163   0.879084   0.398489
  56.666687   0.158674  -0.237258  -0.299053  -0.376584   0.808091   0.341654
  56.833313   0.168486  -0.189139  -0.297062  -0.346585   0.697121   0.305324
  57.000000   0.095617  -0.182937  -0.296634  -0.352879   0.592773   0.303229
  57.166687   0.037849  -0.187334  -0.348044  -0.308983   0.510512   0.315582
  57.333313   0.011133  -0.188773  -0.335936  -0.271878   0.354383   0.330011
  57.500000   0.017865  -0.192823  -0.312767  -0.250550   0.185567   0.294973
  57.666687   0.021934  -0.187867  -0.245026  -0.222750   0.027250   0.266395
  57.833313  -0.052847  -0.173253  -0.195693  -0.137222  -0.109714   0.252626
  58.000000   0.017113  -0.221443  -0.200118  -0.080409  -0.229148   0.247740
  58.166687   0.013761  -0.177534  -0.166635  -0.018256  -0.400685   0.249656
  58.333313   0.022441  -0.142594  -0.097209   0.030653  -0.543344   0.232967
  58.500000   0.036060  -0.094232  -0.085098   0.064320  -0.643288   0.226839
  58.666687   0.020062  -0.025763  -0.061993   0.089796  -0.743907   0.204291
  58.833313   0.072162   0.025435  -0.027340   0.112461  -0.873611   0.151615
  59.000000   0.072936   0.039427  -0.046682   0.122731  -0.883797   0.079356
  59.166687   0.103393   0.071328  -0.073770   0.133532  -0.904893   0.060185
  59.333313   0.125288   0.103013  -0.034127   0.136342  -0.927454   0.027781
  59.500000   0.108866   0.149458  -0.036416   0.130188  -0.934860   0.022531
  59.666687   0.082501   0.231473  -0.054645   0.134367  -0.927154   0.017248
  59.833313   0.006143   0.289864  -0.044076   0.119852  -0.930912  -0.019662
  60.000000  -0.029181   0.338243  -0.073798   0.116652  -0.990729   0.003503
  60.166687  -0.003825   0.334467  -0.097046   0.101171  -1.082633  -0.044160
  60.333313   0.032952   0.319219  -0.117718   0.070043  -1.149477  -0.030687
  60.500000   0.004114   0.328300  -0.122775   0.035122  -1.186141  -0.041130
  60.666687   0.025123   0.350770  -0.109857  -0.001734  -1.216692  -0.108162
  60.833313   0.097043   0.293924  -0.092808  -0.051272  -1.231935  -0.128522
  61.000000   0.181442   0.287011  -0.072593  -0.094099  -1.219643  -0.217366
  61.166687   0.265296   0.302495  -0.050598  -0.138508  -1.188104  -0.267114
  61.333313   0.336501   0.313825  -0.038439  -0.183850  -1.156263  -0.304062
  61.500000   0.367190   0.305302  -0.046510  -0.185718  -1.129170  -0.350874
  61.666687   0.389702   0.303456  -0.073381  -0.178665  -1.076017  -0.420729
  61.833313   0.403810   0.290142  -0.059812  -0.193187  -0.984175  -0.490484
  62.000000   0.379112   0.284655  -0.065518  -0.203735  -0.874152  -0.578068
  62.166687   0.324264   0.276650  -0.055011  -0.200629  -0.779560  -0.646778
  62.333313   0.284553   0.265482  -0.062002  -0.195013  -0.709770  -0.736120
  62.500000   0.208783   0.305390  -0.088078  -0.203575  -0.649850  -0.843131
  62.666687   0.112274   0.266068  -0.053265  -0.207236  -0.562440  -0.828896
  62.833313   0.042424   0.269574  -0.037973  -0.212263  -0.461181  -0.869655
  63.000000  -0.032279   0.252015  -0.075513  -0.231464  -0.393858  -0.918929
  63.166687  -0.149846   0.214391  -0.076668  -0.265106  -0.323470  -0.975674
  63.333313  -0.249473   0.237116  -0.053525  -0.256173  -0.222081  -1.021206
  63.500000  -0.350828   0.217309  -0.079931  -0.271116  -0.178041  -1.023659
  63.666687  -0.404085   0.227455  -0.077484  -0.279305  -0.088332  -0.982655
  63.833313  -0.456783   0.228317  -0.022015  -0.269382  -0.017478  -0.949024
  64.000000  -0.538036   0.215536   0.042486  -0.239696   0.039071  -0.917911
  64.166687  -0.631079   0.205616   0.084832  -0.198650   0.094908  -0.893362
  64.333313  -0.733484   0.238592   0.100417  -0.139045   0.164717  -0.880194
  64.500000  -0.790933   0.202556   0.145805  -0.118716   0.228354  -0.877246
  64.666687  -0.834444   0.180955   0.180421  -0.117450   0.320107  -0.904999
  64.833313  -0.861693   0.165895   0.178528  -0.104014   0.387298  -0.883149
  65.000000  -0.855895   0.151827   0.195588  -0.053118   0.425057  -0.835961
  65.166687  -0.826518   0.155616   0.225476  -0.001397   0.454447  -0.773640
  65.333313  -0.774395   0.090800   0.202253   0.042634   0.509744  -0.678043
  65.500000  -0.706303   0.064669   0.227475   0.085352   0.517079  -0.593834
  65.666687  -0.612707   0.057013   0.222053   0.117567   0.558721  -0.537626
  65.833313  -0.503563   0.044152   0.196910   0.136263   0.585099  -0.472941
  66.000000  -0.431416   0.007599   0.153795   0.155844   0.569681  -0.396449
  66.166687  -0.345139  -0.032977   0.099112   0.146361   0.556427  -0.318241
  66.333313  -0.237524  -0.043530   0.069820   0.149500   0.579771  -0.231165
  66.500000  -0.147389  -0.089878   0.062827   0.157023   0.572104  -0.184151
  66.666687  -0.057881  -0.112032   0.030656   0.151901   0.582867  -0.111585
  66.833313   0.076667  -0.094004   0.023759   0.121165   0.586870  -0.059353
  67.000000   0.136655  -0.172671   0.060831   0.138410   0.533784  -0.035081
  67.166687   0.177934  -0.182362   0.097921   0.129400   0.554492   0.046975
  67.333313   0.237195  -0.196886   0.134974   0.119497   0.526752   0.033688
  67.500000   0.285913  -0.206966   0.148681   0.110451   0.469504   0.065599
  67.666687   0.289059  -0.216222   0.139116   0.101789   0.429568   0.084996
  67.833313   0.246489  -0.234260   0.126704   0.105676   0.426326   0.101034
  68.000000   0.217205  -0.180436   0.134846   0.089265   0.399810   0.153655
  68.166687   0.196477  -0.151173   0.137369   0.067373   0.401541   0.149145
  68.333313   0.174970  -0.151418   0.133215   0.048570   0.387168   0.152235
  68.500000   0.148788  -0.136391   0.134545   0.034590   0.362871   0.165722
  68.666687   0.117737  -0.081454   0.136398   0.019692   0.331958   0.168775
  68.833313   0.011274  -0.074142   0.136148  -0.011407   0.296538   0.147547
  69.000000  -0.063922  -0.051088   0.142913  -0.044740   0.312286   0.118525
  69.166687  -0.104789  -0.060844   0.161189  -0.051318   0.295625   0.070565
  69.333313  -0.134538  -0.077681   0.131188  -0.044440   0.303454   0.073117
  69.500000  -0.179526  -0.075753   0.106278  -0.049757   0.311740   0.080731
  69.666687  -0.231202  -0.041935   0.113314  -0.069862   0.284562   0.072374
  69.833313  -0.256927  -0.052567   0.149964  -0.075930   0.239635   0.058412
  70.000000  -0.271321  -0.069726   0.189144  -0.100866   0.205338   0.063599
  70.166687  -0.262814  -0.090869   0.215150  -0.109308   0.182975   0.053721
  70.333313  -0.248422  -0.092116   0.223524  -0.087332   0.154750   0.096799
  70.500000  -0.289145  -0.055242   0.226032  -0.065711   0.118302   0.151771
  70.666687  -0.335522  -0.029325   0.238622  -0.070221   0.092239   0.166000
  70.833313  -0.361489  -0.008711   0.274618  -0.052392   0.066400   0.185715
  71.000000  -0.365484   0.042087   0.304945  -0.030680   0.103422   0.202185
  71.166687  -0.366791   0.076886   0.321732  -0.012316   0.101539   0.214059
  71.333313  -0.384125   0.081824   0.315740   0.004970   0.083576   0.224049
  71.500000  -0.353150   0.114750   0.273919   0.038212   0.108691   0.240692
  71.666687  -0.278099   0.121635   0.184120   0.068751   0.104275   0.277464
  71.833313  -0.191611   0.130503   0.129368   0.089021   0.116753   0.303727
  72.000000  -0.094029   0.116238   0.105810   0.100484   0.100523   0.286661
  72.166687   0.021720   0.095135   0.055785   0.109244   0.095567   0.253451
  72.333313   0.165442   0.098389  -0.019909   0.126148   0.115912   0.219005
  72.500000   0.310254   0.069612  -0.092401   0.119677   0.106608   0.191740
  72.666687   0.425548   0.067809  -0.124607   0.099624   0.079797   0.182969
  72.833313   0.519137   0.053974  -0.158892   0.076977   0.054598   0.141686
  73.000000   0.616917   0.041007  -0.216183   0.066025   0.011340   0.153027
  73.166687   0.740692   0.032831  -0.323082   0.074685  -0.035031   0.151990
  73.333313   0.724638  -0.014566  -0.463373   0.024063  -0.060146   0.110694
  73.500000   0.736468  -0.015192  -0.557790   0.022614  -0.160913   0.114478
  73.666687   0.774053  -0.052490  -0.617011   0.005901  -0.222574   0.071219
  73.833313   0.782274  -0.115131  -0.705050  -0.029065  -0.269296   0.068413
  74.000000   0.729167  -0.183333  -0.761280  -0.067880  -0.296474   0.057041
  74.166687   0.701007  -0.232582  -0.791593  -0.101698  -0.294551   0.046075
  74.333313   0.669278  -0.204790  -0.833554  -0.101824  -0.257318   0.074629
  74.500000   0.657042  -0.207963  -0.843978  -0.148750  -0.252094   0.067737
  74.666687   0.633641  -0.209673  -0.817599  -0.218007  -0.220406   0.073761
  74.833313   0.604982  -0.192593  -0.804736  -0.272761  -0.232985   0.096394
  75.000000   0.615962  -0.157227  -0.792891  -0.279742  -0.284044   0.121971
  75.166687   0.523235  -0.145061  -0.759786  -0.309099  -0.291698   0.139809
  75.333313   0.471233  -0.093180  -0.692534  -0.322190  -0.234671   0.159308
  75.500000   0.431850  -0.056371  -0.607381  -0.324871  -0.251824   0.182777
  75.666687   0.412742  -0.030665  -0.562163  -0.324451  -0.291744   0.154299
  75.833313   0.418983  -0.004239  -0.502257  -0.325115  -0.328537   0.132520
  76.000000   0.373519   0.034516  -0.437900  -0.314109  -0.358129   0.124986
  76.166687   0.249983   0.025420  -0.427143  -0.346181  -0.422245   0.084876
  76.333313   0.141911   0.009410  -0.376122  -0.340470  -0.429455   0.023690
  76.500000   0.032240  -0.004511  -0.318972  -0.325346  -0.409873   0.015457
  76.666687  -0.094712  -0.026770  -0.253086  -0.311306  -0.395883   0.041234
  76.833313  -0.227146  -0.069748  -0.199920  -0.257599  -0.399765   0.048597
  77.000000  -0.383882  -0.110798  -0.171262  -0.200239  -0.404816   0.006136
  77.166687  -0.552604  -0.148068  -0.123929  -0.182880  -0.350218   0.006983
  77.333313  -0.701808  -0.155409  -0.077145  -0.155781  -0.300590   0.060122
  77.500000  -0.814713  -0.162038  -0.046170  -0.097930  -0.278529   0.026405
  77.666687  -0.887148  -0.173820  -0.015059  -0.017962  -0.272643  -0.013515
  77.833313  -0.924919  -0.141801   0.028738   0.009806  -0.261402  -0.016871
  78.000000  -0.924546  -0.127677   0.087850   0.063589  -0.268361  -0.028419
  78.166687  -0.914783  -0.133596   0.122791   0.090579  -0.223074  -0.081586
  78.333313  -0.881811  -0.123212   0.177782   0.102100  -0.190895  -0.054465
  78.500000  -0.822146  -0.115394   0.220641   0.115469  -0.188645  -0.033670
  78.666687  -0.774815  -0.147118   0.256386   0.128477  -0.211838  -0.055142
  78.833313  -0.634735  -0.098049   0.297157   0.163420  -0.234126  -0.114417
  79.000000  -0.538141  -0.075737   0.301296   0.152628  -0.169367  -0.150302
  79.166687  -0.428620  -0.050443   0.306345   0.129931  -0.147814  -0.205250
  79.333313  -0.270523  -0.045171   0.351008   0.111580  -0.137010  -0.255694
  79.500000  -0.064553  -0.059914   0.383113   0.091605  -0.133786  -0.311989
  79.666687   0.081161  -0.009136   0.387004   0.036956  -0.148467  -0.366518
  79.833313   0.203501  -0.075737   0.431785  -0.006201  -0.169367  -0.366965
