column 1: age (Myr)
column 2: luminosity (Lsun)
------------------------------ 
    0.81460E-02    0.51670E-03
    0.11220E-01    0.50170E-03
    0.14390E-01    0.48680E-03
    0.17670E-01    0.47160E-03
    0.21060E-01    0.45650E-03
    0.24560E-01    0.44160E-03
    0.28190E-01    0.42700E-03
    0.31940E-01    0.41270E-03
    0.35830E-01    0.39880E-03
    0.39860E-01    0.38530E-03
    0.44030E-01    0.37230E-03
    0.48360E-01    0.35970E-03
    0.52840E-01    0.34780E-03
    0.57470E-01    0.33630E-03
    0.62250E-01    0.32540E-03
    0.67190E-01    0.31530E-03
    0.72300E-01    0.30560E-03
    0.77560E-01    0.29660E-03
    0.82990E-01    0.28820E-03
    0.88580E-01    0.28020E-03
    0.94330E-01    0.27260E-03
    0.10020        0.26560E-03
    0.10630        0.25880E-03
    0.11250        0.25240E-03
    0.11890        0.24630E-03
    0.12540        0.24050E-03
    0.13210        0.23500E-03
    0.13900        0.22960E-03
    0.14600        0.22450E-03
    0.15310        0.21970E-03
    0.16040        0.21500E-03
    0.16790        0.21050E-03
    0.17560        0.20610E-03
    0.18340        0.20180E-03
    0.19130        0.19760E-03
    0.19950        0.19340E-03
    0.20780        0.18930E-03
    0.21630        0.18530E-03
    0.22490        0.18140E-03
    0.23380        0.17740E-03
    0.24290        0.17350E-03
    0.25210        0.16960E-03
    0.26160        0.16570E-03
    0.27130        0.16180E-03
    0.28130        0.15800E-03
    0.29140        0.15420E-03
    0.30190        0.15050E-03
    0.31260        0.14690E-03
    0.32350        0.14320E-03
    0.33470        0.13970E-03
    0.34620        0.13620E-03
    0.35800        0.13280E-03
    0.37010        0.12940E-03
    0.38250        0.12620E-03
    0.39520        0.12300E-03
    0.40820        0.11980E-03
    0.42160        0.11680E-03
    0.43530        0.11370E-03
    0.44930        0.11070E-03
    0.46380        0.10790E-03
    0.47860        0.10510E-03
    0.49370        0.10230E-03
    0.50930        0.99710E-04
    0.52530        0.97170E-04
    0.54160        0.94710E-04
    0.55840        0.92330E-04
    0.57560        0.90020E-04
    0.59320        0.87780E-04
    0.61120        0.85600E-04
    0.62970        0.83480E-04
    0.64860        0.81420E-04
    0.66800        0.79420E-04
    0.68790        0.77470E-04
    0.70820        0.75580E-04
    0.72900        0.73740E-04
    0.75030        0.71950E-04
    0.77210        0.70200E-04
    0.79440        0.68490E-04
    0.81720        0.66820E-04
    0.84060        0.65130E-04
    0.86450        0.63480E-04
    0.88910        0.61870E-04
    0.91420        0.60310E-04
    0.94000        0.58780E-04
    0.96640        0.57300E-04
    0.99350        0.55860E-04
     1.0210        0.54460E-04
     1.0500        0.53100E-04
     1.0790        0.51780E-04
     1.1080        0.50500E-04
     1.1390        0.49260E-04
     1.1700        0.48070E-04
     1.2020        0.46920E-04
     1.2340        0.45810E-04
     1.2680        0.44760E-04
     1.3020        0.43750E-04
     1.3360        0.42780E-04
     1.3720        0.41830E-04
     1.4080        0.40910E-04
     1.4450        0.40030E-04
     1.4830        0.39160E-04
     1.5210        0.38310E-04
     1.5610        0.37470E-04
     1.6000        0.36670E-04
     1.6410        0.35880E-04
     1.6830        0.35110E-04
     1.7250        0.34350E-04
     1.7690        0.33620E-04
     1.8130        0.32900E-04
     1.8580        0.32190E-04
     1.9040        0.31500E-04
     1.9510        0.30790E-04
     1.9990        0.30110E-04
     2.0480        0.29440E-04
     2.0980        0.28780E-04
     2.1480        0.28140E-04
     2.2000        0.27530E-04
     2.2530        0.26910E-04
     2.3070        0.26330E-04
     2.3620        0.25730E-04
     2.4190        0.25140E-04
     2.4760        0.24570E-04
     2.5350        0.24000E-04
     2.5950        0.23440E-04
     2.6560        0.22870E-04
     2.7190        0.22320E-04
     2.7830        0.21770E-04
     2.8490        0.21240E-04
     2.9160        0.20720E-04
     2.9840        0.20200E-04
     3.0000        0.20090E-04
     3.0420        0.19780E-04
     3.1130        0.19280E-04
     3.1870        0.18780E-04
     3.2610        0.18280E-04
     3.3380        0.17810E-04
     3.4170        0.17330E-04
     3.4970        0.16870E-04
     3.5800        0.16420E-04
     3.6650        0.15980E-04
     3.7510        0.15540E-04
     3.8400        0.15120E-04
     3.9310        0.14700E-04
     4.0250        0.14300E-04
     4.1210        0.13900E-04
     4.2190        0.13510E-04
     4.3200        0.13130E-04
     4.4230        0.12770E-04
     4.5290        0.12410E-04
     4.6380        0.12060E-04
     4.7500        0.11720E-04
     4.8650        0.11380E-04
     4.9820        0.11050E-04
     5.1030        0.10750E-04
     5.2270        0.10440E-04
     5.3530        0.10140E-04
     5.4840        0.98470E-05
     5.6180        0.95450E-05
     5.7560        0.92530E-05
     5.8980        0.89680E-05
     6.0440        0.86910E-05
     6.1940        0.84210E-05
     6.3480        0.81590E-05
     6.5070        0.79040E-05
     6.6700        0.76560E-05
     6.8380        0.74150E-05
     7.0110        0.71800E-05
     7.1890        0.69510E-05
     7.3730        0.67300E-05
     7.5610        0.65170E-05
     7.7550        0.63090E-05
     7.9550        0.61070E-05
     8.1600        0.59120E-05
     8.3720        0.57220E-05
     8.5900        0.55370E-05
     8.8140        0.53580E-05
     9.0460        0.51840E-05
     9.2840        0.50160E-05
     9.5290        0.48530E-05
     9.7810        0.46960E-05
     10.040        0.45430E-05
     10.310        0.43950E-05
     10.580        0.42520E-05
     10.870        0.41130E-05
     11.160        0.39790E-05
     11.460        0.38480E-05
     11.770        0.37210E-05
     12.090        0.35990E-05
     12.410        0.34800E-05
     12.750        0.33640E-05
     13.100        0.32520E-05
     13.460        0.31440E-05
     13.830        0.30390E-05
     14.210        0.29370E-05
     14.600        0.28370E-05
     15.000        0.27410E-05
     15.420        0.26470E-05
     15.850        0.25550E-05
     16.290        0.24670E-05
     16.750        0.23810E-05
     17.220        0.22980E-05
     17.710        0.22180E-05
     18.210        0.21410E-05
     18.730        0.20660E-05
     19.260        0.19950E-05
     19.810        0.19250E-05
     20.380        0.18580E-05
     20.960        0.17940E-05
     21.570        0.17320E-05
     22.190        0.16720E-05
     22.830        0.16150E-05
     23.490        0.15590E-05
     24.170        0.15060E-05
     24.880        0.14540E-05
     25.600        0.14040E-05
     26.350        0.13550E-05
     27.120        0.13080E-05
     27.910        0.12620E-05
     28.730        0.12170E-05
     29.570        0.11740E-05
     30.450        0.11330E-05
     31.340        0.10920E-05
     32.270        0.10530E-05
     33.230        0.10160E-05
     34.210        0.97920E-06
     35.230        0.94410E-06
     36.280        0.91010E-06
     37.370        0.87730E-06
     38.490        0.84560E-06
     39.650        0.81510E-06
     40.840        0.78560E-06
     42.070        0.75720E-06
     43.340        0.72980E-06
     44.660        0.70340E-06
     46.010        0.67790E-06
     47.420        0.65320E-06
     48.920        0.62880E-06
     50.000        0.61220E-06
     50.310        0.60750E-06
     51.910        0.58480E-06
     53.550        0.56310E-06
     55.250        0.54210E-06
     57.010        0.52200E-06
     58.820        0.50270E-06
     60.690        0.48420E-06
     62.630        0.46630E-06
     64.620        0.44920E-06
     66.690        0.43270E-06
     68.810        0.41680E-06
     70.000        0.40840E-06
     70.850        0.40250E-06
     73.040        0.38830E-06
     75.300        0.37460E-06
     77.620        0.36140E-06
     80.020        0.34860E-06
     82.500        0.33630E-06
     85.050        0.32440E-06
     87.690        0.31290E-06
     90.400        0.30170E-06
     93.210        0.29100E-06
     96.100        0.28070E-06
     99.090        0.27080E-06
     100.00        0.26790E-06
     101.90        0.26210E-06
     105.00        0.25280E-06
     108.30        0.24390E-06
     111.70        0.23530E-06
     115.20        0.22700E-06
     118.70        0.21900E-06
     122.50        0.21130E-06
     126.30        0.20390E-06
     130.20        0.19670E-06
     134.30        0.18990E-06
     138.50        0.18330E-06
     142.80        0.17700E-06
     147.30        0.17100E-06
     150.00        0.16750E-06
     151.90        0.16520E-06
     156.60        0.15960E-06
     161.50        0.15410E-06
     166.50        0.14890E-06
     171.70        0.14390E-06
     177.00        0.13910E-06
     182.60        0.13440E-06
     188.20        0.12990E-06
     194.10        0.12550E-06
     200.00        0.12140E-06
     200.00        0.12140E-06
     206.20        0.11730E-06
     212.60        0.11340E-06
     219.20        0.10960E-06
     226.00        0.10600E-06
     233.00        0.10240E-06
     240.20        0.98990E-07
     247.60        0.95670E-07
     250.00        0.94660E-07
     254.60        0.92740E-07
     262.50        0.89630E-07
     270.60        0.86620E-07
     279.00        0.83720E-07
     287.50        0.80920E-07
     296.40        0.78210E-07
     300.00        0.77150E-07
     305.50        0.75590E-07
     314.90        0.73060E-07
     324.50        0.70620E-07
     334.40        0.68270E-07
     344.70        0.65990E-07
     350.00        0.64850E-07
     354.20        0.63980E-07
     365.00        0.61840E-07
     376.10        0.59780E-07
     387.60        0.57790E-07
     399.30        0.55870E-07
     400.00        0.55770E-07
     409.70        0.54280E-07
     422.10        0.52470E-07
     434.90        0.50730E-07
     448.00        0.49040E-07
     450.00        0.48800E-07
     460.90        0.47500E-07
     474.80        0.45920E-07
     489.10        0.44390E-07
     500.00        0.43290E-07
     503.00        0.43000E-07
     518.20        0.41570E-07
     533.80        0.40190E-07
     549.90        0.38860E-07
     550.00        0.38850E-07
     563.20        0.37820E-07
     580.10        0.36570E-07
     597.60        0.35370E-07
     600.00        0.35210E-07
     614.40        0.34280E-07
     632.80        0.33160E-07
     650.00        0.32180E-07
     650.00        0.32180E-07
     669.40        0.31130E-07
     689.40        0.30130E-07
     700.00        0.29620E-07
     708.30        0.29230E-07
     729.30        0.28290E-07
     750.00        0.27420E-07
     750.00        0.27420E-07
     772.20        0.26540E-07
     795.10        0.25700E-07
     800.00        0.25520E-07
     814.10        0.25030E-07
     838.10        0.24240E-07
     850.00        0.23860E-07
     859.90        0.23560E-07
     885.20        0.22810E-07
     900.00        0.22400E-07
     910.50        0.22120E-07
     937.10        0.21420E-07
     950.00        0.21100E-07
     961.00        0.20840E-07
     989.00        0.20190E-07
     1000.0        0.19940E-07
     1017.0        0.19570E-07
     1047.0        0.18960E-07
     1077.0        0.18380E-07
     1108.0        0.17810E-07
     1140.0        0.17260E-07
     1173.0        0.16730E-07
     1207.0        0.16230E-07
     1241.0        0.15730E-07
     1277.0        0.15260E-07
     1313.0        0.14800E-07
     1350.0        0.14360E-07
     1388.0        0.13930E-07
     1428.0        0.13520E-07
     1468.0        0.13120E-07
     1500.0        0.12820E-07
     1508.0        0.12750E-07
     1550.0        0.12380E-07
     1594.0        0.12020E-07
     1638.0        0.11670E-07
     1683.0        0.11340E-07
     1730.0        0.11020E-07
     1777.0        0.10710E-07
     1826.0        0.10410E-07
     1875.0        0.10130E-07
     1926.0        0.98520E-08
     1978.0        0.95850E-08
     2000.0        0.94770E-08
     2021.0        0.93730E-08
     2075.0        0.91230E-08
     2131.0        0.88810E-08
     2187.0        0.86450E-08
     2245.0        0.84190E-08
     2304.0        0.81980E-08
     2364.0        0.79840E-08
     2426.0        0.77770E-08
     2489.0        0.75770E-08
     2500.0        0.75420E-08
     2551.0        0.73870E-08
     2617.0        0.71980E-08
     2684.0        0.70160E-08
     2752.0        0.68380E-08
     2821.0        0.66660E-08
     2892.0        0.64990E-08
     2965.0        0.63370E-08
     3000.0        0.62610E-08
     3030.0        0.61980E-08
     3105.0        0.60440E-08
     3181.0        0.58950E-08
     3260.0        0.57500E-08
     3339.0        0.56090E-08
     3421.0        0.54720E-08
     3500.0        0.53450E-08
     3500.0        0.53450E-08
     3585.0        0.52150E-08
     3671.0        0.50880E-08
     3759.0        0.49650E-08
     3848.0        0.48450E-08
     3940.0        0.47280E-08
     4000.0        0.46540E-08
     4019.0        0.46310E-08
     4113.0        0.45200E-08
     4209.0        0.44110E-08
     4308.0        0.43050E-08
     4408.0        0.42030E-08
     4500.0        0.41120E-08
     4500.0        0.41120E-08
     4604.0        0.40140E-08
     4709.0        0.39190E-08
     4817.0        0.38260E-08
     4926.0        0.37350E-08
     5000.0        0.36770E-08
     5022.0        0.36590E-08
     5136.0        0.35730E-08
     5252.0        0.34890E-08
     5370.0        0.34070E-08
     5490.0        0.33270E-08
     5500.0        0.33200E-08
     5598.0        0.32580E-08
     5722.0        0.31810E-08
     5849.0        0.31060E-08
     5978.0        0.30340E-08
     6000.0        0.30220E-08
     6105.0        0.29650E-08
     6239.0        0.28960E-08
     6375.0        0.28280E-08
     6500.0        0.27680E-08
     6500.0        0.27680E-08
     6641.0        0.27040E-08
     6784.0        0.26410E-08
     6931.0        0.25800E-08
     7000.0        0.25510E-08
     7060.0        0.25280E-08
     7211.0        0.24690E-08
     7365.0        0.24120E-08
     7500.0        0.23630E-08
     7500.0        0.23630E-08
     7659.0        0.23090E-08
     7821.0        0.22550E-08
     7984.0        0.22570E-08
     8000.0        0.22580E-08
     8131.0        0.22160E-08
     8297.0        0.21650E-08
     8467.0        0.21150E-08
     8500.0        0.21060E-08
     8638.0        0.20670E-08
     8814.0        0.20200E-08
     8993.0        0.19710E-08
     9000.0        0.19700E-08
     9146.0        0.19330E-08
     9331.0        0.18890E-08
     9500.0        0.18500E-08
     9500.0        0.18500E-08
     9692.0        0.18070E-08
     9887.0        0.17660E-08
     10000.        0.17430E-08
