column 1: age (Myr)
column 2: luminosity (Lsun)
------------------------------
    0.91790E-02    0.22700E-01
    0.10010E-01    0.22290E-01
    0.10870E-01    0.21890E-01
    0.11750E-01    0.21490E-01
    0.12660E-01    0.21110E-01
    0.13590E-01    0.20730E-01
    0.14540E-01    0.20360E-01
    0.15520E-01    0.19990E-01
    0.16530E-01    0.19640E-01
    0.17570E-01    0.19290E-01
    0.18640E-01    0.18940E-01
    0.19740E-01    0.18600E-01
    0.20870E-01    0.18270E-01
    0.22040E-01    0.17940E-01
    0.23240E-01    0.17620E-01
    0.24470E-01    0.17300E-01
    0.25750E-01    0.16990E-01
    0.27050E-01    0.16680E-01
    0.28380E-01    0.16390E-01
    0.29750E-01    0.16090E-01
    0.31150E-01    0.15810E-01
    0.32580E-01    0.15530E-01
    0.34050E-01    0.15250E-01
    0.35560E-01    0.14980E-01
    0.37100E-01    0.14720E-01
    0.38690E-01    0.14460E-01
    0.40310E-01    0.14200E-01
    0.41980E-01    0.13950E-01
    0.43680E-01    0.13710E-01
    0.45440E-01    0.13460E-01
    0.47240E-01    0.13220E-01
    0.49090E-01    0.12990E-01
    0.50990E-01    0.12760E-01
    0.52950E-01    0.12530E-01
    0.54960E-01    0.12310E-01
    0.57030E-01    0.12090E-01
    0.59150E-01    0.11880E-01
    0.61340E-01    0.11670E-01
    0.63580E-01    0.11460E-01
    0.65890E-01    0.11250E-01
    0.68260E-01    0.11050E-01
    0.70690E-01    0.10850E-01
    0.73200E-01    0.10660E-01
    0.75780E-01    0.10470E-01
    0.78430E-01    0.10280E-01
    0.81150E-01    0.10090E-01
    0.83960E-01    0.99110E-02
    0.86840E-01    0.97320E-02
    0.89800E-01    0.95570E-02
    0.92850E-01    0.93890E-02
    0.95970E-01    0.92230E-02
    0.99180E-01    0.90590E-02
    0.10250        0.88990E-02
    0.10590        0.87410E-02
    0.10930        0.85860E-02
    0.11290        0.84340E-02
    0.11660        0.82840E-02
    0.12040        0.81370E-02
    0.12420        0.79920E-02
    0.12820        0.78490E-02
    0.13230        0.77090E-02
    0.13650        0.75750E-02
    0.14080        0.74420E-02
    0.14520        0.73120E-02
    0.14980        0.71840E-02
    0.15440        0.70580E-02
    0.15920        0.69340E-02
    0.16410        0.68120E-02
    0.16910        0.66910E-02
    0.17430        0.65730E-02
    0.17960        0.64560E-02
    0.18500        0.63410E-02
    0.19060        0.62270E-02
    0.19640        0.61160E-02
    0.20220        0.60060E-02
    0.20830        0.58980E-02
    0.21450        0.57920E-02
    0.22080        0.56880E-02
    0.22740        0.55850E-02
    0.23410        0.54830E-02
    0.24100        0.53840E-02
    0.24810        0.52870E-02
    0.25530        0.51920E-02
    0.26280        0.50990E-02
    0.27040        0.50070E-02
    0.27830        0.49170E-02
    0.28630        0.48280E-02
    0.29460        0.47400E-02
    0.30310        0.46530E-02
    0.31180        0.45690E-02
    0.32070        0.44860E-02
    0.32980        0.44040E-02
    0.33920        0.43230E-02
    0.34890        0.42440E-02
    0.35870        0.41650E-02
    0.36890        0.40880E-02
    0.37930        0.40120E-02
    0.39000        0.39360E-02
    0.40090        0.38620E-02
    0.41220        0.37880E-02
    0.42370        0.37150E-02
    0.43560        0.36430E-02
    0.44790        0.35710E-02
    0.46050        0.35010E-02
    0.47350        0.34320E-02
    0.48690        0.33640E-02
    0.50060        0.32960E-02
    0.51480        0.32300E-02
    0.52940        0.31640E-02
    0.54440        0.30990E-02
    0.55990        0.30360E-02
    0.57590        0.29740E-02
    0.59230        0.29140E-02
    0.60920        0.28540E-02
    0.62660        0.27950E-02
    0.64460        0.27370E-02
    0.66300        0.26800E-02
    0.68200        0.26240E-02
    0.70160        0.25690E-02
    0.72160        0.25150E-02
    0.74210        0.24630E-02
    0.76300        0.24110E-02
    0.78440        0.23610E-02
    0.80640        0.23110E-02
    0.82880        0.22630E-02
    0.85170        0.22160E-02
    0.87520        0.21690E-02
    0.89920        0.21230E-02
    0.92380        0.20790E-02
    0.94890        0.20350E-02
    0.97460        0.19920E-02
     1.0010        0.19500E-02
     1.0280        0.19090E-02
     1.0550        0.18680E-02
     1.0830        0.18270E-02
     1.1120        0.17880E-02
     1.1410        0.17490E-02
     1.1710        0.17120E-02
     1.2020        0.16740E-02
     1.2330        0.16380E-02
     1.2650        0.16020E-02
     1.2980        0.15660E-02
     1.3310        0.15310E-02
     1.3640        0.14970E-02
     1.3970        0.14650E-02
     1.4290        0.14340E-02
     1.4620        0.14040E-02
     1.4950        0.13740E-02
     1.5290        0.13460E-02
     1.5620        0.13190E-02
     1.5950        0.12920E-02
     1.6290        0.12670E-02
     1.6630        0.12420E-02
     1.6960        0.12180E-02
     1.7300        0.11950E-02
     1.7650        0.11730E-02
     1.7990        0.11510E-02
     1.8340        0.11300E-02
     1.8690        0.11090E-02
     1.9040        0.10890E-02
     1.9400        0.10690E-02
     1.9760        0.10500E-02
     2.0120        0.10310E-02
     2.0480        0.10130E-02
     2.0850        0.99480E-03
     2.1220        0.97730E-03
     2.1590        0.96020E-03
     2.1970        0.94350E-03
     2.2360        0.92710E-03
     2.2750        0.91120E-03
     2.3140        0.89570E-03
     2.3540        0.88060E-03
     2.3940        0.86590E-03
     2.4340        0.85160E-03
     2.4750        0.83770E-03
     2.5170        0.82410E-03
     2.5590        0.81090E-03
     2.6010        0.79810E-03
     2.6440        0.78560E-03
     2.6880        0.77350E-03
     2.7320        0.76170E-03
     2.7760        0.75030E-03
     2.8210        0.73920E-03
     2.8670        0.72840E-03
     2.9130        0.71790E-03
     2.9600        0.70770E-03
     3.0000        0.69910E-03
     3.0000        0.69910E-03
     3.0480        0.68920E-03
     3.0960        0.67960E-03
     3.1450        0.67000E-03
     3.1940        0.66050E-03
     3.2440        0.65120E-03
     3.2940        0.64210E-03
     3.3450        0.63300E-03
     3.3970        0.62400E-03
     3.4490        0.61510E-03
     3.5020        0.60620E-03
     3.5560        0.59740E-03
     3.6100        0.58850E-03
     3.6650        0.57970E-03
     3.7210        0.57080E-03
     3.7770        0.56190E-03
     3.8340        0.55290E-03
     3.8920        0.54400E-03
     3.9510        0.53510E-03
     4.0110        0.52630E-03
     4.0710        0.51740E-03
     4.1330        0.50850E-03
     4.1960        0.49960E-03
     4.2590        0.49080E-03
     4.3240        0.48190E-03
     4.3900        0.47300E-03
     4.4560        0.46400E-03
     4.5240        0.45490E-03
     4.5940        0.44570E-03
     4.6640        0.43650E-03
     4.7360        0.42720E-03
     4.8090        0.41780E-03
     4.8840        0.40820E-03
     4.9610        0.39810E-03
     5.0390        0.38780E-03
     5.1200        0.37730E-03
     5.2020        0.36670E-03
     5.2870        0.35600E-03
     5.3740        0.34530E-03
     5.4640        0.33470E-03
     5.5570        0.32410E-03
     5.6520        0.31370E-03
     5.7500        0.30340E-03
     5.8520        0.29340E-03
     5.9570        0.28360E-03
     6.0650        0.27410E-03
     6.1770        0.26460E-03
     6.2930        0.25540E-03
     6.4130        0.24650E-03
     6.5360        0.23810E-03
     6.6640        0.23000E-03
     6.7960        0.22220E-03
     6.9320        0.21480E-03
     7.0730        0.20760E-03
     7.2180        0.20080E-03
     7.3670        0.19420E-03
     7.5210        0.18790E-03
     7.6800        0.18190E-03
     7.8430        0.17610E-03
     8.0120        0.17060E-03
     8.1850        0.16540E-03
     8.3640        0.16050E-03
     8.5470        0.15580E-03
     8.7360        0.15140E-03
     8.9290        0.14730E-03
     9.1270        0.14340E-03
     9.3300        0.13970E-03
     9.5370        0.13620E-03
     9.7500        0.13280E-03
     9.9670        0.12950E-03
     10.190        0.12620E-03
     10.420        0.12310E-03
     10.650        0.12000E-03
     10.890        0.11700E-03
     11.130        0.11400E-03
     11.380        0.11100E-03
     11.640        0.10810E-03
     11.900        0.10520E-03
     12.170        0.10240E-03
     12.440        0.99610E-04
     12.720        0.96920E-04
     13.010        0.94290E-04
     13.310        0.91720E-04
     13.610        0.89210E-04
     13.920        0.86740E-04
     14.240        0.84330E-04
     14.570        0.81960E-04
     14.900        0.79640E-04
     15.250        0.77340E-04
     15.600        0.75120E-04
     15.970        0.72970E-04
     16.340        0.70910E-04
     16.720        0.68950E-04
     17.110        0.67060E-04
     17.510        0.65250E-04
     17.930        0.63500E-04
     18.350        0.61800E-04
     18.780        0.60150E-04
     19.220        0.58540E-04
     19.670        0.56970E-04
     20.140        0.55440E-04
     20.610        0.53960E-04
     21.100        0.52510E-04
     21.590        0.51110E-04
     22.100        0.49740E-04
     22.630        0.48400E-04
     23.160        0.47100E-04
     23.710        0.45840E-04
     24.270        0.44600E-04
     24.850        0.43390E-04
     25.430        0.42200E-04
     26.040        0.41050E-04
     26.650        0.39930E-04
     27.290        0.38840E-04
     27.940        0.37780E-04
     28.600        0.36740E-04
     29.280        0.35730E-04
     29.980        0.34750E-04
     30.700        0.33790E-04
     31.430        0.32850E-04
     32.180        0.31940E-04
     32.950        0.31050E-04
     33.740        0.30190E-04
     34.550        0.29350E-04
     35.380        0.28540E-04
     36.230        0.27750E-04
     37.100        0.26980E-04
     37.990        0.26230E-04
     38.900        0.25500E-04
     39.840        0.24790E-04
     40.800        0.24100E-04
     41.780        0.23420E-04
     42.790        0.22760E-04
     43.820        0.22120E-04
     44.880        0.21500E-04
     45.960        0.20890E-04
     47.080        0.20290E-04
     48.220        0.19700E-04
     49.390        0.19140E-04
     50.000        0.18850E-04
     50.480        0.18630E-04
     51.710        0.18090E-04
     52.970        0.17570E-04
     54.270        0.17060E-04
     55.600        0.16560E-04
     56.960        0.16070E-04
     58.360        0.15600E-04
     59.790        0.15140E-04
     61.260        0.14690E-04
     62.770        0.14250E-04
     64.320        0.13820E-04
     65.920        0.13400E-04
     67.550        0.12990E-04
     69.230        0.12590E-04
     70.000        0.12410E-04
     70.690        0.12250E-04
     72.460        0.11860E-04
     74.290        0.11470E-04
     76.170        0.11100E-04
     78.100        0.10730E-04
     80.090        0.10370E-04
     82.140        0.10030E-04
     84.260        0.96880E-05
     86.430        0.93600E-05
     88.670        0.90400E-05
     90.990        0.87300E-05
     93.370        0.84290E-05
     95.830        0.81370E-05
     98.360        0.78530E-05
     100.00        0.76790E-05
     100.50        0.76250E-05
     103.20        0.73570E-05
     106.00        0.70970E-05
     108.80        0.68460E-05
     111.80        0.66020E-05
     114.90        0.63660E-05
     118.00        0.61370E-05
     121.30        0.59160E-05
     124.60        0.57020E-05
     128.10        0.54940E-05
     131.70        0.52930E-05
     135.40        0.50990E-05
     139.20        0.49110E-05
     143.20        0.47300E-05
     147.30        0.45540E-05
     150.00        0.44440E-05
     150.80        0.44110E-05
     155.20        0.42460E-05
     159.70        0.40870E-05
     164.40        0.39340E-05
     169.20        0.37860E-05
     174.20        0.36430E-05
     179.30        0.35050E-05
     184.70        0.33720E-05
     190.20        0.32450E-05
     195.90        0.31210E-05
     200.00        0.30380E-05
     201.20        0.30140E-05
     207.30        0.29000E-05
     213.60        0.27890E-05
     220.10        0.26830E-05
     226.80        0.25800E-05
     233.80        0.24820E-05
     241.00        0.23870E-05
     248.50        0.22950E-05
     250.00        0.22780E-05
     256.20        0.22080E-05
     264.20        0.21240E-05
     272.50        0.20420E-05
     281.00        0.19640E-05
     289.90        0.18890E-05
     299.10        0.18170E-05
     300.00        0.18100E-05
     307.60        0.17550E-05
     317.40        0.16880E-05
     327.50        0.16230E-05
     337.90        0.15610E-05
     348.80        0.15000E-05
     350.00        0.14940E-05
     359.00        0.14470E-05
     370.50        0.13910E-05
     382.50        0.13360E-05
     394.90        0.12840E-05
     400.00        0.12630E-05
     405.10        0.12420E-05
     418.40        0.11930E-05
     432.00        0.11450E-05
     446.20        0.10990E-05
     450.00        0.10870E-05
     458.80        0.10610E-05
     474.00        0.10170E-05
     489.80        0.97550E-06
     500.00        0.94980E-06
     503.30        0.94190E-06
     520.10        0.90280E-06
     537.60        0.86520E-06
     550.00        0.84010E-06
     553.70        0.83300E-06
     572.40        0.79800E-06
     591.90        0.76450E-06
     600.00        0.75130E-06
     608.10        0.73840E-06
     629.00        0.70710E-06
     650.00        0.67800E-06
     650.00        0.67800E-06
     672.50        0.64920E-06
     695.90        0.62160E-06
     700.00        0.61700E-06
     719.50        0.59590E-06
     744.70        0.57060E-06
     750.00        0.56560E-06
     765.70        0.55110E-06
     792.60        0.52780E-06
     800.00        0.52180E-06
     816.80        0.50860E-06
     845.70        0.48730E-06
     850.00        0.48430E-06
     874.00        0.46810E-06
     900.00        0.45170E-06
     900.00        0.45170E-06
     932.00        0.43290E-06
     950.00        0.42310E-06
     963.40        0.41600E-06
     997.90        0.39870E-06
     1000.0        0.39770E-06
     1029.0        0.38450E-06
     1065.0        0.36860E-06
     1104.0        0.35340E-06
     1143.0        0.33880E-06
     1184.0        0.32490E-06
     1227.0        0.31150E-06
     1271.0        0.29870E-06
     1317.0        0.28640E-06
     1364.0        0.27460E-06
     1414.0        0.26330E-06
     1465.0        0.25240E-06
     1500.0        0.24540E-06
     1511.0        0.24340E-06
     1565.0        0.23340E-06
     1622.0        0.22370E-06
     1681.0        0.21450E-06
     1742.0        0.20560E-06
     1805.0        0.19710E-06
     1870.0        0.18900E-06
     1938.0        0.18110E-06
     2000.0        0.17450E-06
     2000.0        0.17450E-06
     2073.0        0.16720E-06
     2148.0        0.16030E-06
     2226.0        0.15360E-06
     2308.0        0.14720E-06
     2392.0        0.14100E-06
     2479.0        0.13520E-06
     2500.0        0.13380E-06
     2554.0        0.13040E-06
     2648.0        0.12500E-06
     2744.0        0.11980E-06
     2844.0        0.11480E-06
     2948.0        0.11000E-06
     3000.0        0.10770E-06
     3043.0        0.10590E-06
     3155.0        0.10150E-06
     3270.0        0.97200E-07
     3390.0        0.93130E-07
     3500.0        0.89670E-07
     3500.0        0.89670E-07
     3628.0        0.85920E-07
     3761.0        0.82330E-07
     3899.0        0.78890E-07
     4000.0        0.76530E-07
     4029.0        0.75880E-07
     4176.0        0.72710E-07
     4330.0        0.69670E-07
     4488.0        0.66760E-07
     4500.0        0.66560E-07
     4631.0        0.64320E-07
     4801.0        0.61620E-07
     4977.0        0.59050E-07
     5000.0        0.58740E-07
     5146.0        0.56770E-07
     5335.0        0.54410E-07
     5500.0        0.52490E-07
     5500.0        0.52490E-07
     5702.0        0.50310E-07
     5911.0        0.48230E-07
     6000.0        0.47390E-07
     6087.0        0.46600E-07
     6310.0        0.44680E-07
     6500.0        0.43150E-07
     6500.0        0.43150E-07
     6737.0        0.41370E-07
     6983.0        0.39690E-07
     7000.0        0.39580E-07
     7203.0        0.38280E-07
     7469.0        0.36700E-07
     7500.0        0.36520E-07
     7722.0        0.35310E-07
     8000.0        0.33900E-07
     8000.0        0.33900E-07
     8297.0        0.32510E-07
     8500.0        0.31620E-07
     8562.0        0.31360E-07
     8879.0        0.30080E-07
     9000.0        0.29620E-07
     9198.0        0.28900E-07
     9500.0        0.27860E-07
     9500.0        0.27860E-07
     9850.0        0.26740E-07
     10000.        0.26290E-07
