column 1: age (Myr)
column 2: luminosity (Lsun)
--------------------------
    0.95500E-02    0.45490    
    0.10570E-01    0.44280    
    0.11630E-01    0.43090    
    0.12730E-01    0.41920    
    0.13870E-01    0.40780    
    0.15050E-01    0.39650    
    0.16280E-01    0.38550    
    0.17570E-01    0.37180    
    0.18910E-01    0.35800    
    0.20320E-01    0.34450    
    0.21800E-01    0.33160    
    0.23360E-01    0.31910    
    0.24990E-01    0.30700    
    0.26710E-01    0.29540    
    0.28510E-01    0.28420    
    0.30400E-01    0.27340    
    0.32380E-01    0.26300    
    0.34460E-01    0.25300    
    0.36650E-01    0.24320    
    0.38950E-01    0.23370    
    0.41360E-01    0.22470    
    0.43890E-01    0.21600    
    0.46550E-01    0.20770    
    0.49340E-01    0.19970    
    0.52270E-01    0.19210    
    0.55350E-01    0.18470    
    0.58590E-01    0.17750    
    0.61990E-01    0.17060    
    0.65560E-01    0.16400    
    0.69310E-01    0.15770    
    0.73240E-01    0.15160    
    0.77380E-01    0.14580    
    0.81730E-01    0.14030    
    0.86300E-01    0.13490    
    0.91100E-01    0.12980    
    0.96140E-01    0.12480    
    0.10140        0.12010    
    0.10700        0.11580    
    0.11280        0.11170    
    0.11890        0.10780    
    0.12530        0.10410    
    0.13200        0.10040    
    0.13910        0.96910E-01
    0.14650        0.93580E-01
    0.15430        0.90400E-01
    0.16250        0.87350E-01
    0.17110        0.84440E-01
    0.18020        0.81660E-01
    0.18970        0.78940E-01
    0.19980        0.76360E-01
    0.21040        0.73900E-01
    0.22170        0.71560E-01
    0.23370        0.69430E-01
    0.24640        0.67430E-01
    0.26000        0.65530E-01
    0.27460        0.63680E-01
    0.29040        0.61860E-01
    0.30760        0.60130E-01
    0.32660        0.58510E-01
    0.34780        0.56950E-01
    0.37200        0.55460E-01
    0.40010        0.54040E-01
    0.43400        0.52680E-01
    0.47710        0.51380E-01
    0.52440        0.50330E-01
    0.56770        0.49610E-01
    0.60860        0.49100E-01
    0.64770        0.48710E-01
    0.68540        0.48410E-01
    0.72210        0.48170E-01
    0.75800        0.47960E-01
    0.79310        0.47780E-01
    0.82770        0.47620E-01
    0.86160        0.47470E-01
    0.89510        0.47330E-01
    0.92810        0.47200E-01
    0.96060        0.47070E-01
    0.99270        0.46950E-01
     1.0240        0.46830E-01
     1.0560        0.46720E-01
     1.0870        0.46600E-01
     1.1170        0.46490E-01
     1.1470        0.46380E-01
     1.1770        0.46280E-01
     1.2070        0.46170E-01
     1.2360        0.46060E-01
     1.2640        0.45950E-01
     1.2930        0.45850E-01
     1.3210        0.45740E-01
     1.3490        0.45640E-01
     1.3760        0.45540E-01
     1.4030        0.45430E-01
     1.4300        0.45330E-01
     1.4570        0.45230E-01
     1.4830        0.45130E-01
     1.5090        0.45030E-01
     1.5340        0.44930E-01
     1.5590        0.44830E-01
     1.5840        0.44730E-01
     1.6090        0.44630E-01
     1.6330        0.44530E-01
     1.6570        0.44430E-01
     1.6810        0.44330E-01
     1.7050        0.44240E-01
     1.7280        0.44140E-01
     1.7510        0.44050E-01
     1.7740        0.43950E-01
     1.7960        0.43850E-01
     1.8180        0.43760E-01
     1.8400        0.43670E-01
     1.8620        0.43570E-01
     1.8840        0.43480E-01
     1.9050        0.43390E-01
     1.9260        0.43290E-01
     1.9460        0.43200E-01
     1.9670        0.43110E-01
     1.9870        0.43020E-01
     2.0070        0.42930E-01
     2.0270        0.42840E-01
     2.0460        0.42750E-01
     2.0660        0.42660E-01
     2.0850        0.42570E-01
     2.1040        0.42480E-01
     2.1220        0.42390E-01
     2.1410        0.42300E-01
     2.1590        0.42220E-01
     2.1770        0.42130E-01
     2.1950        0.42040E-01
     2.2130        0.41960E-01
     2.2300        0.41870E-01
     2.2470        0.41780E-01
     2.2640        0.41700E-01
     2.2810        0.41610E-01
     2.2980        0.41530E-01
     2.3140        0.41450E-01
     2.3310        0.41360E-01
     2.3470        0.41280E-01
     2.3630        0.41200E-01
     2.3780        0.41110E-01
     2.3940        0.41030E-01
     2.4090        0.40950E-01
     2.4250        0.40870E-01
     2.4400        0.40790E-01
     2.4550        0.40710E-01
     2.4690        0.40620E-01
     2.4840        0.40540E-01
     2.4980        0.40470E-01
     2.5130        0.40390E-01
     2.5270        0.40310E-01
     2.5410        0.40230E-01
     2.5540        0.40150E-01
     2.5680        0.40070E-01
     2.5810        0.40000E-01
     2.5950        0.39920E-01
     2.6080        0.39830E-01
     2.6210        0.39750E-01
     2.6340        0.39670E-01
     2.6470        0.39590E-01
     2.6590        0.39510E-01
     2.6720        0.39440E-01
     2.6840        0.39360E-01
     2.6960        0.39280E-01
     2.7080        0.39200E-01
     2.7200        0.39130E-01
     2.7320        0.39050E-01
     2.7440        0.38980E-01
     2.7550        0.38900E-01
     2.7670        0.38830E-01
     2.7780        0.38760E-01
     2.7890        0.38680E-01
     2.8010        0.38610E-01
     2.8120        0.38540E-01
     2.8220        0.38460E-01
     2.8330        0.38390E-01
     2.8440        0.38320E-01
     2.8540        0.38250E-01
     2.8650        0.38180E-01
     2.8750        0.38110E-01
     2.8850        0.38040E-01
     2.8950        0.37970E-01
     2.9050        0.37900E-01
     2.9150        0.37830E-01
     2.9250        0.37760E-01
     2.9350        0.37690E-01
     2.9440        0.37630E-01
     2.9540        0.37560E-01
     2.9630        0.37490E-01
     2.9720        0.37420E-01
     2.9810        0.37360E-01
     2.9910        0.37290E-01
     3.0000        0.37230E-01
     3.0000        0.37220E-01
     3.0070        0.37170E-01
     3.0160        0.37110E-01
     3.0250        0.37040E-01
     3.0330        0.36980E-01
     3.0420        0.36910E-01
     3.0500        0.36850E-01
     3.0590        0.36790E-01
     3.0670        0.36720E-01
     3.0750        0.36660E-01
     3.0830        0.36600E-01
     3.0920        0.36540E-01
     3.1000        0.36480E-01
     3.1070        0.36410E-01
     3.1150        0.36350E-01
     3.1230        0.36290E-01
     3.1310        0.36230E-01
     3.1380        0.36170E-01
     3.1460        0.36110E-01
     3.1530        0.36050E-01
     3.1610        0.36000E-01
     3.1680        0.35940E-01
     3.1750        0.35880E-01
     3.1820        0.35820E-01
     3.1890        0.35760E-01
     3.1960        0.35710E-01
     3.2030        0.35650E-01
     3.2100        0.35590E-01
     3.2170        0.35540E-01
     3.2240        0.35480E-01
     3.2310        0.35420E-01
     3.2370        0.35370E-01
     3.2440        0.35310E-01
     3.2500        0.35260E-01
     3.2570        0.35200E-01
     3.2630        0.35150E-01
     3.2700        0.35090E-01
     3.2760        0.35040E-01
     3.2820        0.34990E-01
     3.2880        0.34930E-01
     3.2940        0.34880E-01
     3.3000        0.34830E-01
     3.3060        0.34780E-01
     3.3120        0.34720E-01
     3.3180        0.34670E-01
     3.3240        0.34620E-01
     3.3300        0.34570E-01
     3.3350        0.34520E-01
     3.3410        0.34470E-01
     3.3470        0.34420E-01
     3.3520        0.34370E-01
     3.3580        0.34320E-01
     3.3630        0.34270E-01
     3.3690        0.34220E-01
     3.3740        0.34170E-01
     3.3790        0.34120E-01
     3.3850        0.34070E-01
     3.3900        0.34020E-01
     3.3950        0.33970E-01
     3.4000        0.33930E-01
     3.4050        0.33880E-01
     3.4100        0.33830E-01
     3.4150        0.33780E-01
     3.4200        0.33740E-01
     3.4250        0.33690E-01
     3.4300        0.33640E-01
     3.4350        0.33600E-01
     3.4400        0.33550E-01
     3.4440        0.33510E-01
     3.4490        0.33460E-01
     3.4590        0.33360E-01
     3.4910        0.33040E-01
     3.5420        0.32510E-01
     3.6020        0.31870E-01
     3.6590        0.31270E-01
     3.7120        0.30670E-01
     3.7620        0.30080E-01
     3.8100        0.29500E-01
     3.8560        0.28950E-01
     3.9000        0.28410E-01
     3.9440        0.27890E-01
     3.9860        0.27380E-01
     4.0280        0.26890E-01
     4.0700        0.26410E-01
     4.1120        0.25940E-01
     4.1540        0.25490E-01
     4.1970        0.25050E-01
     4.2410        0.24610E-01
     4.2860        0.24190E-01
     4.3320        0.23780E-01
     4.3790        0.23380E-01
     4.4280        0.22980E-01
     4.4780        0.22590E-01
     4.5290        0.22220E-01
     4.5800        0.21860E-01
     4.6300        0.21520E-01
     4.6790        0.21200E-01
     4.7280        0.20890E-01
     4.7800        0.20580E-01
     4.8390        0.20250E-01
     4.9000        0.19910E-01
     4.9630        0.19590E-01
     5.0270        0.19270E-01
     5.0930        0.18950E-01
     5.1610        0.18640E-01
     5.2310        0.18340E-01
     5.3030        0.18040E-01
     5.3770        0.17740E-01
     5.4530        0.17450E-01
     5.5310        0.17170E-01
     5.6120        0.16890E-01
     5.6950        0.16610E-01
     5.7800        0.16340E-01
     5.8670        0.16080E-01
     5.9570        0.15820E-01
     6.0490        0.15560E-01
     6.1440        0.15300E-01
     6.2410        0.15050E-01
     6.3420        0.14800E-01
     6.4450        0.14550E-01
     6.5520        0.14310E-01
     6.6610        0.14070E-01
     6.7730        0.13830E-01
     6.8890        0.13600E-01
     7.0080        0.13370E-01
     7.1300        0.13140E-01
     7.2560        0.12920E-01
     7.3850        0.12690E-01
     7.5180        0.12470E-01
     7.6550        0.12260E-01
     7.7950        0.12040E-01
     7.9400        0.11820E-01
     8.0880        0.11610E-01
     8.2410        0.11400E-01
     8.3980        0.11190E-01
     8.5590        0.10990E-01
     8.7260        0.10790E-01
     8.8970        0.10590E-01
     9.0730        0.10390E-01
     9.2540        0.10200E-01
     9.4410        0.10010E-01
     9.6330        0.98180E-02
     9.8310        0.96320E-02
     10.030        0.94490E-02
     10.240        0.92680E-02
     10.460        0.90900E-02
     10.680        0.89180E-02
     10.910        0.87480E-02
     11.150        0.85800E-02
     11.400        0.84140E-02
     11.650        0.82510E-02
     11.910        0.80910E-02
     12.180        0.79320E-02
     12.450        0.77760E-02
     12.740        0.76230E-02
     13.030        0.74710E-02
     13.340        0.73230E-02
     13.650        0.71760E-02
     13.970        0.70320E-02
     14.310        0.68910E-02
     14.650        0.67520E-02
     15.010        0.66150E-02
     15.370        0.64810E-02
     15.750        0.63490E-02
     16.140        0.62190E-02
     16.540        0.60920E-02
     16.950        0.59670E-02
     17.380        0.58440E-02
     17.820        0.57230E-02
     18.280        0.56050E-02
     18.740        0.54890E-02
     19.230        0.53750E-02
     19.720        0.52650E-02
     20.240        0.51570E-02
     20.770        0.50510E-02
     21.320        0.49470E-02
     21.880        0.48440E-02
     22.470        0.47430E-02
     23.070        0.46440E-02
     23.700        0.45450E-02
     24.350        0.44480E-02
     25.030        0.43510E-02
     25.720        0.42570E-02
     26.450        0.41630E-02
     27.200        0.40710E-02
     27.970        0.39810E-02
     28.770        0.38920E-02
     29.590        0.38050E-02
     30.440        0.37190E-02
     31.320        0.36340E-02
     32.230        0.35520E-02
     33.170        0.34710E-02
     34.140        0.33910E-02
     35.150        0.33130E-02
     36.180        0.32360E-02
     37.250        0.31610E-02
     38.360        0.30880E-02
     39.500        0.30170E-02
     40.680        0.29470E-02
     41.900        0.28790E-02
     43.160        0.28120E-02
     44.330        0.27530E-02
     45.330        0.27040E-02
     46.220        0.26630E-02
     47.020        0.26270E-02
     47.740        0.25950E-02
     48.410        0.25660E-02
     49.020        0.25400E-02
     49.600        0.25170E-02
     50.000        0.25010E-02
     50.110        0.24960E-02
     50.620        0.24760E-02
     51.100        0.24580E-02
     51.560        0.24400E-02
     51.990        0.24240E-02
     52.410        0.24080E-02
     52.810        0.23940E-02
     53.190        0.23800E-02
     53.560        0.23660E-02
     53.920        0.23540E-02
     54.260        0.23420E-02
     54.590        0.23310E-02
     54.910        0.23200E-02
     55.220        0.23090E-02
     55.530        0.22990E-02
     55.820        0.22890E-02
     56.100        0.22800E-02
     56.380        0.22710E-02
     56.650        0.22620E-02
     56.920        0.22530E-02
     57.170        0.22450E-02
     57.420        0.22370E-02
     57.670        0.22290E-02
     57.910        0.22220E-02
     58.150        0.22150E-02
     58.380        0.22080E-02
     58.600        0.22010E-02
     58.820        0.21940E-02
     59.040        0.21880E-02
     59.250        0.21810E-02
     59.460        0.21750E-02
     59.670        0.21690E-02
     59.870        0.21630E-02
     60.070        0.21570E-02
     60.260        0.21520E-02
     60.450        0.21460E-02
     60.640        0.21410E-02
     60.830        0.21350E-02
     61.010        0.21300E-02
     61.190        0.21250E-02
     61.370        0.21200E-02
     61.540        0.21150E-02
     61.710        0.21110E-02
     61.880        0.21060E-02
     62.050        0.21010E-02
     62.220        0.20970E-02
     62.380        0.20920E-02
     62.540        0.20880E-02
     62.700        0.20840E-02
     62.860        0.20790E-02
     63.010        0.20750E-02
     63.160        0.20710E-02
     63.310        0.20670E-02
     63.460        0.20630E-02
     63.610        0.20590E-02
     63.760        0.20550E-02
     63.900        0.20520E-02
     64.040        0.20480E-02
     64.190        0.20440E-02
     64.320        0.20410E-02
     64.460        0.20370E-02
     64.600        0.20340E-02
     64.730        0.20300E-02
     64.870        0.20270E-02
     65.000        0.20230E-02
     65.130        0.20200E-02
     65.260        0.20170E-02
     65.390        0.20140E-02
     65.520        0.20110E-02
     65.640        0.20070E-02
     65.770        0.20040E-02
     65.890        0.20010E-02
     66.020        0.19980E-02
     66.140        0.19950E-02
     66.260        0.19920E-02
     66.380        0.19890E-02
     66.500        0.19860E-02
     66.610        0.19840E-02
     66.730        0.19810E-02
     66.840        0.19780E-02
     66.960        0.19750E-02
     67.070        0.19720E-02
     67.190        0.19700E-02
     67.300        0.19670E-02
     67.410        0.19650E-02
     67.520        0.19620E-02
     67.630        0.19590E-02
     67.730        0.19570E-02
     67.840        0.19540E-02
     67.950        0.19520E-02
     68.050        0.19490E-02
     68.160        0.19470E-02
     68.260        0.19440E-02
     68.370        0.19420E-02
     68.470        0.19400E-02
     68.570        0.19370E-02
     68.670        0.19350E-02
     68.770        0.19330E-02
     68.870        0.19300E-02
     68.970        0.19280E-02
     69.070        0.19260E-02
     69.170        0.19240E-02
     69.270        0.19210E-02
     69.360        0.19190E-02
     69.460        0.19170E-02
     69.550        0.19150E-02
     69.650        0.19130E-02
     69.740        0.19110E-02
     69.840        0.19090E-02
     69.930        0.19070E-02
     70.000        0.19050E-02
     70.020        0.19050E-02
     70.110        0.19030E-02
     70.200        0.19010E-02
     70.290        0.18990E-02
     70.380        0.18970E-02
     70.470        0.18950E-02
     70.560        0.18930E-02
     70.650        0.18910E-02
     70.740        0.18890E-02
     70.820        0.18870E-02
     70.910        0.18850E-02
     71.000        0.18830E-02
     71.080        0.18810E-02
     71.170        0.18800E-02
     71.250        0.18780E-02
     71.340        0.18760E-02
     71.420        0.18740E-02
     71.510        0.18720E-02
     71.590        0.18710E-02
     71.670        0.18690E-02
     71.750        0.18670E-02
     71.840        0.18650E-02
     71.920        0.18640E-02
     72.000        0.18620E-02
     72.080        0.18600E-02
     72.160        0.18590E-02
     72.240        0.18570E-02
     72.320        0.18550E-02
     72.400        0.18540E-02
     72.470        0.18520E-02
     72.550        0.18500E-02
     72.630        0.18490E-02
     72.710        0.18470E-02
     72.780        0.18460E-02
     72.860        0.18440E-02
     72.940        0.18430E-02
     73.010        0.18410E-02
     73.090        0.18390E-02
     73.160        0.18380E-02
     73.240        0.18360E-02
     73.310        0.18350E-02
     73.390        0.18330E-02
     73.460        0.18320E-02
     73.530        0.18300E-02
     73.610        0.18290E-02
     73.680        0.18270E-02
     73.750        0.18260E-02
     73.820        0.18250E-02
     73.900        0.18230E-02
     73.970        0.18220E-02
     74.040        0.18200E-02
     74.110        0.18190E-02
     74.180        0.18170E-02
     74.250        0.18160E-02
     74.320        0.18150E-02
     74.390        0.18130E-02
     74.460        0.18120E-02
     74.530        0.18110E-02
     74.600        0.18090E-02
     74.660        0.18080E-02
     74.730        0.18060E-02
     74.800        0.18050E-02
     74.870        0.18040E-02
     74.940        0.18020E-02
     75.000        0.18010E-02
     75.070        0.18000E-02
     75.140        0.17990E-02
     75.200        0.17970E-02
     75.270        0.17960E-02
     75.330        0.17950E-02
     75.400        0.17930E-02
     75.460        0.17920E-02
     75.530        0.17910E-02
     75.590        0.17900E-02
     75.660        0.17880E-02
     75.720        0.17870E-02
     75.790        0.17860E-02
     76.040        0.17810E-02
     76.610        0.17700E-02
     77.460        0.17550E-02
     78.560        0.17340E-02
     79.870        0.17110E-02
     81.360        0.16850E-02
     82.980        0.16580E-02
     84.710        0.16300E-02
     86.510        0.16020E-02
     88.380        0.15750E-02
     90.280        0.15470E-02
     92.220        0.15200E-02
     94.160        0.14940E-02
     95.970        0.14710E-02
     97.660        0.14490E-02
     99.250        0.14300E-02
     100.00        0.14210E-02
     100.60        0.14140E-02
     102.00        0.13980E-02
     103.40        0.13820E-02
     104.70        0.13680E-02
     105.90        0.13550E-02
     107.10        0.13420E-02
     108.20        0.13300E-02
     109.30        0.13190E-02
     110.40        0.13080E-02
     111.40        0.12980E-02
     112.40        0.12880E-02
     113.40        0.12790E-02
     114.40        0.12700E-02
     115.30        0.12610E-02
     116.20        0.12530E-02
     117.00        0.12450E-02
     117.90        0.12370E-02
     118.70        0.12300E-02
     119.50        0.12230E-02
     120.30        0.12160E-02
     121.10        0.12090E-02
     121.90        0.12030E-02
     122.60        0.11960E-02
     123.40        0.11900E-02
     124.10        0.11840E-02
     124.80        0.11780E-02
     125.50        0.11730E-02
     126.20        0.11670E-02
     126.90        0.11620E-02
     127.50        0.11570E-02
     128.20        0.11520E-02
     128.80        0.11470E-02
     129.50        0.11420E-02
     130.10        0.11370E-02
     130.70        0.11330E-02
     131.30        0.11280E-02
     131.90        0.11240E-02
     132.50        0.11190E-02
     133.10        0.11150E-02
     133.70        0.11110E-02
     134.30        0.11070E-02
     134.80        0.11030E-02
     135.40        0.10990E-02
     135.90        0.10950E-02
     136.50        0.10910E-02
     137.00        0.10870E-02
     137.60        0.10840E-02
     138.10        0.10800E-02
     138.60        0.10770E-02
     139.10        0.10730E-02
     139.60        0.10700E-02
     140.20        0.10660E-02
     140.70        0.10630E-02
     141.20        0.10600E-02
     141.70        0.10570E-02
     142.10        0.10530E-02
     142.60        0.10500E-02
     143.10        0.10470E-02
     143.60        0.10440E-02
     144.10        0.10410E-02
     144.50        0.10380E-02
     145.00        0.10350E-02
     145.50        0.10320E-02
     145.90        0.10300E-02
     146.40        0.10270E-02
     146.80        0.10240E-02
     147.30        0.10210E-02
     147.70        0.10190E-02
     148.20        0.10160E-02
     148.60        0.10130E-02
     149.00        0.10110E-02
     149.50        0.10080E-02
     149.90        0.10060E-02
     150.00        0.10050E-02
     150.30        0.10040E-02
     150.70        0.10010E-02
     151.10        0.99870E-03
     151.50        0.99620E-03
     151.90        0.99380E-03
     152.30        0.99150E-03
     152.80        0.98910E-03
     153.20        0.98680E-03
     153.60        0.98450E-03
     154.00        0.98220E-03
     154.40        0.98000E-03
     154.80        0.97780E-03
     155.20        0.97560E-03
     155.60        0.97340E-03
     156.00        0.97120E-03
     156.30        0.96910E-03
     156.70        0.96700E-03
     157.10        0.96490E-03
     157.50        0.96280E-03
     157.90        0.96080E-03
     158.30        0.95880E-03
     158.60        0.95670E-03
     159.00        0.95470E-03
     159.40        0.95280E-03
     159.70        0.95080E-03
     160.10        0.94890E-03
     160.50        0.94700E-03
     160.90        0.94500E-03
     161.20        0.94320E-03
     161.60        0.94130E-03
     161.90        0.93940E-03
     162.30        0.93760E-03
     162.70        0.93580E-03
     163.00        0.93400E-03
     163.40        0.93220E-03
     163.70        0.93040E-03
     164.10        0.92860E-03
     164.40        0.92690E-03
     164.80        0.92510E-03
     165.10        0.92340E-03
     165.40        0.92170E-03
     165.80        0.92000E-03
     166.10        0.91830E-03
     166.50        0.91670E-03
     166.80        0.91500E-03
     167.10        0.91340E-03
     167.50        0.91180E-03
     167.80        0.91010E-03
     168.20        0.90850E-03
     168.50        0.90690E-03
     168.80        0.90540E-03
     169.10        0.90380E-03
     169.50        0.90220E-03
     169.80        0.90070E-03
     170.10        0.89910E-03
     170.40        0.89760E-03
     170.80        0.89610E-03
     171.10        0.89460E-03
     171.40        0.89310E-03
     171.70        0.89160E-03
     172.00        0.89010E-03
     172.40        0.88870E-03
     172.70        0.88720E-03
     173.00        0.88580E-03
     173.30        0.88430E-03
     173.60        0.88290E-03
     173.90        0.88150E-03
     174.20        0.88010E-03
     174.60        0.87870E-03
     174.90        0.87730E-03
     175.20        0.87590E-03
     175.50        0.87460E-03
     175.80        0.87320E-03
     176.10        0.87180E-03
     176.40        0.87050E-03
     176.70        0.86920E-03
     177.00        0.86780E-03
     177.30        0.86650E-03
     177.60        0.86520E-03
     177.90        0.86390E-03
     178.20        0.86260E-03
     178.50        0.86130E-03
     178.80        0.86000E-03
     179.10        0.85870E-03
     179.40        0.85740E-03
     179.70        0.85610E-03
     180.00        0.85490E-03
     180.30        0.85360E-03
     180.60        0.85240E-03
     180.80        0.85110E-03
     181.10        0.84990E-03
     181.40        0.84870E-03
     181.70        0.84740E-03
     182.00        0.84620E-03
     182.30        0.84500E-03
     182.60        0.84380E-03
     182.90        0.84260E-03
     183.10        0.84140E-03
     183.40        0.84020E-03
     183.70        0.83910E-03
     184.00        0.83790E-03
     184.30        0.83670E-03
     184.50        0.83560E-03
     184.80        0.83440E-03
     185.10        0.83330E-03
     185.40        0.83210E-03
     185.70        0.83100E-03
     185.90        0.82990E-03
     186.20        0.82880E-03
     186.50        0.82760E-03
     186.80        0.82650E-03
     187.00        0.82540E-03
     187.30        0.82430E-03
     187.60        0.82320E-03
     187.90        0.82190E-03
     189.30        0.81650E-03
     192.00        0.80600E-03
     196.00        0.79100E-03
     200.00        0.77650E-03
     200.00        0.77650E-03
     205.00        0.75850E-03
     210.20        0.74140E-03
     215.50        0.72450E-03
     220.90        0.70800E-03
     226.40        0.69180E-03
     232.00        0.67600E-03
     237.80        0.66040E-03
     243.70        0.64520E-03
     249.80        0.63010E-03
     250.00        0.62970E-03
     255.00        0.61750E-03
     261.30        0.60290E-03
     267.80        0.58870E-03
     274.40        0.57490E-03
     281.20        0.56140E-03
     288.10        0.54830E-03
     295.20        0.53550E-03
     300.00        0.52720E-03
     301.50        0.52450E-03
     308.90        0.51230E-03
     316.40        0.50030E-03
     324.20        0.48820E-03
     332.10        0.47630E-03
     340.30        0.46460E-03
     348.70        0.45310E-03
     350.00        0.45130E-03
     356.90        0.44230E-03
     365.70        0.43130E-03
     374.80        0.42040E-03
     384.10        0.40980E-03
     393.60        0.39950E-03
     400.00        0.39280E-03
     402.00        0.39070E-03
     411.90        0.38090E-03
     422.10        0.37130E-03
     432.50        0.36190E-03
     443.10        0.35280E-03
     450.00        0.34710E-03
     452.20        0.34510E-03
     463.10        0.33660E-03
     474.40        0.32800E-03
     485.80        0.31950E-03
     497.50        0.31120E-03
     500.00        0.30950E-03
     507.10        0.30400E-03
     519.10        0.29620E-03
     531.10        0.28850E-03
     543.30        0.28090E-03
     550.00        0.27680E-03
     555.00        0.27360E-03
     567.50        0.26520E-03
     580.30        0.25640E-03
     593.30        0.24760E-03
     600.00        0.24320E-03
     605.40        0.23980E-03
     619.00        0.23150E-03
     633.00        0.22350E-03
     647.30        0.21550E-03
     650.00        0.21400E-03
     661.80        0.20780E-03
     676.90        0.20040E-03
     692.50        0.19330E-03
     700.00        0.19010E-03
     706.40        0.18740E-03
     722.70        0.18090E-03
     739.40        0.17470E-03
     750.00        0.17100E-03
     753.40        0.16970E-03
     771.10        0.16390E-03
     789.10        0.15820E-03
     800.00        0.15490E-03
     807.50        0.15270E-03
     826.60        0.14700E-03
     846.40        0.14100E-03
     850.00        0.13980E-03
     866.60        0.13430E-03
     888.30        0.12680E-03
     900.00        0.12300E-03
     909.30        0.12000E-03
     933.60        0.11290E-03
     950.00        0.10860E-03
     955.20        0.10730E-03
     982.40        0.10100E-03
     1000.0        0.97300E-04
     1006.0        0.96110E-04
     1036.0        0.90500E-04
     1069.0        0.85240E-04
     1103.0        0.80310E-04
     1140.0        0.75680E-04
     1179.0        0.71390E-04
     1220.0        0.67460E-04
     1264.0        0.64010E-04
     1310.0        0.61090E-04
     1357.0        0.58560E-04
     1407.0        0.56260E-04
     1458.0        0.54130E-04
     1500.0        0.52520E-04
     1511.0        0.52130E-04
     1565.0        0.50210E-04
     1622.0        0.48370E-04
     1679.0        0.46610E-04
     1739.0        0.44920E-04
     1801.0        0.43300E-04
     1864.0        0.41730E-04
     1929.0        0.40220E-04
     1996.0        0.38760E-04
     2000.0        0.38680E-04
     2055.0        0.37540E-04
     2126.0        0.36160E-04
     2199.0        0.34830E-04
     2274.0        0.33560E-04
     2351.0        0.32330E-04
     2430.0        0.31140E-04
     2500.0        0.30160E-04
     2500.0        0.30160E-04
     2583.0        0.29060E-04
     2669.0        0.28000E-04
     2758.0        0.26980E-04
     2849.0        0.25990E-04
     2942.0        0.25040E-04
     3000.0        0.24480E-04
     3019.0        0.24270E-04
     3117.0        0.23390E-04
     3218.0        0.22540E-04
     3321.0        0.21710E-04
     3427.0        0.20920E-04
     3500.0        0.20410E-04
     3522.0        0.20260E-04
     3633.0        0.19530E-04
     3747.0        0.18820E-04
     3864.0        0.18150E-04
     3984.0        0.17500E-04
     4000.0        0.17410E-04
     4098.0        0.16910E-04
     4224.0        0.16310E-04
     4353.0        0.15730E-04
     4485.0        0.15170E-04
     4500.0        0.15110E-04
     4608.0        0.14680E-04
     4746.0        0.14150E-04
     4888.0        0.13640E-04
     5000.0        0.13260E-04
     5029.0        0.13160E-04
     5177.0        0.12680E-04
     5330.0        0.12200E-04
     5486.0        0.11730E-04
     5500.0        0.11690E-04
     5629.0        0.11310E-04
     5794.0        0.10850E-04
     5965.0        0.10400E-04
     6000.0        0.10310E-04
     6097.0        0.10020E-04
     6278.0        0.95980E-05
     6465.0        0.91890E-05
     6500.0        0.91170E-05
     6655.0        0.88060E-05
     6855.0        0.84340E-05
     7000.0        0.81830E-05
     7041.0        0.81130E-05
     7254.0        0.77750E-05
     7473.0        0.74520E-05
     7500.0        0.74130E-05
     7681.0        0.71650E-05
     7913.0        0.68640E-05
     8000.0        0.67570E-05
     8145.0        0.65810E-05
     8393.0        0.62940E-05
     8500.0        0.61740E-05
     8602.0        0.60600E-05
     8867.0        0.57770E-05
     9000.0        0.56360E-05
     9111.0        0.55230E-05
     9397.0        0.52360E-05
     9500.0        0.51360E-05
     9681.0        0.49670E-05
     9996.0        0.46910E-05
     10000.        0.46880E-05
