column 1: age (Myr)
column 2: luminosity (Lsun)
------------------------------
    0.49930E-02    0.15090E-02
    0.11300E-01    0.14920E-02
    0.17680E-01    0.14750E-02
    0.24130E-01    0.14580E-02
    0.30660E-01    0.14410E-02
    0.37250E-01    0.14240E-02
    0.43920E-01    0.14080E-02
    0.50660E-01    0.13910E-02
    0.57480E-01    0.13750E-02
    0.64370E-01    0.13580E-02
    0.71340E-01    0.13410E-02
    0.78390E-01    0.13250E-02
    0.85520E-01    0.13090E-02
    0.92730E-01    0.12930E-02
    0.10000E+00    0.12770E-02
    0.10740        0.12610E-02
    0.11490        0.12450E-02
    0.12240        0.12300E-02
    0.13010        0.12140E-02
    0.13780        0.11990E-02
    0.14560        0.11830E-02
    0.15360        0.11680E-02
    0.16160        0.11530E-02
    0.16970        0.11380E-02
    0.17790        0.11240E-02
    0.18630        0.11090E-02
    0.19470        0.10940E-02
    0.20330        0.10800E-02
    0.21200        0.10660E-02
    0.22080        0.10520E-02
    0.22970        0.10380E-02
    0.23870        0.10240E-02
    0.24780        0.10100E-02
    0.25700        0.99630E-03
    0.26640        0.98270E-03
    0.27590        0.96930E-03
    0.28550        0.95600E-03
    0.29520        0.94280E-03
    0.30520        0.92960E-03
    0.31520        0.91650E-03
    0.32540        0.90350E-03
    0.33570        0.89070E-03
    0.34620        0.87790E-03
    0.35680        0.86520E-03
    0.36760        0.85260E-03
    0.37850        0.84000E-03
    0.38960        0.82740E-03
    0.40090        0.81500E-03
    0.41240        0.80260E-03
    0.42400        0.79020E-03
    0.43580        0.77800E-03
    0.44780        0.76580E-03
    0.46000        0.75380E-03
    0.47240        0.74180E-03
    0.48500        0.73010E-03
    0.49780        0.71850E-03
    0.51070        0.70700E-03
    0.52390        0.69570E-03
    0.53740        0.68460E-03
    0.55100        0.67370E-03
    0.56480        0.66290E-03
    0.57890        0.65240E-03
    0.59320        0.64200E-03
    0.60770        0.63180E-03
    0.62250        0.62190E-03
    0.63740        0.61220E-03
    0.65260        0.60270E-03
    0.66800        0.59340E-03
    0.68370        0.58430E-03
    0.69960        0.57550E-03
    0.71570        0.56690E-03
    0.73210        0.55860E-03
    0.74870        0.55050E-03
    0.76560        0.54260E-03
    0.78270        0.53500E-03
    0.80000        0.52770E-03
    0.81750        0.52050E-03
    0.83520        0.51360E-03
    0.85320        0.50680E-03
    0.87130        0.50020E-03
    0.88980        0.49380E-03
    0.90840        0.48750E-03
    0.92730        0.48130E-03
    0.94630        0.47520E-03
    0.96560        0.46920E-03
    0.98520        0.46330E-03
     1.0050        0.45750E-03
     1.0250        0.45180E-03
     1.0450        0.44620E-03
     1.0660        0.44070E-03
     1.0860        0.43520E-03
     1.1070        0.42980E-03
     1.1290        0.42440E-03
     1.1500        0.41910E-03
     1.1720        0.41380E-03
     1.1940        0.40860E-03
     1.2160        0.40330E-03
     1.2380        0.39810E-03
     1.2610        0.39300E-03
     1.2840        0.38780E-03
     1.3070        0.38260E-03
     1.3310        0.37750E-03
     1.3550        0.37240E-03
     1.3790        0.36730E-03
     1.4040        0.36230E-03
     1.4290        0.35720E-03
     1.4540        0.35220E-03
     1.4790        0.34720E-03
     1.5050        0.34230E-03
     1.5310        0.33730E-03
     1.5580        0.33240E-03
     1.5850        0.32750E-03
     1.6120        0.32260E-03
     1.6400        0.31780E-03
     1.6680        0.31280E-03
     1.6960        0.30790E-03
     1.7250        0.30290E-03
     1.7550        0.29800E-03
     1.7840        0.29310E-03
     1.8150        0.28820E-03
     1.8450        0.28320E-03
     1.8770        0.27830E-03
     1.9090        0.27340E-03
     1.9410        0.26840E-03
     1.9740        0.26350E-03
     2.0070        0.25840E-03
     2.0410        0.25340E-03
     2.0760        0.24830E-03
     2.1120        0.24320E-03
     2.1480        0.23810E-03
     2.1850        0.23300E-03
     2.2220        0.22790E-03
     2.2610        0.22280E-03
     2.3000        0.21770E-03
     2.3400        0.21270E-03
     2.3810        0.20780E-03
     2.4230        0.20290E-03
     2.4660        0.19800E-03
     2.5100        0.19320E-03
     2.5550        0.18850E-03
     2.6010        0.18380E-03
     2.6480        0.17910E-03
     2.6970        0.17450E-03
     2.7460        0.17000E-03
     2.7970        0.16560E-03
     2.8490        0.16140E-03
     2.9020        0.15720E-03
     2.9570        0.15320E-03
     3.0000        0.15020E-03
     3.0110        0.14940E-03
     3.0690        0.14560E-03
     3.1280        0.14190E-03
     3.1880        0.13830E-03
     3.2500        0.13480E-03
     3.3130        0.13130E-03
     3.3780        0.12800E-03
     3.4440        0.12480E-03
     3.5120        0.12170E-03
     3.5820        0.11870E-03
     3.6530        0.11580E-03
     3.7260        0.11310E-03
     3.8010        0.11040E-03
     3.8770        0.10790E-03
     3.9550        0.10540E-03
     4.0340        0.10310E-03
     4.1150        0.10100E-03
     4.1980        0.98880E-04
     4.2820        0.96910E-04
     4.3680        0.95020E-04
     4.4550        0.93200E-04
     4.5440        0.91450E-04
     4.6340        0.89750E-04
     4.7260        0.88100E-04
     4.8200        0.86500E-04
     4.9150        0.84930E-04
     5.0120        0.83410E-04
     5.1100        0.81910E-04
     5.2100        0.80450E-04
     5.3110        0.79020E-04
     5.4140        0.77610E-04
     5.5190        0.76200E-04
     5.6260        0.74800E-04
     5.7340        0.73420E-04
     5.8440        0.72070E-04
     5.9560        0.70740E-04
     6.0700        0.69440E-04
     6.1860        0.68150E-04
     6.3040        0.66890E-04
     6.4240        0.65640E-04
     6.5460        0.64410E-04
     6.6700        0.63200E-04
     6.7970        0.62010E-04
     6.9250        0.60830E-04
     7.0560        0.59670E-04
     7.1890        0.58520E-04
     7.3250        0.57390E-04
     7.4620        0.56250E-04
     7.6030        0.55140E-04
     7.7460        0.54040E-04
     7.8910        0.52960E-04
     8.0400        0.51890E-04
     8.1910        0.50850E-04
     8.3450        0.49820E-04
     8.5010        0.48810E-04
     8.6610        0.47810E-04
     8.8230        0.46830E-04
     8.9890        0.45870E-04
     9.1580        0.44920E-04
     9.3300        0.43990E-04
     9.5060        0.43060E-04
     9.6850        0.42150E-04
     9.8680        0.41250E-04
     10.050        0.40360E-04
     10.240        0.39500E-04
     10.440        0.38650E-04
     10.640        0.37810E-04
     10.840        0.36990E-04
     11.040        0.36190E-04
     11.250        0.35410E-04
     11.460        0.34630E-04
     11.680        0.33880E-04
     11.910        0.33130E-04
     12.130        0.32400E-04
     12.360        0.31680E-04
     12.600        0.30970E-04
     12.840        0.30280E-04
     13.090        0.29600E-04
     13.340        0.28930E-04
     13.600        0.28280E-04
     13.860        0.27640E-04
     14.130        0.27010E-04
     14.400        0.26390E-04
     14.680        0.25790E-04
     14.960        0.25200E-04
     15.250        0.24620E-04
     15.550        0.24050E-04
     15.850        0.23490E-04
     16.160        0.22950E-04
     16.480        0.22410E-04
     16.800        0.21890E-04
     17.130        0.21380E-04
     17.470        0.20880E-04
     17.810        0.20390E-04
     18.170        0.19910E-04
     18.530        0.19440E-04
     18.890        0.18980E-04
     19.270        0.18530E-04
     19.650        0.18090E-04
     20.040        0.17660E-04
     20.440        0.17240E-04
     20.850        0.16830E-04
     21.270        0.16420E-04
     21.700        0.16020E-04
     22.140        0.15630E-04
     22.580        0.15250E-04
     23.040        0.14880E-04
     23.510        0.14510E-04
     23.980        0.14150E-04
     24.470        0.13790E-04
     24.970        0.13440E-04
     25.480        0.13100E-04
     26.010        0.12760E-04
     26.540        0.12430E-04
     27.090        0.12110E-04
     27.650        0.11800E-04
     28.230        0.11490E-04
     28.820        0.11190E-04
     29.420        0.10900E-04
     30.040        0.10610E-04
     30.670        0.10330E-04
     31.320        0.10060E-04
     31.990        0.97940E-05
     32.670        0.95340E-05
     33.360        0.92800E-05
     34.080        0.90330E-05
     34.810        0.87910E-05
     35.560        0.85550E-05
     36.330        0.83250E-05
     37.120        0.81000E-05
     37.930        0.78820E-05
     38.750        0.76680E-05
     39.600        0.74590E-05
     40.470        0.72540E-05
     41.360        0.70550E-05
     42.280        0.68600E-05
     43.210        0.66700E-05
     44.170        0.64840E-05
     45.160        0.63030E-05
     46.170        0.61260E-05
     47.210        0.59520E-05
     48.270        0.57830E-05
     49.360        0.56180E-05
     50.000        0.55250E-05
     50.450        0.54600E-05
     51.600        0.53040E-05
     52.780        0.51520E-05
     53.990        0.50030E-05
     55.230        0.48590E-05
     56.510        0.47170E-05
     57.820        0.45800E-05
     59.160        0.44460E-05
     60.540        0.43160E-05
     61.960        0.41890E-05
     63.410        0.40650E-05
     64.910        0.39440E-05
     66.450        0.38270E-05
     68.030        0.37130E-05
     69.650        0.36020E-05
     70.000        0.35790E-05
     71.000        0.35140E-05
     72.700        0.34090E-05
     74.450        0.33070E-05
     76.250        0.32070E-05
     78.100        0.31100E-05
     79.990        0.30160E-05
     81.940        0.29250E-05
     83.950        0.28360E-05
     86.020        0.27500E-05
     88.140        0.26660E-05
     90.320        0.25840E-05
     92.560        0.25050E-05
     94.860        0.24290E-05
     97.230        0.23540E-05
     99.670        0.22820E-05
     100.00        0.22720E-05
     102.00        0.22160E-05
     104.60        0.21480E-05
     107.20        0.20820E-05
     109.90        0.20170E-05
     112.70        0.19550E-05
     115.60        0.18940E-05
     118.50        0.18360E-05
     121.60        0.17790E-05
     124.70        0.17240E-05
     127.90        0.16700E-05
     131.20        0.16190E-05
     134.60        0.15690E-05
     138.10        0.15200E-05
     141.70        0.14730E-05
     145.40        0.14270E-05
     149.20        0.13830E-05
     150.00        0.13730E-05
     152.30        0.13480E-05
     156.30        0.13060E-05
     160.40        0.12650E-05
     164.60        0.12260E-05
     169.00        0.11880E-05
     173.40        0.11510E-05
     178.00        0.11160E-05
     182.70        0.10810E-05
     187.50        0.10480E-05
     192.50        0.10150E-05
     197.60        0.98370E-06
     200.00        0.96970E-06
     202.10        0.95750E-06
     207.50        0.92760E-06
     213.00        0.89850E-06
     218.70        0.87020E-06
     224.50        0.84280E-06
     230.50        0.81610E-06
     236.70        0.79030E-06
     243.10        0.76510E-06
     249.60        0.74080E-06
     250.00        0.73940E-06
     255.40        0.72050E-06
     262.20        0.69740E-06
     269.30        0.67510E-06
     276.60        0.65350E-06
     284.10        0.63250E-06
     291.80        0.61220E-06
     299.80        0.59250E-06
     300.00        0.59190E-06
     306.50        0.57660E-06
     314.90        0.55810E-06
     323.50        0.54020E-06
     332.30        0.52280E-06
     341.40        0.50610E-06
     350.00        0.49120E-06
     350.00        0.49120E-06
     359.60        0.47540E-06
     369.50        0.46030E-06
     379.60        0.44550E-06
     390.10        0.43120E-06
     400.00        0.41840E-06
     400.00        0.41840E-06
     411.00        0.40490E-06
     422.40        0.39190E-06
     434.00        0.37930E-06
     446.00        0.36710E-06
     450.00        0.36330E-06
     457.40        0.35620E-06
     470.10        0.34480E-06
     483.10        0.33380E-06
     496.50        0.32310E-06
     500.00        0.32040E-06
     508.30        0.31420E-06
     522.30        0.30420E-06
     536.80        0.29440E-06
     550.00        0.28610E-06
     550.00        0.28610E-06
     565.20        0.27690E-06
     580.90        0.26810E-06
     597.10        0.25950E-06
     600.00        0.25800E-06
     613.30        0.25140E-06
     630.30        0.24330E-06
     647.80        0.23550E-06
     650.00        0.23460E-06
     664.40        0.22860E-06
     682.90        0.22130E-06
     700.00        0.21490E-06
     700.00        0.21490E-06
     719.40        0.20800E-06
     739.40        0.20140E-06
     750.00        0.19800E-06
     758.20        0.19550E-06
     779.30        0.18920E-06
     800.00        0.18340E-06
     800.00        0.18340E-06
     822.20        0.17760E-06
     845.00        0.17190E-06
     850.00        0.17070E-06
     864.00        0.16740E-06
     888.00        0.16210E-06
     900.00        0.15950E-06
     909.90        0.15750E-06
     935.20        0.15240E-06
     950.00        0.14960E-06
     960.50        0.14770E-06
     987.20        0.14300E-06
     1000.0        0.14080E-06
     1011.0        0.13900E-06
     1039.0        0.13450E-06
     1068.0        0.13020E-06
     1098.0        0.12600E-06
     1128.0        0.12200E-06
     1159.0        0.11810E-06
     1192.0        0.11430E-06
     1225.0        0.11060E-06
     1259.0        0.10710E-06
     1293.0        0.10370E-06
     1330.0        0.10030E-06
     1368.0        0.96950E-07
     1408.0        0.93740E-07
     1448.0        0.90640E-07
     1489.0        0.87640E-07
     1500.0        0.86920E-07
     1526.0        0.85180E-07
     1569.0        0.82370E-07
     1614.0        0.79650E-07
     1661.0        0.77020E-07
     1708.0        0.74490E-07
     1757.0        0.72040E-07
     1808.0        0.69660E-07
     1860.0        0.67370E-07
     1913.0        0.65150E-07
     1967.0        0.63030E-07
     2000.0        0.61800E-07
     2011.0        0.61410E-07
     2066.0        0.59480E-07
     2123.0        0.57610E-07
     2181.0        0.55810E-07
     2241.0        0.54060E-07
     2302.0        0.52370E-07
     2365.0        0.50750E-07
     2430.0        0.49170E-07
     2496.0        0.47640E-07
     2500.0        0.47560E-07
     2554.0        0.46380E-07
     2624.0        0.44950E-07
     2696.0        0.43570E-07
     2769.0        0.42230E-07
     2844.0        0.40940E-07
     2921.0        0.39690E-07
     3000.0        0.38480E-07
     3000.0        0.38480E-07
     3081.0        0.37320E-07
     3165.0        0.36190E-07
     3250.0        0.35110E-07
     3338.0        0.34060E-07
     3427.0        0.33050E-07
     3500.0        0.32270E-07
     3519.0        0.32070E-07
     3613.0        0.31130E-07
     3710.0        0.30220E-07
     3809.0        0.29330E-07
     3910.0        0.28480E-07
     4000.0        0.27770E-07
     4000.0        0.27770E-07
     4106.0        0.26970E-07
     4215.0        0.26200E-07
     4326.0        0.25460E-07
     4440.0        0.24740E-07
     4500.0        0.24380E-07
     4547.0        0.24100E-07
     4666.0        0.23440E-07
     4787.0        0.22800E-07
     4912.0        0.22170E-07
     5000.0        0.21750E-07
     5026.0        0.21630E-07
     5155.0        0.21060E-07
     5288.0        0.20500E-07
     5424.0        0.19960E-07
     5500.0        0.19660E-07
     5556.0        0.19460E-07
     5697.0        0.18960E-07
     5841.0        0.18470E-07
     5989.0        0.18000E-07
     6000.0        0.17960E-07
     6120.0        0.17600E-07
     6273.0        0.17160E-07
     6430.0        0.16730E-07
     6500.0        0.16550E-07
     6564.0        0.16380E-07
     6726.0        0.15980E-07
     6891.0        0.15590E-07
     7000.0        0.15340E-07
     7034.0        0.15270E-07
     7205.0        0.14900E-07
     7380.0        0.14540E-07
     7500.0        0.14310E-07
     7536.0        0.14240E-07
     7717.0        0.13900E-07
     7902.0        0.13570E-07
     8000.0        0.13400E-07
     8076.0        0.13280E-07
     8267.0        0.12970E-07
     8463.0        0.12670E-07
     8500.0        0.12610E-07
     8659.0        0.12380E-07
     8862.0        0.12100E-07
     9000.0        0.11910E-07
     9041.0        0.11860E-07
     9251.0        0.11590E-07
     9465.0        0.11330E-07
     9500.0        0.11290E-07
     9674.0        0.11080E-07
     9896.0        0.10840E-07
     10000.        0.10730E-07
