column 1: age (Myr)
column 2: luminosity (Lsun)
------------------------------
    0.93290E-02    0.82810E-01
    0.10240E-01    0.80840E-01
    0.11170E-01    0.78920E-01
    0.12140E-01    0.77030E-01
    0.13140E-01    0.75130E-01
    0.14180E-01    0.73300E-01
    0.15250E-01    0.71540E-01
    0.16360E-01    0.69840E-01
    0.17510E-01    0.68180E-01
    0.18700E-01    0.66580E-01
    0.19920E-01    0.65030E-01
    0.21190E-01    0.63520E-01
    0.22510E-01    0.62020E-01
    0.23860E-01    0.60520E-01
    0.25270E-01    0.59070E-01
    0.26720E-01    0.57680E-01
    0.28230E-01    0.56350E-01
    0.29790E-01    0.55050E-01
    0.31400E-01    0.53800E-01
    0.33070E-01    0.52580E-01
    0.34800E-01    0.51400E-01
    0.36590E-01    0.50250E-01
    0.38450E-01    0.49130E-01
    0.40360E-01    0.48000E-01
    0.42350E-01    0.46900E-01
    0.44420E-01    0.45840E-01
    0.46550E-01    0.44810E-01
    0.48770E-01    0.43820E-01
    0.51060E-01    0.42860E-01
    0.53430E-01    0.41930E-01
    0.55880E-01    0.41020E-01
    0.58410E-01    0.40150E-01
    0.61000E-01    0.39290E-01
    0.63670E-01    0.38460E-01
    0.66420E-01    0.37690E-01
    0.69250E-01    0.36900E-01
    0.72160E-01    0.36140E-01
    0.75150E-01    0.35340E-01
    0.78230E-01    0.34550E-01
    0.81400E-01    0.33770E-01
    0.84680E-01    0.33020E-01
    0.88050E-01    0.32300E-01
    0.91530E-01    0.31600E-01
    0.95110E-01    0.30920E-01
    0.98800E-01    0.30270E-01
    0.10260        0.29630E-01
    0.10650        0.29010E-01
    0.11050        0.28410E-01
    0.11470        0.27830E-01
    0.11900        0.27260E-01
    0.12340        0.26670E-01
    0.12790        0.26090E-01
    0.13260        0.25520E-01
    0.13750        0.24970E-01
    0.14250        0.24440E-01
    0.14760        0.23920E-01
    0.15300        0.23410E-01
    0.15850        0.22920E-01
    0.16410        0.22450E-01
    0.17000        0.21980E-01
    0.17600        0.21530E-01
    0.18220        0.21090E-01
    0.18860        0.20660E-01
    0.19520        0.20250E-01
    0.20190        0.19840E-01
    0.20890        0.19450E-01
    0.21610        0.19060E-01
    0.22350        0.18690E-01
    0.23110        0.18320E-01
    0.23900        0.17970E-01
    0.24710        0.17620E-01
    0.25540        0.17280E-01
    0.26390        0.16950E-01
    0.27270        0.16630E-01
    0.28170        0.16310E-01
    0.29100        0.16010E-01
    0.30050        0.15710E-01
    0.31030        0.15430E-01
    0.32040        0.15160E-01
    0.33070        0.14890E-01
    0.34130        0.14630E-01
    0.35210        0.14380E-01
    0.36330        0.14130E-01
    0.37480        0.13880E-01
    0.38650        0.13650E-01
    0.39860        0.13410E-01
    0.41090        0.13180E-01
    0.42370        0.12960E-01
    0.43670        0.12740E-01
    0.45010        0.12520E-01
    0.46390        0.12310E-01
    0.47800        0.12110E-01
    0.49260        0.11910E-01
    0.50750        0.11720E-01
    0.52280        0.11530E-01
    0.53850        0.11340E-01
    0.55470        0.11150E-01
    0.57130        0.10970E-01
    0.58830        0.10780E-01
    0.60580        0.10600E-01
    0.62380        0.10430E-01
    0.64230        0.10250E-01
    0.66130        0.10080E-01
    0.68080        0.99060E-02
    0.70090        0.97360E-02
    0.72160        0.95680E-02
    0.74290        0.94030E-02
    0.76480        0.92400E-02
    0.78730        0.90800E-02
    0.81040        0.89220E-02
    0.83430        0.87660E-02
    0.85880        0.86120E-02
    0.88410        0.84590E-02
    0.91020        0.83080E-02
    0.93710        0.81580E-02
    0.96480        0.80100E-02
    0.99340        0.78630E-02
     1.0230        0.77180E-02
     1.0530        0.75740E-02
     1.0850        0.74330E-02
     1.1170        0.72930E-02
     1.1510        0.71550E-02
     1.1860        0.70180E-02
     1.2220        0.68840E-02
     1.2600        0.67520E-02
     1.2990        0.66220E-02
     1.3400        0.64950E-02
     1.3830        0.63680E-02
     1.4270        0.62450E-02
     1.4740        0.61230E-02
     1.5230        0.60040E-02
     1.5750        0.58870E-02
     1.6310        0.57720E-02
     1.6900        0.56580E-02
     1.7540        0.55470E-02
     1.8230        0.54400E-02
     1.9000        0.53350E-02
     1.9850        0.52310E-02
     2.0820        0.51300E-02
     2.1970        0.50290E-02
     2.3360        0.49310E-02
     2.5080        0.48390E-02
     2.6710        0.47750E-02
     2.8210        0.47290E-02
     2.9640        0.46940E-02
     3.0000        0.46870E-02
     3.0820        0.46710E-02
     3.2150        0.46470E-02
     3.3450        0.46290E-02
     3.4720        0.46120E-02
     3.5960        0.45980E-02
     3.7180        0.45850E-02
     3.8380        0.45730E-02
     3.9560        0.45620E-02
     4.0720        0.45510E-02
     4.1870        0.45410E-02
     4.3000        0.45310E-02
     4.4110        0.45210E-02
     4.5220        0.45110E-02
     4.6300        0.45020E-02
     4.7380        0.44930E-02
     4.8440        0.44830E-02
     4.9490        0.44740E-02
     5.0520        0.44650E-02
     5.1540        0.44560E-02
     5.2550        0.44470E-02
     5.3550        0.44380E-02
     5.4540        0.44290E-02
     5.5510        0.44200E-02
     5.6470        0.44110E-02
     5.7420        0.44020E-02
     5.8360        0.43930E-02
     5.9290        0.43840E-02
     6.0210        0.43760E-02
     6.1110        0.43670E-02
     6.2010        0.43580E-02
     6.2890        0.43490E-02
     6.3770        0.43410E-02
     6.4630        0.43320E-02
     6.5480        0.43230E-02
     6.6330        0.43150E-02
     6.7160        0.43060E-02
     6.7990        0.42970E-02
     6.8800        0.42890E-02
     6.9600        0.42800E-02
     7.0400        0.42720E-02
     7.1190        0.42630E-02
     7.1960        0.42540E-02
     7.2730        0.42460E-02
     7.3490        0.42370E-02
     7.4240        0.42290E-02
     7.4980        0.42210E-02
     7.5710        0.42120E-02
     7.6440        0.42040E-02
     7.7150        0.41950E-02
     7.7860        0.41870E-02
     7.8560        0.41790E-02
     7.9250        0.41700E-02
     7.9930        0.41620E-02
     8.0610        0.41540E-02
     8.1280        0.41450E-02
     8.1940        0.41370E-02
     8.2590        0.41290E-02
     8.3230        0.41210E-02
     8.3870        0.41130E-02
     8.4500        0.41040E-02
     8.5130        0.40960E-02
     8.5740        0.40880E-02
     8.6350        0.40800E-02
     8.6950        0.40720E-02
     8.7550        0.40640E-02
     8.8140        0.40560E-02
     8.8720        0.40480E-02
     8.9300        0.40400E-02
     8.9860        0.40320E-02
     9.0430        0.40240E-02
     9.0980        0.40160E-02
     9.1530        0.40080E-02
     9.2080        0.40000E-02
     9.2620        0.39920E-02
     9.3150        0.39850E-02
     9.3670        0.39770E-02
     9.4200        0.39690E-02
     9.4710        0.39610E-02
     9.5220        0.39530E-02
     9.5720        0.39460E-02
     9.6220        0.39380E-02
     9.6710        0.39300E-02
     9.7200        0.39230E-02
     9.7680        0.39150E-02
     9.8160        0.39070E-02
     9.8630        0.39000E-02
     9.9090        0.38920E-02
     9.9560        0.38850E-02
     10.000        0.38770E-02
     10.050        0.38700E-02
     10.090        0.38620E-02
     10.140        0.38550E-02
     10.180        0.38470E-02
     10.220        0.38400E-02
     10.260        0.38330E-02
     10.310        0.38250E-02
     10.350        0.38180E-02
     10.390        0.38110E-02
     10.430        0.38030E-02
     10.470        0.37960E-02
     10.510        0.37890E-02
     10.550        0.37820E-02
     10.590        0.37750E-02
     10.630        0.37670E-02
     10.670        0.37600E-02
     10.710        0.37530E-02
     10.740        0.37460E-02
     10.780        0.37390E-02
     10.820        0.37320E-02
     10.850        0.37250E-02
     10.890        0.37180E-02
     10.930        0.37110E-02
     10.960        0.37040E-02
     11.000        0.36970E-02
     11.030        0.36900E-02
     11.070        0.36830E-02
     11.100        0.36760E-02
     11.130        0.36700E-02
     11.170        0.36630E-02
     11.200        0.36560E-02
     11.230        0.36490E-02
     11.260        0.36430E-02
     11.300        0.36360E-02
     11.330        0.36290E-02
     11.360        0.36220E-02
     11.390        0.36160E-02
     11.420        0.36090E-02
     11.450        0.36030E-02
     11.480        0.35960E-02
     11.510        0.35900E-02
     11.540        0.35830E-02
     11.570        0.35770E-02
     11.600        0.35700E-02
     11.630        0.35640E-02
     11.660        0.35570E-02
     11.680        0.35510E-02
     11.710        0.35450E-02
     11.740        0.35380E-02
     11.770        0.35320E-02
     11.790        0.35260E-02
     11.820        0.35190E-02
     11.850        0.35130E-02
     11.870        0.35070E-02
     11.900        0.35010E-02
     11.920        0.34940E-02
     11.950        0.34880E-02
     11.980        0.34820E-02
     12.000        0.34760E-02
     12.030        0.34700E-02
     12.050        0.34640E-02
     12.070        0.34580E-02
     12.100        0.34520E-02
     12.120        0.34460E-02
     12.150        0.34400E-02
     12.170        0.34340E-02
     12.190        0.34280E-02
     12.220        0.34220E-02
     12.240        0.34170E-02
     12.260        0.34110E-02
     12.280        0.34050E-02
     12.310        0.33990E-02
     12.330        0.33930E-02
     12.350        0.33880E-02
     12.370        0.33820E-02
     12.390        0.33760E-02
     12.410        0.33710E-02
     12.430        0.33650E-02
     12.460        0.33590E-02
     12.480        0.33540E-02
     12.500        0.33480E-02
     12.520        0.33430E-02
     12.540        0.33370E-02
     12.560        0.33320E-02
     12.580        0.33260E-02
     12.600        0.33210E-02
     12.620        0.33150E-02
     12.640        0.33100E-02
     12.650        0.33040E-02
     12.670        0.32990E-02
     12.690        0.32940E-02
     12.710        0.32880E-02
     12.730        0.32830E-02
     12.750        0.32780E-02
     12.770        0.32730E-02
     12.780        0.32680E-02
     12.800        0.32630E-02
     12.820        0.32570E-02
     12.840        0.32520E-02
     12.850        0.32470E-02
     12.870        0.32420E-02
     12.890        0.32370E-02
     12.910        0.32320E-02
     12.930        0.32260E-02
     13.010        0.32010E-02
     13.170        0.31520E-02
     13.380        0.30830E-02
     13.600        0.30100E-02
     13.810        0.29380E-02
     14.000        0.28680E-02
     14.190        0.27990E-02
     14.370        0.27320E-02
     14.550        0.26670E-02
     14.710        0.26040E-02
     14.880        0.25420E-02
     15.040        0.24820E-02
     15.210        0.24230E-02
     15.370        0.23650E-02
     15.530        0.23080E-02
     15.700        0.22530E-02
     15.870        0.21990E-02
     16.050        0.21460E-02
     16.230        0.20940E-02
     16.410        0.20430E-02
     16.600        0.19930E-02
     16.800        0.19450E-02
     17.000        0.18980E-02
     17.200        0.18520E-02
     17.410        0.18070E-02
     17.620        0.17630E-02
     17.840        0.17200E-02
     18.060        0.16790E-02
     18.290        0.16380E-02
     18.530        0.15990E-02
     18.770        0.15610E-02
     19.010        0.15230E-02
     19.270        0.14870E-02
     19.520        0.14520E-02
     19.790        0.14170E-02
     20.060        0.13830E-02
     20.340        0.13500E-02
     20.620        0.13180E-02
     20.910        0.12870E-02
     21.200        0.12570E-02
     21.500        0.12270E-02
     21.800        0.11990E-02
     22.100        0.11720E-02
     22.400        0.11460E-02
     22.710        0.11210E-02
     23.010        0.10970E-02
     23.310        0.10740E-02
     23.620        0.10510E-02
     23.920        0.10290E-02
     24.230        0.10080E-02
     24.540        0.98740E-03
     24.850        0.96740E-03
     25.170        0.94790E-03
     25.480        0.92890E-03
     25.800        0.91050E-03
     26.130        0.89250E-03
     26.450        0.87490E-03
     26.780        0.85780E-03
     27.110        0.84090E-03
     27.440        0.82440E-03
     27.780        0.80820E-03
     28.130        0.79240E-03
     28.480        0.77690E-03
     28.830        0.76190E-03
     29.180        0.74720E-03
     29.540        0.73280E-03
     29.910        0.71870E-03
     30.280        0.70500E-03
     30.660        0.69160E-03
     31.040        0.67870E-03
     31.430        0.66620E-03
     31.820        0.65400E-03
     32.210        0.64210E-03
     32.620        0.63040E-03
     33.020        0.61900E-03
     33.440        0.60780E-03
     33.860        0.59680E-03
     34.290        0.58580E-03
     34.720        0.57500E-03
     35.160        0.56440E-03
     35.600        0.55400E-03
     36.060        0.54380E-03
     36.520        0.53370E-03
     36.980        0.52370E-03
     37.460        0.51390E-03
     37.940        0.50420E-03
     38.430        0.49460E-03
     38.920        0.48510E-03
     39.430        0.47570E-03
     39.940        0.46640E-03
     40.460        0.45710E-03
     40.990        0.44780E-03
     41.530        0.43830E-03
     42.080        0.42860E-03
     42.640        0.41890E-03
     43.220        0.40900E-03
     43.800        0.39900E-03
     44.400        0.38910E-03
     45.010        0.37920E-03
     45.630        0.36930E-03
     46.270        0.35950E-03
     46.920        0.34990E-03
     47.590        0.34020E-03
     48.280        0.33060E-03
     48.990        0.32110E-03
     49.710        0.31140E-03
     50.000        0.30760E-03
     50.450        0.30190E-03
     51.210        0.29230E-03
     52.000        0.28260E-03
     52.820        0.27300E-03
     53.650        0.26330E-03
     54.520        0.25380E-03
     55.420        0.24450E-03
     56.340        0.23530E-03
     57.300        0.22650E-03
     58.300        0.21790E-03
     59.330        0.20950E-03
     60.390        0.20150E-03
     61.490        0.19390E-03
     62.630        0.18680E-03
     63.810        0.18000E-03
     65.030        0.17350E-03
     66.290        0.16720E-03
     67.590        0.16130E-03
     68.930        0.15550E-03
     70.000        0.15110E-03
     70.280        0.14990E-03
     71.720        0.14420E-03
     73.200        0.13840E-03
     74.740        0.13300E-03
     76.340        0.12780E-03
     77.990        0.12300E-03
     79.700        0.11840E-03
     81.470        0.11400E-03
     83.300        0.10980E-03
     85.190        0.10570E-03
     87.140        0.10190E-03
     89.160        0.98160E-04
     91.240        0.94610E-04
     93.390        0.91170E-04
     95.610        0.87840E-04
     97.900        0.84610E-04
     100.00        0.81830E-04
     100.00        0.81830E-04
     102.40        0.78750E-04
     105.00        0.75750E-04
     107.60        0.72820E-04
     110.30        0.69960E-04
     113.10        0.67180E-04
     116.00        0.64490E-04
     119.00        0.61890E-04
     122.20        0.59390E-04
     125.40        0.56980E-04
     128.80        0.54690E-04
     132.30        0.52570E-04
     135.90        0.50630E-04
     139.60        0.48880E-04
     143.40        0.47280E-04
     147.30        0.45780E-04
     150.00        0.44830E-04
     150.80        0.44540E-04
     154.90        0.43160E-04
     159.20        0.41840E-04
     163.50        0.40560E-04
     168.00        0.39330E-04
     172.60        0.38140E-04
     177.30        0.36980E-04
     182.10        0.35860E-04
     187.10        0.34770E-04
     192.20        0.33710E-04
     197.40        0.32690E-04
     200.00        0.32200E-04
     202.10        0.31800E-04
     207.60        0.30840E-04
     213.20        0.29910E-04
     218.90        0.29000E-04
     224.80        0.28120E-04
     230.90        0.27260E-04
     237.10        0.26430E-04
     243.50        0.25610E-04
     250.00        0.24820E-04
     250.00        0.24820E-04
     256.70        0.24040E-04
     263.60        0.23270E-04
     270.70        0.22530E-04
     277.90        0.21790E-04
     285.40        0.21080E-04
     293.10        0.20380E-04
     300.00        0.19790E-04
     300.00        0.19790E-04
     308.10        0.19130E-04
     316.40        0.18500E-04
     325.00        0.17880E-04
     333.80        0.17290E-04
     342.90        0.16710E-04
     350.00        0.16280E-04
     351.90        0.16170E-04
     361.50        0.15630E-04
     371.30        0.15090E-04
     381.50        0.14570E-04
     392.00        0.14060E-04
     400.00        0.13680E-04
     402.20        0.13570E-04
     413.30        0.13060E-04
     424.80        0.12560E-04
     436.70        0.12070E-04
     449.00        0.11590E-04
     450.00        0.11550E-04
     460.20        0.11180E-04
     473.30        0.10730E-04
     486.90        0.10290E-04
     500.00        0.99030E-05
     500.00        0.99030E-05
     514.60        0.94970E-05
     529.70        0.91040E-05
     545.40        0.87260E-05
     550.00        0.86210E-05
     559.80        0.84040E-05
     576.60        0.80530E-05
     594.10        0.77150E-05
     600.00        0.76050E-05
     610.90        0.74120E-05
     629.60        0.70990E-05
     649.10        0.67980E-05
     650.00        0.67850E-05
     666.10        0.65520E-05
     686.90        0.62720E-05
     700.00        0.61070E-05
     704.30        0.60510E-05
     726.70        0.57910E-05
     749.90        0.55400E-05
     750.00        0.55390E-05
     769.20        0.53440E-05
     794.00        0.51120E-05
     800.00        0.50590E-05
     815.50        0.49260E-05
     842.10        0.47120E-05
     850.00        0.46520E-05
     866.60        0.45300E-05
     895.30        0.43340E-05
     900.00        0.43030E-05
     923.80        0.41540E-05
     950.00        0.40010E-05
     950.00        0.40010E-05
     981.70        0.38300E-05
     1000.0        0.37380E-05
     1013.0        0.36730E-05
     1048.0        0.35150E-05
     1083.0        0.33620E-05
     1120.0        0.32150E-05
     1158.0        0.30720E-05
     1198.0        0.29330E-05
     1240.0        0.27970E-05
     1283.0        0.26630E-05
     1328.0        0.25310E-05
     1376.0        0.24000E-05
     1425.0        0.22710E-05
     1478.0        0.21460E-05
     1500.0        0.20960E-05
     1522.0        0.20480E-05
     1579.0        0.19320E-05
     1640.0        0.18210E-05
     1703.0        0.17160E-05
     1770.0        0.16160E-05
     1841.0        0.15220E-05
     1916.0        0.14340E-05
     1994.0        0.13510E-05
     2000.0        0.13450E-05
     2066.0        0.12830E-05
     2153.0        0.12080E-05
     2244.0        0.11390E-05
     2341.0        0.10730E-05
     2442.0        0.10120E-05
     2500.0        0.97990E-06
     2543.0        0.95710E-06
     2656.0        0.90240E-06
     2774.0        0.85120E-06
     2898.0        0.80310E-06
     3000.0        0.76760E-06
     3027.0        0.75880E-06
     3164.0        0.71640E-06
     3309.0        0.67640E-06
     3461.0        0.63880E-06
     3500.0        0.62990E-06
     3596.0        0.60860E-06
     3763.0        0.57490E-06
     3938.0        0.54310E-06
     4000.0        0.53270E-06
     4111.0        0.51480E-06
     4304.0        0.48650E-06
     4500.0        0.46080E-06
     4500.0        0.46080E-06
     4713.0        0.43560E-06
     4937.0        0.41200E-06
     5000.0        0.40570E-06
     5141.0        0.39250E-06
     5386.0        0.37140E-06
     5500.0        0.36230E-06
     5603.0        0.35450E-06
     5870.0        0.33560E-06
     6000.0        0.32710E-06
     6112.0        0.32000E-06
     6404.0        0.30310E-06
     6500.0        0.29780E-06
     6684.0        0.28830E-06
     7000.0        0.27320E-06
     7000.0        0.27320E-06
     7334.0        0.25870E-06
     7500.0        0.25210E-06
     7641.0        0.24660E-06
     8000.0        0.23380E-06
     8000.0        0.23380E-06
     8382.0        0.22140E-06
     8500.0        0.21780E-06
     8741.0        0.21080E-06
     9000.0        0.20370E-06
     9084.0        0.20150E-06
     9500.0        0.19120E-06
     9500.0        0.19120E-06
     9955.0        0.18090E-06
     10000.        0.17990E-06
