column 1: age (Myr)
column 2: luminosity (Lsun)
---------------------------
    0.96950E-02     1.6340    
    0.10280E-01     1.6070    
    0.10870E-01     1.5800    
    0.11490E-01     1.5540    
    0.12110E-01     1.5280    
    0.12760E-01     1.5020    
    0.13420E-01     1.4760    
    0.14100E-01     1.4510    
    0.14790E-01     1.4260    
    0.15500E-01     1.4010    
    0.16230E-01     1.3770    
    0.16980E-01     1.3530    
    0.17750E-01     1.3210    
    0.18550E-01     1.2840    
    0.19390E-01     1.2490    
    0.20250E-01     1.2140    
    0.21140E-01     1.1800    
    0.22070E-01     1.1470    
    0.23030E-01     1.1150    
    0.24030E-01     1.0840    
    0.25060E-01     1.0540    
    0.26140E-01     1.0240    
    0.27250E-01    0.99540    
    0.28410E-01    0.96720    
    0.29620E-01    0.93970    
    0.30870E-01    0.91290    
    0.32170E-01    0.88680    
    0.33520E-01    0.86140    
    0.34930E-01    0.83680    
    0.36390E-01    0.81300    
    0.37920E-01    0.79000    
    0.39510E-01    0.76750    
    0.41160E-01    0.74560    
    0.42880E-01    0.72420    
    0.44680E-01    0.70350    
    0.46560E-01    0.68330    
    0.48520E-01    0.66370    
    0.50570E-01    0.64460    
    0.52720E-01    0.62590    
    0.54970E-01    0.60780    
    0.57330E-01    0.59020    
    0.59820E-01    0.57310    
    0.62430E-01    0.55640    
    0.65200E-01    0.54020    
    0.68130E-01    0.52440    
    0.71260E-01    0.51030    
    0.74590E-01    0.49660    
    0.78160E-01    0.48310    
    0.82020E-01    0.46980    
    0.86210E-01    0.45680    
    0.90810E-01    0.44420    
    0.95920E-01    0.43200    
    0.10170        0.42000    
    0.10830        0.40840    
    0.11620        0.39710    
    0.12580        0.38620    
    0.13740        0.37620    
    0.14840        0.36920    
    0.15860        0.36410    
    0.16840        0.36030    
    0.17780        0.35730    
    0.18690        0.35480    
    0.19580        0.35270    
    0.20450        0.35090    
    0.21310        0.34930    
    0.22150        0.34780    
    0.22980        0.34650    
    0.23790        0.34520    
    0.24590        0.34400    
    0.25390        0.34290    
    0.26170        0.34170    
    0.26950        0.34070    
    0.27710        0.33960    
    0.28470        0.33860    
    0.29210        0.33750    
    0.29950        0.33650    
    0.30680        0.33550    
    0.31400        0.33450    
    0.32120        0.33350    
    0.32820        0.33250    
    0.33520        0.33150    
    0.34210        0.33060    
    0.34890        0.32960    
    0.35570        0.32880    
    0.36230        0.32790    
    0.36890        0.32710    
    0.37550        0.32620    
    0.38190        0.32540    
    0.38830        0.32450    
    0.39460        0.32370    
    0.40080        0.32280    
    0.40700        0.32200    
    0.41310        0.32110    
    0.41920        0.32030    
    0.42510        0.31950    
    0.43100        0.31860    
    0.43690        0.31780    
    0.44260        0.31700    
    0.44830        0.31610    
    0.45400        0.31530    
    0.45960        0.31450    
    0.46510        0.31370    
    0.47060        0.31290    
    0.47600        0.31200    
    0.48130        0.31120    
    0.48660        0.31040    
    0.49180        0.30960    
    0.49700        0.30880    
    0.50210        0.30800    
    0.50710        0.30720    
    0.51210        0.30640    
    0.51710        0.30560    
    0.52200        0.30480    
    0.52680        0.30400    
    0.53160        0.30320    
    0.53640        0.30240    
    0.54100        0.30160    
    0.54570        0.30080    
    0.55030        0.30000    
    0.55480        0.29920    
    0.55930        0.29850    
    0.56370        0.29770    
    0.56810        0.29690    
    0.57250        0.29610    
    0.57680        0.29530    
    0.58100        0.29460    
    0.58530        0.29380    
    0.58940        0.29300    
    0.59360        0.29230    
    0.59760        0.29150    
    0.60170        0.29080    
    0.60570        0.29000    
    0.60960        0.28920    
    0.61350        0.28850    
    0.61740        0.28780    
    0.62120        0.28700    
    0.62500        0.28630    
    0.62880        0.28550    
    0.63250        0.28480    
    0.63620        0.28410    
    0.63980        0.28330    
    0.64340        0.28260    
    0.64700        0.28190    
    0.65050        0.28120    
    0.65400        0.28040    
    0.65750        0.27970    
    0.66090        0.27900    
    0.66430        0.27830    
    0.66760        0.27760    
    0.67100        0.27690    
    0.67420        0.27620    
    0.67750        0.27550    
    0.68070        0.27480    
    0.68390        0.27410    
    0.68710        0.27340    
    0.69020        0.27270    
    0.69330        0.27200    
    0.69630        0.27140    
    0.69940        0.27070    
    0.70240        0.27000    
    0.70530        0.26930    
    0.70830        0.26870    
    0.71120        0.26800    
    0.71410        0.26730    
    0.71690        0.26670    
    0.71980        0.26600    
    0.72260        0.26530    
    0.72540        0.26470    
    0.72810        0.26400    
    0.73080        0.26340    
    0.73350        0.26270    
    0.73620        0.26210    
    0.73880        0.26150    
    0.74150        0.26080    
    0.74400        0.26020    
    0.74660        0.25960    
    0.74920        0.25890    
    0.75170        0.25830    
    0.75420        0.25770    
    0.75670        0.25710    
    0.75910        0.25640    
    0.76150        0.25580    
    0.76390        0.25520    
    0.76630        0.25460    
    0.76870        0.25400    
    0.77100        0.25340    
    0.77330        0.25280    
    0.77560        0.25220    
    0.77790        0.25160    
    0.78020        0.25100    
    0.78240        0.25040    
    0.78460        0.24980    
    0.78680        0.24920    
    0.78900        0.24860    
    0.79110        0.24810    
    0.79320        0.24750    
    0.79540        0.24690    
    0.79750        0.24630    
    0.79950        0.24570    
    0.80160        0.24520    
    0.80360        0.24460    
    0.80560        0.24400    
    0.80760        0.24350    
    0.80960        0.24290    
    0.81160        0.24240    
    0.81350        0.24180    
    0.81550        0.24130    
    0.81740        0.24070    
    0.81930        0.24020    
    0.82120        0.23960    
    0.82300        0.23910    
    0.82490        0.23860    
    0.82670        0.23800    
    0.82850        0.23750    
    0.83030        0.23700    
    0.83210        0.23640    
    0.83390        0.23590    
    0.83570        0.23540    
    0.83740        0.23490    
    0.83910        0.23430    
    0.84080        0.23380    
    0.84250        0.23330    
    0.84420        0.23280    
    0.84590        0.23230    
    0.84760        0.23180    
    0.84920        0.23130    
    0.85080        0.23080    
    0.85240        0.23030    
    0.85400        0.22980    
    0.85560        0.22930    
    0.85720        0.22880    
    0.85880        0.22830    
    0.86030        0.22780    
    0.86190        0.22730    
    0.86340        0.22680    
    0.86490        0.22640    
    0.86640        0.22590    
    0.86790        0.22540    
    0.86940        0.22490    
    0.87080        0.22450    
    0.87230        0.22400    
    0.87370        0.22350    
    0.87520        0.22310    
    0.87660        0.22260    
    0.87800        0.22210    
    0.87940        0.22170    
    0.88080        0.22120    
    0.88210        0.22080    
    0.88350        0.22030    
    0.88490        0.21990    
    0.88620        0.21940    
    0.88750        0.21900    
    0.89040        0.21800    
    0.89950        0.21490    
    0.91400        0.20980    
    0.93130        0.20370    
    0.94770        0.19770    
    0.96350        0.19190    
    0.97870        0.18620    
    0.99330        0.18070    
     1.0080        0.17540    
     1.0220        0.17020    
     1.0350        0.16520    
     1.0490        0.16030    
     1.0630        0.15550    
     1.0770        0.15080    
     1.0910        0.14620    
     1.1050        0.14170    
     1.1200        0.13740    
     1.1360        0.13320    
     1.1520        0.12920    
     1.1680        0.12520    
     1.1860        0.12130    
     1.2040        0.11760    
     1.2220        0.11400    
     1.2420        0.11040    
     1.2610        0.10710    
     1.2810        0.10400    
     1.3000        0.10120    
     1.3200        0.98460E-01
     1.3410        0.95800E-01
     1.3650        0.92930E-01
     1.3900        0.90140E-01
     1.4160        0.87470E-01
     1.4430        0.84810E-01
     1.4710        0.82240E-01
     1.5010        0.79780E-01
     1.5320        0.77420E-01
     1.5640        0.75150E-01
     1.5970        0.72980E-01
     1.6310        0.70890E-01
     1.6670        0.68880E-01
     1.7040        0.66940E-01
     1.7420        0.65060E-01
     1.7820        0.63190E-01
     1.8240        0.61410E-01
     1.8670        0.59720E-01
     1.9110        0.58100E-01
     1.9580        0.56540E-01
     2.0060        0.55070E-01
     2.0550        0.53660E-01
     2.1070        0.52300E-01
     2.1600        0.51000E-01
     2.2150        0.49740E-01
     2.2720        0.48470E-01
     2.3320        0.47250E-01
     2.3930        0.46100E-01
     2.4560        0.45000E-01
     2.5220        0.43950E-01
     2.5890        0.42950E-01
     2.6590        0.41980E-01
     2.7320        0.41060E-01
     2.8060        0.40160E-01
     2.8830        0.39300E-01
     2.9620        0.38480E-01
     3.0000        0.38100E-01
     3.0330        0.37780E-01
     3.1170        0.36990E-01
     3.2040        0.36190E-01
     3.2930        0.35420E-01
     3.3850        0.34710E-01
     3.4800        0.34020E-01
     3.5780        0.33360E-01
     3.6790        0.32710E-01
     3.7830        0.32090E-01
     3.8890        0.31480E-01
     3.9990        0.30890E-01
     4.1120        0.30320E-01
     4.2290        0.29760E-01
     4.3490        0.29210E-01
     4.4720        0.28670E-01
     4.5980        0.28160E-01
     4.7280        0.27650E-01
     4.8620        0.27160E-01
     5.0000        0.26700E-01
     5.1410        0.26210E-01
     5.2870        0.25740E-01
     5.4360        0.25270E-01
     5.5900        0.24820E-01
     5.7480        0.24370E-01
     5.9100        0.23940E-01
     6.0780        0.23510E-01
     6.2490        0.23090E-01
     6.4260        0.22680E-01
     6.6080        0.22280E-01
     6.7940        0.21890E-01
     6.9860        0.21510E-01
     7.1840        0.21130E-01
     7.3860        0.20760E-01
     7.5950        0.20400E-01
     7.8090        0.20040E-01
     8.0280        0.19690E-01
     8.2540        0.19350E-01
     8.4870        0.19010E-01
     8.7250        0.18680E-01
     8.9710        0.18360E-01
     9.2230        0.18040E-01
     9.4820        0.17730E-01
     9.7480        0.17420E-01
     10.020        0.17120E-01
     10.300        0.16820E-01
     10.590        0.16530E-01
     10.890        0.16240E-01
     11.200        0.15960E-01
     11.510        0.15690E-01
     11.830        0.15420E-01
     12.160        0.15150E-01
     12.510        0.14890E-01
     12.860        0.14630E-01
     13.220        0.14370E-01
     13.590        0.14120E-01
     13.970        0.13870E-01
     14.360        0.13630E-01
     14.770        0.13390E-01
     15.180        0.13160E-01
     15.610        0.12920E-01
     16.050        0.12700E-01
     16.510        0.12470E-01
     16.970        0.12250E-01
     17.380        0.12060E-01
     17.720        0.11910E-01
     18.030        0.11780E-01
     18.300        0.11670E-01
     18.540        0.11570E-01
     18.760        0.11480E-01
     18.970        0.11400E-01
     19.150        0.11320E-01
     19.330        0.11260E-01
     19.500        0.11190E-01
     19.650        0.11140E-01
     19.800        0.11080E-01
     19.940        0.11030E-01
     20.070        0.10980E-01
     20.200        0.10940E-01
     20.320        0.10900E-01
     20.440        0.10850E-01
     20.550        0.10820E-01
     20.660        0.10780E-01
     20.760        0.10740E-01
     20.860        0.10710E-01
     20.960        0.10680E-01
     21.060        0.10650E-01
     21.150        0.10620E-01
     21.230        0.10590E-01
     21.320        0.10560E-01
     21.400        0.10530E-01
     21.490        0.10510E-01
     21.560        0.10480E-01
     21.640        0.10460E-01
     21.720        0.10430E-01
     21.790        0.10410E-01
     21.860        0.10390E-01
     21.930        0.10360E-01
     22.000        0.10340E-01
     22.070        0.10320E-01
     22.130        0.10300E-01
     22.200        0.10280E-01
     22.260        0.10260E-01
     22.320        0.10240E-01
     22.380        0.10230E-01
     22.440        0.10210E-01
     22.500        0.10190E-01
     22.560        0.10170E-01
     22.610        0.10160E-01
     22.670        0.10140E-01
     22.720        0.10120E-01
     22.780        0.10110E-01
     22.830        0.10090E-01
     22.880        0.10080E-01
     22.930        0.10060E-01
     22.980        0.10050E-01
     23.030        0.10030E-01
     23.080        0.10020E-01
     23.130        0.10010E-01
     23.170        0.99930E-02
     23.220        0.99800E-02
     23.270        0.99670E-02
     23.310        0.99540E-02
     23.360        0.99410E-02
     23.400        0.99290E-02
     23.440        0.99170E-02
     23.490        0.99050E-02
     23.530        0.98930E-02
     23.570        0.98810E-02
     23.610        0.98700E-02
     23.650        0.98580E-02
     23.690        0.98470E-02
     23.730        0.98360E-02
     23.770        0.98250E-02
     23.810        0.98150E-02
     23.850        0.98040E-02
     23.890        0.97940E-02
     23.930        0.97830E-02
     23.960        0.97730E-02
     24.000        0.97630E-02
     24.040        0.97530E-02
     24.070        0.97440E-02
     24.110        0.97340E-02
     24.140        0.97250E-02
     24.180        0.97150E-02
     24.210        0.97060E-02
     24.250        0.96970E-02
     24.280        0.96880E-02
     24.320        0.96790E-02
     24.350        0.96700E-02
     24.380        0.96610E-02
     24.410        0.96530E-02
     24.450        0.96440E-02
     24.480        0.96360E-02
     24.510        0.96270E-02
     24.540        0.96190E-02
     24.570        0.96110E-02
     24.600        0.96030E-02
     24.640        0.95950E-02
     24.670        0.95870E-02
     24.700        0.95790E-02
     24.730        0.95710E-02
     24.760        0.95630E-02
     24.790        0.95560E-02
     24.810        0.95480E-02
     24.840        0.95410E-02
     24.870        0.95330E-02
     24.900        0.95260E-02
     24.930        0.95190E-02
     24.960        0.95120E-02
     24.990        0.95050E-02
     25.010        0.94980E-02
     25.040        0.94910E-02
     25.070        0.94840E-02
     25.090        0.94770E-02
     25.120        0.94700E-02
     25.150        0.94630E-02
     25.170        0.94570E-02
     25.200        0.94500E-02
     25.230        0.94440E-02
     25.250        0.94370E-02
     25.280        0.94310E-02
     25.300        0.94240E-02
     25.330        0.94180E-02
     25.350        0.94120E-02
     25.380        0.94050E-02
     25.400        0.93990E-02
     25.430        0.93930E-02
     25.450        0.93870E-02
     25.480        0.93810E-02
     25.500        0.93750E-02
     25.530        0.93690E-02
     25.550        0.93630E-02
     25.570        0.93570E-02
     25.600        0.93520E-02
     25.620        0.93460E-02
     25.640        0.93400E-02
     25.670        0.93350E-02
     25.690        0.93290E-02
     25.710        0.93230E-02
     25.740        0.93180E-02
     25.760        0.93120E-02
     25.780        0.93070E-02
     25.800        0.93010E-02
     25.830        0.92960E-02
     25.850        0.92910E-02
     25.870        0.92850E-02
     25.890        0.92800E-02
     25.910        0.92750E-02
     25.930        0.92700E-02
     25.960        0.92640E-02
     25.980        0.92590E-02
     26.000        0.92540E-02
     26.020        0.92490E-02
     26.040        0.92440E-02
     26.060        0.92390E-02
     26.080        0.92340E-02
     26.100        0.92290E-02
     26.120        0.92240E-02
     26.140        0.92190E-02
     26.160        0.92150E-02
     26.180        0.92100E-02
     26.200        0.92050E-02
     26.220        0.92000E-02
     26.240        0.91960E-02
     26.260        0.91910E-02
     26.280        0.91860E-02
     26.300        0.91820E-02
     26.320        0.91770E-02
     26.340        0.91730E-02
     26.360        0.91680E-02
     26.380        0.91640E-02
     26.400        0.91590E-02
     26.420        0.91550E-02
     26.440        0.91500E-02
     26.460        0.91460E-02
     26.470        0.91410E-02
     26.490        0.91370E-02
     26.510        0.91330E-02
     26.530        0.91280E-02
     26.550        0.91240E-02
     26.570        0.91200E-02
     26.580        0.91160E-02
     26.600        0.91110E-02
     26.620        0.91070E-02
     26.640        0.91030E-02
     26.660        0.90990E-02
     26.670        0.90950E-02
     26.690        0.90910E-02
     26.710        0.90870E-02
     26.730        0.90830E-02
     26.740        0.90790E-02
     26.760        0.90750E-02
     26.780        0.90710E-02
     26.800        0.90670E-02
     26.810        0.90630E-02
     26.830        0.90590E-02
     26.850        0.90550E-02
     26.860        0.90510E-02
     26.930        0.90360E-02
     27.080        0.90020E-02
     27.300        0.89520E-02
     27.590        0.88880E-02
     27.930        0.88140E-02
     28.310        0.87330E-02
     28.720        0.86490E-02
     29.150        0.85630E-02
     29.590        0.84770E-02
     30.050        0.83910E-02
     30.500        0.83060E-02
     30.960        0.82230E-02
     31.410        0.81440E-02
     31.820        0.80730E-02
     32.190        0.80090E-02
     32.540        0.79500E-02
     32.870        0.78970E-02
     33.170        0.78470E-02
     33.460        0.78010E-02
     33.740        0.77580E-02
     34.000        0.77180E-02
     34.240        0.76800E-02
     34.480        0.76440E-02
     34.700        0.76100E-02
     34.920        0.75780E-02
     35.130        0.75470E-02
     35.330        0.75180E-02
     35.520        0.74900E-02
     35.710        0.74630E-02
     35.890        0.74370E-02
     36.070        0.74130E-02
     36.240        0.73890E-02
     36.400        0.73660E-02
     36.560        0.73440E-02
     36.720        0.73220E-02
     36.870        0.73020E-02
     37.020        0.72820E-02
     37.160        0.72620E-02
     37.300        0.72440E-02
     37.440        0.72250E-02
     37.570        0.72080E-02
     37.700        0.71900E-02
     37.830        0.71740E-02
     37.960        0.71570E-02
     38.080        0.71410E-02
     38.200        0.71260E-02
     38.320        0.71110E-02
     38.430        0.70960E-02
     38.550        0.70820E-02
     38.660        0.70670E-02
     38.770        0.70540E-02
     38.870        0.70400E-02
     38.980        0.70270E-02
     39.080        0.70140E-02
     39.190        0.70010E-02
     39.290        0.69890E-02
     39.380        0.69770E-02
     39.480        0.69650E-02
     39.580        0.69530E-02
     39.670        0.69420E-02
     39.770        0.69310E-02
     39.860        0.69190E-02
     39.950        0.69090E-02
     40.040        0.68980E-02
     40.120        0.68870E-02
     40.210        0.68770E-02
     40.300        0.68670E-02
     40.380        0.68570E-02
     40.460        0.68470E-02
     40.550        0.68380E-02
     40.630        0.68280E-02
     40.710        0.68190E-02
     40.790        0.68100E-02
     40.860        0.68010E-02
     40.940        0.67920E-02
     41.020        0.67830E-02
     41.090        0.67740E-02
     41.170        0.67660E-02
     41.240        0.67570E-02
     41.320        0.67490E-02
     41.390        0.67410E-02
     41.460        0.67330E-02
     41.530        0.67250E-02
     41.600        0.67170E-02
     41.670        0.67090E-02
     41.740        0.67010E-02
     41.800        0.66940E-02
     41.870        0.66860E-02
     41.940        0.66790E-02
     42.000        0.66720E-02
     42.070        0.66640E-02
     42.130        0.66570E-02
     42.200        0.66500E-02
     42.260        0.66430E-02
     42.320        0.66360E-02
     42.390        0.66300E-02
     42.450        0.66230E-02
     42.510        0.66160E-02
     42.570        0.66100E-02
     42.630        0.66030E-02
     42.690        0.65970E-02
     42.750        0.65910E-02
     42.810        0.65840E-02
     42.860        0.65780E-02
     42.920        0.65720E-02
     42.980        0.65660E-02
     43.030        0.65600E-02
     43.090        0.65540E-02
     43.150        0.65480E-02
     43.200        0.65420E-02
     43.260        0.65360E-02
     43.310        0.65310E-02
     43.360        0.65250E-02
     43.420        0.65190E-02
     43.470        0.65140E-02
     43.520        0.65080E-02
     43.580        0.65030E-02
     43.630        0.64970E-02
     43.680        0.64920E-02
     43.730        0.64870E-02
     43.780        0.64820E-02
     43.830        0.64760E-02
     43.880        0.64710E-02
     43.930        0.64660E-02
     43.980        0.64610E-02
     44.030        0.64560E-02
     44.080        0.64510E-02
     44.130        0.64460E-02
     44.180        0.64410E-02
     44.220        0.64360E-02
     44.270        0.64310E-02
     44.320        0.64270E-02
     44.360        0.64220E-02
     44.410        0.64170E-02
     44.460        0.64130E-02
     44.500        0.64080E-02
     44.550        0.64030E-02
     44.590        0.63990E-02
     44.640        0.63940E-02
     44.680        0.63900E-02
     44.730        0.63850E-02
     44.770        0.63810E-02
     44.820        0.63770E-02
     44.860        0.63720E-02
     44.900        0.63680E-02
     44.950        0.63640E-02
     44.990        0.63590E-02
     45.030        0.63550E-02
     45.080        0.63510E-02
     45.120        0.63470E-02
     45.160        0.63430E-02
     45.200        0.63390E-02
     45.240        0.63350E-02
     45.280        0.63310E-02
     45.320        0.63270E-02
     45.370        0.63230E-02
     45.410        0.63190E-02
     45.450        0.63150E-02
     45.490        0.63110E-02
     45.530        0.63070E-02
     45.570        0.63030E-02
     45.610        0.62990E-02
     45.650        0.62950E-02
     45.680        0.62920E-02
     45.720        0.62880E-02
     45.760        0.62840E-02
     45.800        0.62810E-02
     45.840        0.62770E-02
     45.880        0.62730E-02
     45.910        0.62700E-02
     45.950        0.62660E-02
     45.990        0.62620E-02
     46.030        0.62590E-02
     46.060        0.62550E-02
     46.100        0.62520E-02
     46.140        0.62480E-02
     46.170        0.62450E-02
     46.210        0.62410E-02
     46.250        0.62380E-02
     46.280        0.62350E-02
     46.320        0.62310E-02
     46.360        0.62280E-02
     46.390        0.62250E-02
     46.430        0.62210E-02
     46.460        0.62180E-02
     46.500        0.62150E-02
     46.530        0.62110E-02
     46.570        0.62080E-02
     46.600        0.62050E-02
     46.640        0.62020E-02
     46.670        0.61980E-02
     46.700        0.61950E-02
     46.740        0.61920E-02
     46.770        0.61890E-02
     46.810        0.61860E-02
     46.840        0.61830E-02
     46.870        0.61800E-02
     46.910        0.61770E-02
     46.940        0.61740E-02
     46.970        0.61710E-02
     47.010        0.61680E-02
     47.040        0.61650E-02
     47.070        0.61620E-02
     47.170        0.61530E-02
     47.420        0.61290E-02
     47.830        0.60930E-02
     48.360        0.60460E-02
     48.990        0.59910E-02
     49.720        0.59310E-02
     50.000        0.59070E-02
     50.480        0.58680E-02
     51.310        0.58010E-02
     52.170        0.57340E-02
     53.060        0.56670E-02
     53.950        0.56010E-02
     54.850        0.55370E-02
     55.760        0.54740E-02
     56.650        0.54130E-02
     57.550        0.53540E-02
     58.430        0.52980E-02
     59.310        0.52430E-02
     60.190        0.51890E-02
     61.050        0.51380E-02
     61.920        0.50880E-02
     62.770        0.50390E-02
     63.630        0.49920E-02
     64.480        0.49460E-02
     65.340        0.49010E-02
     66.200        0.48560E-02
     67.070        0.48120E-02
     67.970        0.47680E-02
     68.910        0.47230E-02
     69.930        0.46750E-02
     70.000        0.46710E-02
     70.600        0.46440E-02
     71.840        0.45880E-02
     74.090        0.44910E-02
     76.430        0.43960E-02
     78.860        0.43020E-02
     81.380        0.42130E-02
     84.000        0.41240E-02
     86.720        0.40370E-02
     89.550        0.39510E-02
     92.500        0.38660E-02
     95.570        0.37830E-02
     98.790        0.37010E-02
     100.00        0.36710E-02
     102.00        0.36230E-02
     105.50        0.35430E-02
     109.20        0.34650E-02
     113.10        0.33870E-02
     117.10        0.33110E-02
     121.40        0.32360E-02
     125.80        0.31630E-02
     130.50        0.30900E-02
     135.50        0.30190E-02
     140.70        0.29490E-02
     146.30        0.28800E-02
     150.00        0.28380E-02
     151.20        0.28230E-02
     157.50        0.27580E-02
     164.30        0.26930E-02
     171.60        0.26300E-02
     179.70        0.25680E-02
     188.50        0.25070E-02
     198.20        0.24480E-02
     200.00        0.24390E-02
     208.90        0.23930E-02
     221.50        0.23360E-02
     236.20        0.22820E-02
     250.00        0.22400E-02
     253.90        0.22290E-02
     276.70        0.21790E-02
     300.00        0.21410E-02
     307.30        0.21310E-02
     350.00        0.20910E-02
     350.00        0.20910E-02
     400.00        0.20650E-02
     450.00        0.20520E-02
     450.00        0.20520E-02
     500.00        0.20440E-02
     550.00        0.20420E-02
     600.00        0.20400E-02
     650.00        0.20390E-02
     700.00        0.20390E-02
     700.00        0.20390E-02
     750.00        0.20380E-02
     800.00        0.20380E-02
     850.00        0.20380E-02
     900.00        0.20380E-02
     950.00        0.20380E-02
     950.00        0.20380E-02
     1000.0        0.20380E-02
     1500.0        0.20380E-02
     2000.0        0.20380E-02
     2500.0        0.20380E-02
     3000.0        0.20380E-02
     3000.0        0.20380E-02
     3500.0        0.20380E-02
     4000.0        0.20380E-02
     4500.0        0.20380E-02
     5000.0        0.20370E-02
     5500.0        0.20370E-02
     5500.0        0.20370E-02
     6000.0        0.20370E-02
     6500.0        0.20370E-02
     7000.0        0.20360E-02
     7500.0        0.20340E-02
     7976.0        0.20320E-02
     8000.0        0.20430E-02
     8500.0        0.20350E-02
     9000.0        0.20400E-02
     9000.0        0.20400E-02
     9500.0        0.20410E-02
     10000.        0.20360E-02
