column 1: age (Myr)
column 2: luminosity (Lsun)
---------------------------
    0.99060E-02    0.69900    
    0.10660E-01    0.68330    
    0.11440E-01    0.66770    
    0.12240E-01    0.65240    
    0.13070E-01    0.63730    
    0.13930E-01    0.62250    
    0.14810E-01    0.60800    
    0.15720E-01    0.59360    
    0.16660E-01    0.57960    
    0.17640E-01    0.56570    
    0.18640E-01    0.55210    
    0.19680E-01    0.53790    
    0.20760E-01    0.51980    
    0.21890E-01    0.50230    
    0.23070E-01    0.48540    
    0.24300E-01    0.46890    
    0.25580E-01    0.45270    
    0.26920E-01    0.43710    
    0.28320E-01    0.42200    
    0.29790E-01    0.40740    
    0.31320E-01    0.39330    
    0.32920E-01    0.37960    
    0.34590E-01    0.36640    
    0.36340E-01    0.35360    
    0.38160E-01    0.34130    
    0.40070E-01    0.32930    
    0.42060E-01    0.31780    
    0.44140E-01    0.30650    
    0.46320E-01    0.29570    
    0.48600E-01    0.28520    
    0.50980E-01    0.27510    
    0.53470E-01    0.26540    
    0.56090E-01    0.25600    
    0.58830E-01    0.24680    
    0.61700E-01    0.23800    
    0.64700E-01    0.22950    
    0.67840E-01    0.22130    
    0.71140E-01    0.21320    
    0.74600E-01    0.20550    
    0.78220E-01    0.19800    
    0.82020E-01    0.19090    
    0.85990E-01    0.18400    
    0.90160E-01    0.17730    
    0.94540E-01    0.17120    
    0.99130E-01    0.16540    
    0.10390        0.15970    
    0.10900        0.15420    
    0.11430        0.14890    
    0.11990        0.14380    
    0.12580        0.13890    
    0.13200        0.13410    
    0.13850        0.12960    
    0.14540        0.12520    
    0.15280        0.12090    
    0.16050        0.11680    
    0.16880        0.11290    
    0.17760        0.10910    
    0.18710        0.10550    
    0.19730        0.10210    
    0.20840        0.98950E-01
    0.22040        0.95930E-01
    0.23370        0.93020E-01
    0.24860        0.90240E-01
    0.26540        0.87560E-01
    0.28490        0.85000E-01
    0.30830        0.82540E-01
    0.33760        0.80170E-01
    0.37280        0.78090E-01
    0.40550        0.76670E-01
    0.43620        0.75670E-01
    0.46560        0.74920E-01
    0.49400        0.74340E-01
    0.52150        0.73870E-01
    0.54850        0.73470E-01
    0.57480        0.73130E-01
    0.60080        0.72820E-01
    0.62630        0.72540E-01
    0.65140        0.72290E-01
    0.67620        0.72040E-01
    0.70070        0.71810E-01
    0.72490        0.71580E-01
    0.74870        0.71360E-01
    0.77230        0.71150E-01
    0.79560        0.70940E-01
    0.81860        0.70730E-01
    0.84140        0.70530E-01
    0.86380        0.70330E-01
    0.88610        0.70120E-01
    0.90800        0.69930E-01
    0.92980        0.69730E-01
    0.95120        0.69530E-01
    0.97250        0.69340E-01
    0.99350        0.69150E-01
     1.0140        0.68950E-01
     1.0350        0.68760E-01
     1.0550        0.68570E-01
     1.0750        0.68380E-01
     1.0950        0.68200E-01
     1.1150        0.68010E-01
     1.1340        0.67820E-01
     1.1530        0.67640E-01
     1.1720        0.67450E-01
     1.1910        0.67270E-01
     1.2090        0.67090E-01
     1.2280        0.66910E-01
     1.2460        0.66730E-01
     1.2640        0.66550E-01
     1.2820        0.66370E-01
     1.2990        0.66190E-01
     1.3170        0.66010E-01
     1.3340        0.65840E-01
     1.3510        0.65660E-01
     1.3670        0.65490E-01
     1.3840        0.65310E-01
     1.4000        0.65140E-01
     1.4170        0.64970E-01
     1.4330        0.64800E-01
     1.4490        0.64620E-01
     1.4640        0.64460E-01
     1.4800        0.64290E-01
     1.4950        0.64120E-01
     1.5100        0.63950E-01
     1.5250        0.63790E-01
     1.5400        0.63620E-01
     1.5550        0.63460E-01
     1.5690        0.63290E-01
     1.5840        0.63130E-01
     1.5980        0.62970E-01
     1.6120        0.62810E-01
     1.6260        0.62640E-01
     1.6400        0.62470E-01
     1.6530        0.62310E-01
     1.6670        0.62150E-01
     1.6800        0.61990E-01
     1.6930        0.61820E-01
     1.7060        0.61660E-01
     1.7190        0.61510E-01
     1.7320        0.61350E-01
     1.7450        0.61190E-01
     1.7570        0.61030E-01
     1.7690        0.60880E-01
     1.7820        0.60730E-01
     1.7940        0.60570E-01
     1.8060        0.60420E-01
     1.8180        0.60270E-01
     1.8290        0.60120E-01
     1.8410        0.59970E-01
     1.8520        0.59820E-01
     1.8640        0.59670E-01
     1.8750        0.59530E-01
     1.8860        0.59380E-01
     1.8970        0.59230E-01
     1.9080        0.59090E-01
     1.9190        0.58950E-01
     1.9290        0.58800E-01
     1.9400        0.58660E-01
     1.9500        0.58530E-01
     1.9600        0.58390E-01
     1.9710        0.58250E-01
     1.9810        0.58110E-01
     1.9910        0.57980E-01
     2.0010        0.57840E-01
     2.0100        0.57700E-01
     2.0200        0.57570E-01
     2.0300        0.57430E-01
     2.0390        0.57300E-01
     2.0480        0.57170E-01
     2.0580        0.57030E-01
     2.0670        0.56900E-01
     2.0760        0.56770E-01
     2.0850        0.56640E-01
     2.0940        0.56510E-01
     2.1030        0.56380E-01
     2.1120        0.56260E-01
     2.1200        0.56130E-01
     2.1290        0.56000E-01
     2.1370        0.55880E-01
     2.1460        0.55750E-01
     2.1540        0.55630E-01
     2.1620        0.55500E-01
     2.1700        0.55380E-01
     2.1780        0.55260E-01
     2.1860        0.55140E-01
     2.1940        0.55020E-01
     2.2020        0.54900E-01
     2.2100        0.54780E-01
     2.2170        0.54660E-01
     2.2250        0.54540E-01
     2.2320        0.54420E-01
     2.2400        0.54310E-01
     2.2470        0.54190E-01
     2.2540        0.54070E-01
     2.2620        0.53960E-01
     2.2690        0.53850E-01
     2.2760        0.53730E-01
     2.2830        0.53620E-01
     2.2900        0.53510E-01
     2.2970        0.53390E-01
     2.3030        0.53280E-01
     2.3100        0.53170E-01
     2.3170        0.53060E-01
     2.3230        0.52950E-01
     2.3300        0.52850E-01
     2.3360        0.52740E-01
     2.3430        0.52630E-01
     2.3490        0.52520E-01
     2.3560        0.52420E-01
     2.3620        0.52310E-01
     2.3680        0.52210E-01
     2.3740        0.52100E-01
     2.3800        0.52000E-01
     2.3860        0.51890E-01
     2.3920        0.51790E-01
     2.3980        0.51690E-01
     2.4040        0.51590E-01
     2.4100        0.51490E-01
     2.4150        0.51390E-01
     2.4210        0.51290E-01
     2.4270        0.51190E-01
     2.4320        0.51090E-01
     2.4380        0.50990E-01
     2.4430        0.50890E-01
     2.4490        0.50800E-01
     2.4540        0.50700E-01
     2.4590        0.50600E-01
     2.4640        0.50510E-01
     2.4700        0.50410E-01
     2.4750        0.50320E-01
     2.4800        0.50220E-01
     2.4850        0.50120E-01
     2.4900        0.50020E-01
     2.4950        0.49920E-01
     2.5000        0.49830E-01
     2.5050        0.49730E-01
     2.5100        0.49640E-01
     2.5150        0.49540E-01
     2.5190        0.49450E-01
     2.5240        0.49360E-01
     2.5290        0.49260E-01
     2.5330        0.49170E-01
     2.5380        0.49080E-01
     2.5430        0.48990E-01
     2.5470        0.48900E-01
     2.5520        0.48810E-01
     2.5560        0.48720E-01
     2.5600        0.48630E-01
     2.5650        0.48550E-01
     2.5690        0.48460E-01
     2.5730        0.48370E-01
     2.5780        0.48290E-01
     2.5820        0.48200E-01
     2.5860        0.48120E-01
     2.5900        0.48030E-01
     2.5940        0.47950E-01
     2.5980        0.47870E-01
     2.6030        0.47780E-01
     2.6070        0.47700E-01
     2.6110        0.47620E-01
     2.6140        0.47540E-01
     2.6180        0.47460E-01
     2.6220        0.47380E-01
     2.6260        0.47300E-01
     2.6300        0.47220E-01
     2.6380        0.47050E-01
     2.6640        0.46500E-01
     2.7050        0.45620E-01
     2.7540        0.44570E-01
     2.8000        0.43550E-01
     2.8430        0.42590E-01
     2.8840        0.41650E-01
     2.9230        0.40740E-01
     2.9610        0.39870E-01
     2.9980        0.39010E-01
     3.0000        0.38960E-01
     3.0290        0.38290E-01
     3.0640        0.37470E-01
     3.0990        0.36700E-01
     3.1340        0.35950E-01
     3.1690        0.35230E-01
     3.2050        0.34530E-01
     3.2410        0.33860E-01
     3.2780        0.33210E-01
     3.3160        0.32580E-01
     3.3550        0.31960E-01
     3.3950        0.31360E-01
     3.4360        0.30810E-01
     3.4780        0.30240E-01
     3.5220        0.29670E-01
     3.5660        0.29130E-01
     3.6120        0.28600E-01
     3.6560        0.28110E-01
     3.7010        0.27640E-01
     3.7480        0.27170E-01
     3.7990        0.26690E-01
     3.8520        0.26220E-01
     3.9060        0.25760E-01
     3.9620        0.25310E-01
     4.0190        0.24870E-01
     4.0780        0.24450E-01
     4.1380        0.24030E-01
     4.2000        0.23620E-01
     4.2640        0.23220E-01
     4.3290        0.22830E-01
     4.3960        0.22450E-01
     4.4650        0.22070E-01
     4.5350        0.21710E-01
     4.6080        0.21340E-01
     4.6820        0.20990E-01
     4.7580        0.20650E-01
     4.8370        0.20310E-01
     4.9170        0.19980E-01
     4.9990        0.19650E-01
     5.0840        0.19330E-01
     5.1700        0.19020E-01
     5.2590        0.18710E-01
     5.3500        0.18410E-01
     5.4430        0.18110E-01
     5.5390        0.17820E-01
     5.6380        0.17530E-01
     5.7390        0.17250E-01
     5.8430        0.16970E-01
     5.9490        0.16690E-01
     6.0590        0.16420E-01
     6.1710        0.16160E-01
     6.2860        0.15890E-01
     6.4040        0.15640E-01
     6.5260        0.15380E-01
     6.6500        0.15130E-01
     6.7780        0.14880E-01
     6.9090        0.14640E-01
     7.0440        0.14400E-01
     7.1830        0.14170E-01
     7.3250        0.13940E-01
     7.4710        0.13710E-01
     7.6210        0.13480E-01
     7.7750        0.13260E-01
     7.9340        0.13040E-01
     8.0970        0.12820E-01
     8.2650        0.12600E-01
     8.4380        0.12390E-01
     8.6150        0.12180E-01
     8.7980        0.11970E-01
     8.9850        0.11760E-01
     9.1790        0.11560E-01
     9.3780        0.11350E-01
     9.5820        0.11150E-01
     9.7930        0.10960E-01
     10.010        0.10760E-01
     10.230        0.10570E-01
     10.460        0.10380E-01
     10.700        0.10190E-01
     10.940        0.10000E-01
     11.190        0.98190E-02
     11.450        0.96380E-02
     11.720        0.94580E-02
     11.990        0.92800E-02
     12.270        0.91050E-02
     12.560        0.89340E-02
     12.860        0.87670E-02
     13.170        0.86020E-02
     13.490        0.84410E-02
     13.810        0.82810E-02
     14.150        0.81230E-02
     14.500        0.79670E-02
     14.850        0.78140E-02
     15.220        0.76630E-02
     15.600        0.75140E-02
     15.990        0.73680E-02
     16.390        0.72240E-02
     16.810        0.70820E-02
     17.240        0.69420E-02
     17.680        0.68040E-02
     18.140        0.66690E-02
     18.610        0.65360E-02
     19.100        0.64050E-02
     19.600        0.62760E-02
     20.120        0.61490E-02
     20.650        0.60240E-02
     21.200        0.59020E-02
     21.770        0.57820E-02
     22.360        0.56650E-02
     22.960        0.55490E-02
     23.580        0.54350E-02
     24.230        0.53240E-02
     24.890        0.52150E-02
     25.580        0.51090E-02
     26.280        0.50060E-02
     27.010        0.49040E-02
     27.760        0.48030E-02
     28.530        0.47050E-02
     29.330        0.46080E-02
     30.160        0.45120E-02
     31.010        0.44180E-02
     31.890        0.43250E-02
     32.790        0.42340E-02
     33.720        0.41460E-02
     34.540        0.40710E-02
     35.250        0.40080E-02
     35.870        0.39550E-02
     36.430        0.39090E-02
     36.930        0.38680E-02
     37.400        0.38310E-02
     37.820        0.37980E-02
     38.220        0.37670E-02
     38.600        0.37390E-02
     38.950        0.37130E-02
     39.280        0.36890E-02
     39.590        0.36670E-02
     39.890        0.36460E-02
     40.180        0.36260E-02
     40.450        0.36070E-02
     40.710        0.35890E-02
     40.960        0.35720E-02
     41.210        0.35560E-02
     41.440        0.35400E-02
     41.670        0.35250E-02
     41.880        0.35110E-02
     42.090        0.34980E-02
     42.300        0.34850E-02
     42.500        0.34720E-02
     42.690        0.34600E-02
     42.880        0.34480E-02
     43.060        0.34370E-02
     43.240        0.34260E-02
     43.410        0.34150E-02
     43.580        0.34050E-02
     43.740        0.33950E-02
     43.910        0.33850E-02
     44.060        0.33760E-02
     44.220        0.33670E-02
     44.370        0.33580E-02
     44.520        0.33490E-02
     44.660        0.33410E-02
     44.800        0.33330E-02
     44.940        0.33250E-02
     45.080        0.33170E-02
     45.210        0.33090E-02
     45.350        0.33020E-02
     45.470        0.32940E-02
     45.600        0.32870E-02
     45.730        0.32800E-02
     45.850        0.32730E-02
     45.970        0.32670E-02
     46.090        0.32600E-02
     46.210        0.32540E-02
     46.320        0.32470E-02
     46.440        0.32410E-02
     46.550        0.32350E-02
     46.660        0.32290E-02
     46.770        0.32230E-02
     46.880        0.32170E-02
     46.980        0.32120E-02
     47.090        0.32060E-02
     47.190        0.32010E-02
     47.290        0.31950E-02
     47.390        0.31900E-02
     47.490        0.31850E-02
     47.590        0.31800E-02
     47.690        0.31750E-02
     47.780        0.31700E-02
     47.880        0.31650E-02
     47.970        0.31600E-02
     48.060        0.31550E-02
     48.150        0.31510E-02
     48.250        0.31460E-02
     48.330        0.31420E-02
     48.420        0.31370E-02
     48.510        0.31330E-02
     48.600        0.31280E-02
     48.680        0.31240E-02
     48.770        0.31200E-02
     48.850        0.31160E-02
     48.930        0.31110E-02
     49.020        0.31070E-02
     49.100        0.31030E-02
     49.180        0.30990E-02
     49.260        0.30960E-02
     49.340        0.30920E-02
     49.410        0.30880E-02
     49.490        0.30840E-02
     49.570        0.30800E-02
     49.650        0.30770E-02
     49.720        0.30730E-02
     49.800        0.30690E-02
     49.870        0.30660E-02
     49.940        0.30620E-02
     50.000        0.30600E-02
     50.010        0.30590E-02
     50.090        0.30560E-02
     50.160        0.30520E-02
     50.230        0.30490E-02
     50.300        0.30460E-02
     50.370        0.30430E-02
     50.440        0.30390E-02
     50.510        0.30360E-02
     50.580        0.30330E-02
     50.640        0.30300E-02
     50.710        0.30270E-02
     50.780        0.30240E-02
     50.840        0.30210E-02
     50.910        0.30180E-02
     50.970        0.30150E-02
     51.040        0.30120E-02
     51.100        0.30090E-02
     51.170        0.30060E-02
     51.230        0.30030E-02
     51.290        0.30000E-02
     51.360        0.29980E-02
     51.420        0.29950E-02
     51.480        0.29920E-02
     51.540        0.29890E-02
     51.600        0.29870E-02
     51.660        0.29840E-02
     51.720        0.29810E-02
     51.780        0.29790E-02
     51.840        0.29760E-02
     51.900        0.29740E-02
     51.960        0.29710E-02
     52.010        0.29680E-02
     52.070        0.29660E-02
     52.130        0.29630E-02
     52.190        0.29610E-02
     52.240        0.29580E-02
     52.300        0.29560E-02
     52.350        0.29540E-02
     52.410        0.29510E-02
     52.460        0.29490E-02
     52.520        0.29460E-02
     52.570        0.29440E-02
     52.630        0.29420E-02
     52.680        0.29390E-02
     52.730        0.29370E-02
     52.790        0.29350E-02
     52.840        0.29330E-02
     52.890        0.29300E-02
     52.950        0.29280E-02
     53.000        0.29260E-02
     53.050        0.29240E-02
     53.100        0.29220E-02
     53.150        0.29190E-02
     53.200        0.29170E-02
     53.250        0.29150E-02
     53.300        0.29130E-02
     53.350        0.29110E-02
     53.400        0.29090E-02
     53.450        0.29070E-02
     53.500        0.29050E-02
     53.550        0.29030E-02
     53.600        0.29010E-02
     53.650        0.28990E-02
     53.700        0.28970E-02
     53.740        0.28950E-02
     53.790        0.28930E-02
     53.840        0.28910E-02
     53.890        0.28890E-02
     53.930        0.28870E-02
     53.980        0.28850E-02
     54.030        0.28830E-02
     54.070        0.28810E-02
     54.120        0.28790E-02
     54.160        0.28770E-02
     54.210        0.28760E-02
     54.260        0.28740E-02
     54.300        0.28720E-02
     54.350        0.28700E-02
     54.390        0.28680E-02
     54.430        0.28660E-02
     54.480        0.28650E-02
     54.520        0.28630E-02
     54.570        0.28610E-02
     54.610        0.28590E-02
     54.650        0.28570E-02
     54.700        0.28560E-02
     54.740        0.28540E-02
     54.780        0.28520E-02
     54.830        0.28510E-02
     54.870        0.28490E-02
     54.910        0.28470E-02
     54.950        0.28450E-02
     55.000        0.28440E-02
     55.040        0.28420E-02
     55.080        0.28410E-02
     55.120        0.28390E-02
     55.160        0.28370E-02
     55.200        0.28360E-02
     55.240        0.28340E-02
     55.290        0.28320E-02
     55.330        0.28310E-02
     55.370        0.28290E-02
     55.410        0.28280E-02
     55.450        0.28260E-02
     55.490        0.28240E-02
     55.650        0.28180E-02
     56.000        0.28050E-02
     56.530        0.27840E-02
     57.210        0.27590E-02
     58.020        0.27290E-02
     58.930        0.26960E-02
     59.920        0.26620E-02
     60.960        0.26270E-02
     62.040        0.25910E-02
     63.150        0.25560E-02
     64.280        0.25220E-02
     65.410        0.24880E-02
     66.540        0.24550E-02
     67.580        0.24260E-02
     68.540        0.23990E-02
     69.430        0.23750E-02
     70.000        0.23600E-02
     70.160        0.23560E-02
     70.960        0.23350E-02
     71.710        0.23160E-02
     72.430        0.22980E-02
     73.110        0.22820E-02
     73.760        0.22660E-02
     74.380        0.22510E-02
     74.980        0.22370E-02
     75.550        0.22240E-02
     76.100        0.22110E-02
     76.640        0.21990E-02
     77.150        0.21870E-02
     77.650        0.21760E-02
     78.140        0.21660E-02
     78.600        0.21560E-02
     79.060        0.21460E-02
     79.510        0.21370E-02
     79.940        0.21280E-02
     80.360        0.21190E-02
     80.770        0.21100E-02
     81.170        0.21020E-02
     81.560        0.20940E-02
     81.940        0.20860E-02
     82.320        0.20790E-02
     82.690        0.20720E-02
     83.040        0.20650E-02
     83.400        0.20580E-02
     83.740        0.20510E-02
     84.080        0.20450E-02
     84.410        0.20380E-02
     84.740        0.20320E-02
     85.060        0.20260E-02
     85.370        0.20200E-02
     85.680        0.20150E-02
     85.980        0.20090E-02
     86.280        0.20040E-02
     86.580        0.19980E-02
     86.870        0.19930E-02
     87.150        0.19880E-02
     87.430        0.19830E-02
     87.710        0.19780E-02
     87.980        0.19730E-02
     88.250        0.19680E-02
     88.520        0.19640E-02
     88.780        0.19590E-02
     89.040        0.19540E-02
     89.290        0.19500E-02
     89.540        0.19460E-02
     89.790        0.19420E-02
     90.030        0.19370E-02
     90.280        0.19330E-02
     90.520        0.19290E-02
     90.750        0.19250E-02
     90.990        0.19210E-02
     91.220        0.19170E-02
     91.450        0.19140E-02
     91.670        0.19100E-02
     91.890        0.19060E-02
     92.120        0.19030E-02
     92.330        0.18990E-02
     92.550        0.18960E-02
     92.760        0.18920E-02
     92.980        0.18890E-02
     93.190        0.18850E-02
     93.390        0.18820E-02
     93.600        0.18790E-02
     93.800        0.18760E-02
     94.000        0.18720E-02
     94.200        0.18690E-02
     94.400        0.18660E-02
     94.600        0.18630E-02
     94.790        0.18600E-02
     94.980        0.18570E-02
     95.170        0.18540E-02
     95.360        0.18510E-02
     95.550        0.18490E-02
     95.740        0.18460E-02
     95.920        0.18430E-02
     96.100        0.18400E-02
     96.290        0.18380E-02
     96.460        0.18350E-02
     96.640        0.18320E-02
     96.820        0.18300E-02
     97.000        0.18270E-02
     97.170        0.18240E-02
     97.340        0.18220E-02
     97.510        0.18190E-02
     97.680        0.18170E-02
     97.850        0.18140E-02
     98.020        0.18120E-02
     98.190        0.18100E-02
     98.350        0.18070E-02
     98.520        0.18050E-02
     98.680        0.18020E-02
     98.840        0.18000E-02
     99.000        0.17980E-02
     99.160        0.17960E-02
     99.320        0.17930E-02
     99.470        0.17910E-02
     99.630        0.17890E-02
     99.790        0.17870E-02
     99.940        0.17850E-02
     100.00        0.17840E-02
     100.10        0.17820E-02
     100.20        0.17800E-02
     100.40        0.17780E-02
     100.50        0.17760E-02
     100.70        0.17740E-02
     100.80        0.17720E-02
     101.00        0.17700E-02
     101.10        0.17680E-02
     101.30        0.17660E-02
     101.40        0.17640E-02
     101.60        0.17620E-02
     101.70        0.17600E-02
     101.90        0.17580E-02
     102.00        0.17560E-02
     102.10        0.17540E-02
     102.30        0.17520E-02
     102.40        0.17500E-02
     102.60        0.17490E-02
     102.70        0.17470E-02
     102.80        0.17450E-02
     103.00        0.17430E-02
     103.10        0.17410E-02
     103.20        0.17400E-02
     103.40        0.17380E-02
     103.50        0.17360E-02
     103.60        0.17340E-02
     103.80        0.17330E-02
     103.90        0.17310E-02
     104.00        0.17290E-02
     104.10        0.17270E-02
     104.30        0.17260E-02
     104.40        0.17240E-02
     104.50        0.17220E-02
     104.70        0.17210E-02
     104.80        0.17190E-02
     104.90        0.17170E-02
     105.00        0.17160E-02
     105.20        0.17140E-02
     105.30        0.17130E-02
     105.40        0.17110E-02
     105.50        0.17100E-02
     105.70        0.17080E-02
     105.80        0.17060E-02
     105.90        0.17050E-02
     106.00        0.17030E-02
     106.10        0.17020E-02
     106.30        0.17000E-02
     106.40        0.16990E-02
     106.50        0.16970E-02
     106.60        0.16960E-02
     106.70        0.16940E-02
     106.80        0.16930E-02
     107.00        0.16910E-02
     107.10        0.16900E-02
     107.20        0.16890E-02
     107.30        0.16870E-02
     107.40        0.16860E-02
     107.50        0.16840E-02
     107.60        0.16830E-02
     107.70        0.16820E-02
     107.90        0.16800E-02
     108.00        0.16790E-02
     108.10        0.16770E-02
     108.20        0.16760E-02
     108.30        0.16750E-02
     108.40        0.16730E-02
     108.50        0.16720E-02
     108.60        0.16710E-02
     108.70        0.16690E-02
     108.80        0.16680E-02
     109.00        0.16670E-02
     109.10        0.16660E-02
     109.20        0.16640E-02
     109.30        0.16630E-02
     109.40        0.16620E-02
     109.50        0.16600E-02
     109.60        0.16590E-02
     109.70        0.16580E-02
     109.80        0.16570E-02
     109.90        0.16550E-02
     110.00        0.16540E-02
     110.10        0.16530E-02
     110.20        0.16520E-02
     110.30        0.16510E-02
     110.40        0.16490E-02
     110.60        0.16470E-02
     111.30        0.16380E-02
     112.50        0.16250E-02
     114.10        0.16070E-02
     116.10        0.15850E-02
     118.40        0.15610E-02
     120.90        0.15350E-02
     123.60        0.15080E-02
     126.40        0.14810E-02
     129.40        0.14530E-02
     132.50        0.14270E-02
     135.60        0.14000E-02
     138.80        0.13740E-02
     142.00        0.13490E-02
     145.30        0.13250E-02
     148.60        0.13010E-02
     150.00        0.12910E-02
     151.20        0.12830E-02
     154.60        0.12600E-02
     158.00        0.12380E-02
     161.50        0.12170E-02
     164.90        0.11960E-02
     168.40        0.11760E-02
     172.00        0.11560E-02
     175.70        0.11370E-02
     179.40        0.11170E-02
     183.20        0.10980E-02
     187.20        0.10790E-02
     191.40        0.10600E-02
     196.10        0.10400E-02
     200.00        0.10230E-02
     200.80        0.10200E-02
     206.00        0.99890E-03
     211.70        0.97710E-03
     217.50        0.95580E-03
     223.50        0.93500E-03
     229.70        0.91460E-03
     236.10        0.89470E-03
     242.60        0.87520E-03
     249.30        0.85620E-03
     250.00        0.85430E-03
     255.20        0.84040E-03
     262.20        0.82200E-03
     269.50        0.80410E-03
     276.90        0.78660E-03
     284.60        0.76950E-03
     292.60        0.75280E-03
     300.00        0.73780E-03
     300.00        0.73780E-03
     308.40        0.72170E-03
     317.10        0.70590E-03
     326.10        0.69040E-03
     335.30        0.67520E-03
     344.90        0.66020E-03
     350.00        0.65260E-03
     354.00        0.64680E-03
     364.20        0.63240E-03
     374.80        0.61800E-03
     385.80        0.60400E-03
     397.30        0.59020E-03
     400.00        0.58710E-03
     407.10        0.57880E-03
     419.40        0.56560E-03
     432.20        0.55270E-03
     445.50        0.54020E-03
     450.00        0.53610E-03
     458.40        0.52880E-03
     472.80        0.51670E-03
     487.80        0.50480E-03
     500.00        0.49570E-03
     503.20        0.49340E-03
     519.40        0.48170E-03
     536.40        0.47020E-03
     550.00        0.46150E-03
     553.60        0.45930E-03
     572.10        0.44820E-03
     591.50        0.43730E-03
     600.00        0.43280E-03
     608.20        0.42820E-03
     629.40        0.41760E-03
     650.00        0.40810E-03
     650.00        0.40810E-03
     673.10        0.39810E-03
     697.30        0.38810E-03
     700.00        0.38700E-03
     720.20        0.37930E-03
     746.60        0.36980E-03
     750.00        0.36860E-03
     772.00        0.36130E-03
     800.00        0.35250E-03
     800.00        0.35250E-03
     829.80        0.34370E-03
     850.00        0.33810E-03
     856.20        0.33620E-03
     888.60        0.32780E-03
     900.00        0.32490E-03
     920.40        0.31990E-03
     950.00        0.31300E-03
     950.00        0.31300E-03
     986.70        0.30480E-03
     1000.0        0.30200E-03
     1023.0        0.29730E-03
     1064.0        0.28950E-03
     1106.0        0.28180E-03
     1151.0        0.27390E-03
     1198.0        0.26570E-03
     1248.0        0.25750E-03
     1301.0        0.24950E-03
     1358.0        0.24160E-03
     1419.0        0.23390E-03
     1484.0        0.22590E-03
     1500.0        0.22390E-03
     1542.0        0.21910E-03
     1616.0        0.21120E-03
     1697.0        0.20360E-03
     1784.0        0.19640E-03
     1879.0        0.18930E-03
     1981.0        0.18250E-03
     2000.0        0.18130E-03
     2089.0        0.17600E-03
     2209.0        0.16930E-03
     2341.0        0.16220E-03
     2493.0        0.15370E-03
     2500.0        0.15330E-03
     2638.0        0.14570E-03
     2839.0        0.13700E-03
     3000.0        0.13200E-03
     3056.0        0.13050E-03
     3461.0        0.12350E-03
     3500.0        0.12300E-03
     4000.0        0.11910E-03
     4000.0        0.11910E-03
     4500.0        0.11720E-03
     5000.0        0.11640E-03
     5500.0        0.11570E-03
     5500.0        0.11570E-03
     6000.0        0.11530E-03
     6500.0        0.11510E-03
     7000.0        0.11490E-03
     7500.0        0.11480E-03
     8000.0        0.11470E-03
     8000.0        0.11470E-03
     8500.0        0.11460E-03
     9000.0        0.11460E-03
     9500.0        0.11450E-03
     10000.        0.11450E-03
