column 1: age (Myr)
column 2: luminosity (Lsun)
------------------------------
    0.88480E-02    0.14130    
    0.10250E-01    0.13730    
    0.11700E-01    0.13340    
    0.13220E-01    0.12950    
    0.14790E-01    0.12570    
    0.16430E-01    0.12210    
    0.18130E-01    0.11850    
    0.19910E-01    0.11470    
    0.21770E-01    0.11080    
    0.23710E-01    0.10700    
    0.25750E-01    0.10340    
    0.27880E-01    0.99900E-01
    0.30100E-01    0.96530E-01
    0.32430E-01    0.93310E-01
    0.34860E-01    0.90240E-01
    0.37400E-01    0.87300E-01
    0.40050E-01    0.84490E-01
    0.42820E-01    0.81790E-01
    0.45720E-01    0.79160E-01
    0.48750E-01    0.76580E-01
    0.51900E-01    0.74120E-01
    0.55210E-01    0.71450E-01
    0.58670E-01    0.68960E-01
    0.62300E-01    0.66610E-01
    0.66080E-01    0.64380E-01
    0.70020E-01    0.62260E-01
    0.74130E-01    0.60260E-01
    0.78410E-01    0.58270E-01
    0.82880E-01    0.56400E-01
    0.87520E-01    0.54640E-01
    0.92350E-01    0.52970E-01
    0.97370E-01    0.51400E-01
    0.10260        0.49910E-01
    0.10800        0.48490E-01
    0.11360        0.47150E-01
    0.11940        0.45860E-01
    0.12540        0.44630E-01
    0.13160        0.43420E-01
    0.13800        0.42250E-01
    0.14470        0.41150E-01
    0.15160        0.40090E-01
    0.15870        0.39090E-01
    0.16600        0.38120E-01
    0.17360        0.37200E-01
    0.18150        0.36320E-01
    0.18950        0.35470E-01
    0.19790        0.34660E-01
    0.20650        0.33860E-01
    0.21530        0.33110E-01
    0.22440        0.32450E-01
    0.23380        0.31770E-01
    0.24340        0.31100E-01
    0.25340        0.30460E-01
    0.26360        0.29830E-01
    0.27410        0.29230E-01
    0.28490        0.28640E-01
    0.29610        0.28070E-01
    0.30750        0.27530E-01
    0.31930        0.26990E-01
    0.33140        0.26470E-01
    0.34390        0.25970E-01
    0.35670        0.25480E-01
    0.36980        0.25010E-01
    0.38340        0.24550E-01
    0.39730        0.24120E-01
    0.41160        0.23710E-01
    0.42630        0.23300E-01
    0.44150        0.22910E-01
    0.45700        0.22520E-01
    0.47300        0.22140E-01
    0.48950        0.21760E-01
    0.50650        0.21400E-01
    0.52390        0.21040E-01
    0.54190        0.20690E-01
    0.56050        0.20340E-01
    0.57960        0.20010E-01
    0.59940        0.19670E-01
    0.61990        0.19350E-01
    0.64110        0.19030E-01
    0.66300        0.18720E-01
    0.68590        0.18420E-01
    0.70960        0.18110E-01
    0.73450        0.17820E-01
    0.76040        0.17530E-01
    0.78780        0.17250E-01
    0.81660        0.16970E-01
    0.84710        0.16690E-01
    0.87980        0.16420E-01
    0.91490        0.16160E-01
    0.95310        0.15900E-01
    0.99520        0.15650E-01
     1.0420        0.15400E-01
     1.0970        0.15150E-01
     1.1610        0.14910E-01
     1.2420        0.14680E-01
     1.3370        0.14470E-01
     1.4240        0.14340E-01
     1.5060        0.14240E-01
     1.5830        0.14160E-01
     1.6580        0.14110E-01
     1.7300        0.14060E-01
     1.8010        0.14020E-01
     1.8690        0.13990E-01
     1.9370        0.13960E-01
     2.0030        0.13930E-01
     2.0690        0.13900E-01
     2.1330        0.13880E-01
     2.1970        0.13850E-01
     2.2590        0.13830E-01
     2.3210        0.13810E-01
     2.3820        0.13790E-01
     2.4420        0.13770E-01
     2.5010        0.13740E-01
     2.5590        0.13720E-01
     2.6170        0.13700E-01
     2.6740        0.13680E-01
     2.7300        0.13660E-01
     2.7860        0.13640E-01
     2.8410        0.13620E-01
     2.8950        0.13600E-01
     2.9480        0.13580E-01
     3.0000        0.13560E-01
     3.0000        0.13560E-01
     3.0520        0.13530E-01
     3.1040        0.13510E-01
     3.1550        0.13490E-01
     3.2050        0.13470E-01
     3.2550        0.13450E-01
     3.3040        0.13430E-01
     3.3520        0.13410E-01
     3.4000        0.13390E-01
     3.4470        0.13370E-01
     3.4940        0.13350E-01
     3.5400        0.13330E-01
     3.5850        0.13310E-01
     3.6300        0.13290E-01
     3.6740        0.13270E-01
     3.7180        0.13250E-01
     3.7620        0.13230E-01
     3.8040        0.13210E-01
     3.8470        0.13190E-01
     3.8880        0.13170E-01
     3.9290        0.13150E-01
     3.9700        0.13130E-01
     4.0100        0.13110E-01
     4.0500        0.13090E-01
     4.0890        0.13070E-01
     4.1280        0.13050E-01
     4.1660        0.13040E-01
     4.2040        0.13020E-01
     4.2420        0.13000E-01
     4.2790        0.12980E-01
     4.3150        0.12960E-01
     4.3510        0.12940E-01
     4.3870        0.12920E-01
     4.4220        0.12900E-01
     4.4570        0.12880E-01
     4.4910        0.12860E-01
     4.5250        0.12840E-01
     4.5580        0.12820E-01
     4.5910        0.12810E-01
     4.6240        0.12790E-01
     4.6560        0.12770E-01
     4.6880        0.12750E-01
     4.7200        0.12730E-01
     4.7510        0.12710E-01
     4.7820        0.12690E-01
     4.8120        0.12670E-01
     4.8430        0.12660E-01
     4.8720        0.12640E-01
     4.9020        0.12620E-01
     4.9310        0.12600E-01
     4.9590        0.12580E-01
     4.9880        0.12560E-01
     5.0160        0.12550E-01
     5.0440        0.12530E-01
     5.0710        0.12510E-01
     5.0980        0.12490E-01
     5.1250        0.12470E-01
     5.1510        0.12450E-01
     5.1770        0.12440E-01
     5.2030        0.12420E-01
     5.2290        0.12400E-01
     5.2540        0.12380E-01
     5.2790        0.12370E-01
     5.3040        0.12350E-01
     5.3280        0.12330E-01
     5.3520        0.12310E-01
     5.3760        0.12290E-01
     5.3990        0.12270E-01
     5.4230        0.12260E-01
     5.4460        0.12240E-01
     5.4690        0.12220E-01
     5.4910        0.12200E-01
     5.5130        0.12190E-01
     5.5350        0.12170E-01
     5.5570        0.12150E-01
     5.5790        0.12140E-01
     5.6000        0.12120E-01
     5.6210        0.12100E-01
     5.6420        0.12080E-01
     5.6620        0.12070E-01
     5.6830        0.12050E-01
     5.7030        0.12030E-01
     5.7230        0.12020E-01
     5.7420        0.12000E-01
     5.7620        0.11980E-01
     5.7810        0.11970E-01
     5.8000        0.11950E-01
     5.8190        0.11930E-01
     5.8370        0.11920E-01
     5.8560        0.11900E-01
     5.8740        0.11880E-01
     5.8920        0.11870E-01
     5.9100        0.11850E-01
     5.9280        0.11830E-01
     5.9450        0.11820E-01
     5.9620        0.11800E-01
     5.9790        0.11790E-01
     5.9960        0.11770E-01
     6.0130        0.11750E-01
     6.0290        0.11740E-01
     6.0460        0.11720E-01
     6.0620        0.11710E-01
     6.0780        0.11690E-01
     6.0940        0.11670E-01
     6.1100        0.11660E-01
     6.1250        0.11640E-01
     6.1400        0.11630E-01
     6.1560        0.11610E-01
     6.1710        0.11590E-01
     6.1860        0.11580E-01
     6.2000        0.11560E-01
     6.2150        0.11550E-01
     6.2290        0.11530E-01
     6.2430        0.11520E-01
     6.2580        0.11500E-01
     6.2720        0.11490E-01
     6.2850        0.11470E-01
     6.2990        0.11460E-01
     6.3130        0.11440E-01
     6.3260        0.11430E-01
     6.3390        0.11410E-01
     6.3530        0.11400E-01
     6.3660        0.11380E-01
     6.3780        0.11370E-01
     6.3910        0.11350E-01
     6.4040        0.11340E-01
     6.4160        0.11320E-01
     6.4290        0.11310E-01
     6.4410        0.11290E-01
     6.4530        0.11280E-01
     6.4650        0.11260E-01
     6.4770        0.11250E-01
     6.4890        0.11230E-01
     6.5010        0.11220E-01
     6.5120        0.11200E-01
     6.5240        0.11190E-01
     6.5350        0.11170E-01
     6.5460        0.11160E-01
     6.5570        0.11150E-01
     6.5680        0.11130E-01
     6.5790        0.11120E-01
     6.5900        0.11100E-01
     6.6010        0.11090E-01
     6.6110        0.11080E-01
     6.6220        0.11060E-01
     6.6320        0.11050E-01
     6.6420        0.11030E-01
     6.6530        0.11020E-01
     6.6630        0.11010E-01
     6.6730        0.10990E-01
     6.6830        0.10980E-01
     6.6930        0.10970E-01
     6.7020        0.10950E-01
     6.7120        0.10940E-01
     6.7210        0.10930E-01
     6.7310        0.10910E-01
     6.7400        0.10900E-01
     6.7500        0.10890E-01
     6.7590        0.10870E-01
     6.7680        0.10860E-01
     6.7770        0.10850E-01
     6.7860        0.10830E-01
     6.7950        0.10820E-01
     6.8040        0.10810E-01
     6.8130        0.10790E-01
     6.8210        0.10780E-01
     6.8300        0.10770E-01
     6.8380        0.10750E-01
     6.8470        0.10740E-01
     6.8550        0.10730E-01
     6.8680        0.10710E-01
     6.9170        0.10630E-01
     7.0010        0.10500E-01
     7.1080        0.10310E-01
     7.2120        0.10120E-01
     7.3090        0.99380E-02
     7.4010        0.97560E-02
     7.4880        0.95770E-02
     7.5720        0.94000E-02
     7.6520        0.92280E-02
     7.7310        0.90600E-02
     7.8070        0.88940E-02
     7.8840        0.87300E-02
     7.9590        0.85690E-02
     8.0360        0.84100E-02
     8.1130        0.82540E-02
     8.1930        0.80990E-02
     8.2740        0.79470E-02
     8.3570        0.77970E-02
     8.4430        0.76490E-02
     8.5310        0.75030E-02
     8.6220        0.73600E-02
     8.7110        0.72260E-02
     8.7960        0.71020E-02
     8.8790        0.69860E-02
     8.9610        0.68760E-02
     9.0410        0.67720E-02
     9.1230        0.66700E-02
     9.2090        0.65660E-02
     9.3090        0.64490E-02
     9.4240        0.63220E-02
     9.5420        0.61980E-02
     9.6640        0.60750E-02
     9.7890        0.59550E-02
     9.9180        0.58360E-02
     10.050        0.57190E-02
     10.190        0.56040E-02
     10.330        0.54930E-02
     10.480        0.53830E-02
     10.630        0.52760E-02
     10.790        0.51700E-02
     10.950        0.50650E-02
     11.110        0.49620E-02
     11.280        0.48600E-02
     11.460        0.47600E-02
     11.640        0.46610E-02
     11.830        0.45620E-02
     12.020        0.44660E-02
     12.220        0.43710E-02
     12.430        0.42770E-02
     12.640        0.41850E-02
     12.860        0.40940E-02
     13.090        0.40050E-02
     13.320        0.39170E-02
     13.570        0.38300E-02
     13.820        0.37450E-02
     14.080        0.36610E-02
     14.340        0.35790E-02
     14.620        0.34980E-02
     14.900        0.34190E-02
     15.200        0.33410E-02
     15.500        0.32640E-02
     15.820        0.31900E-02
     16.150        0.31170E-02
     16.480        0.30460E-02
     16.830        0.29760E-02
     17.190        0.29070E-02
     17.570        0.28390E-02
     17.960        0.27720E-02
     18.360        0.27070E-02
     18.770        0.26430E-02
     19.190        0.25810E-02
     19.620        0.25200E-02
     20.070        0.24610E-02
     20.520        0.24030E-02
     21.000        0.23460E-02
     21.480        0.22910E-02
     21.980        0.22370E-02
     22.490        0.21850E-02
     23.010        0.21330E-02
     23.550        0.20820E-02
     24.110        0.20330E-02
     24.670        0.19850E-02
     25.250        0.19380E-02
     25.850        0.18930E-02
     26.460        0.18490E-02
     27.080        0.18050E-02
     27.720        0.17630E-02
     28.370        0.17220E-02
     29.040        0.16820E-02
     29.720        0.16420E-02
     30.420        0.16040E-02
     31.140        0.15670E-02
     31.880        0.15300E-02
     32.630        0.14950E-02
     33.400        0.14600E-02
     34.180        0.14270E-02
     34.980        0.13940E-02
     35.800        0.13620E-02
     36.630        0.13300E-02
     37.490        0.13000E-02
     38.360        0.12700E-02
     39.250        0.12410E-02
     40.150        0.12130E-02
     41.080        0.11850E-02
     42.030        0.11580E-02
     43.000        0.11310E-02
     43.990        0.11050E-02
     45.010        0.10800E-02
     46.050        0.10550E-02
     47.110        0.10300E-02
     48.200        0.10060E-02
     49.310        0.98230E-03
     50.000        0.96820E-03
     50.230        0.95180E-03
     51.410        0.93500E-03
     52.610        0.91270E-03
     53.850        0.89090E-03
     55.110        0.86960E-03
     56.400        0.84860E-03
     57.720        0.82800E-03
     60.450        0.78840E-03
     61.860        0.76940E-03
     63.300        0.75090E-03
     64.760        0.73280E-03
     66.260        0.71530E-03
     67.780        0.69820E-03
     69.340        0.68160E-03
     70.000        0.67480E-03
     70.640        0.66780E-03
     72.260        0.65180E-03
     73.910        0.63620E-03
     75.610        0.62070E-03
     77.330        0.60550E-03
     79.090        0.59080E-03
     80.890        0.57640E-03
     82.720        0.56230E-03
     84.590        0.54850E-03
     86.500        0.53490E-03
     88.450        0.52160E-03
     90.440        0.50850E-03
     92.460        0.49560E-03
     94.530        0.48290E-03
     96.640        0.47000E-03
     98.800        0.45720E-03
     100.00        0.45030E-03
     100.90        0.44530E-03
     103.10        0.43270E-03
     105.50        0.42040E-03
     107.80        0.40840E-03
     110.30        0.39660E-03
     112.80        0.38520E-03
     115.30        0.37420E-03
     117.90        0.36350E-03
     120.60        0.35310E-03
     123.40        0.34300E-03
     126.20        0.33310E-03
     129.10        0.32340E-03
     132.10        0.31390E-03
     135.20        0.30460E-03
     138.40        0.29550E-03
     141.70        0.28650E-03
     145.00        0.27780E-03
     148.50        0.26930E-03
     150.00        0.26590E-03
     151.40        0.26250E-03
     155.10        0.25420E-03
     159.00        0.24560E-03
     162.90        0.23580E-03
     167.10        0.22350E-03
     171.40        0.20990E-03
     176.00        0.19640E-03
     180.90        0.18360E-03
     185.90        0.17170E-03
     191.20        0.16060E-03
     196.80        0.15020E-03
     200.00        0.14510E-03
     202.50        0.14120E-03
     208.90        0.13210E-03
     215.70        0.12360E-03
     222.70        0.11560E-03
     230.10        0.10820E-03
     237.60        0.10130E-03
     245.40        0.94810E-04
     250.00        0.91310E-04
     253.30        0.88950E-04
     261.80        0.83320E-04
     270.70        0.78060E-04
     280.00        0.73160E-04
     290.40        0.68610E-04
     300.00        0.65180E-04
     300.00        0.65180E-04
     312.00        0.61790E-04
     324.50        0.58910E-04
     337.30        0.56290E-04
     350.00        0.53960E-04
     350.00        0.53960E-04
     363.60        0.51690E-04
     377.60        0.49540E-04
     391.90        0.47510E-04
     400.00        0.46470E-04
     405.90        0.45730E-04
     421.10        0.43950E-04
     436.60        0.42280E-04
     450.00        0.40940E-04
     450.00        0.40940E-04
     466.30        0.39420E-04
     483.00        0.37970E-04
     500.00        0.36600E-04
     500.00        0.36600E-04
     517.60        0.35270E-04
     535.60        0.33990E-04
     550.00        0.33040E-04
     553.70        0.32790E-04
     572.70        0.31620E-04
     592.10        0.30490E-04
     600.00        0.30060E-04
     612.00        0.29420E-04
     632.50        0.28370E-04
     650.00        0.27520E-04
     650.00        0.27520E-04
     671.40        0.26550E-04
     693.40        0.25610E-04
     700.00        0.25340E-04
     713.60        0.24800E-04
     736.60        0.23920E-04
     750.00        0.23440E-04
     759.50        0.23110E-04
     783.80        0.22290E-04
     800.00        0.21770E-04
     805.00        0.21610E-04
     830.50        0.20830E-04
     850.00        0.20250E-04
     855.30        0.20100E-04
     882.20        0.19330E-04
     900.00        0.18830E-04
     905.60        0.18680E-04
     934.10        0.17900E-04
     950.00        0.17480E-04
     961.90        0.17170E-04
     992.50        0.16420E-04
     1000.0        0.16250E-04
     1019.0        0.15810E-04
     1052.0        0.15110E-04
     1085.0        0.14440E-04
     1120.0        0.13800E-04
     1157.0        0.13180E-04
     1194.0        0.12590E-04
     1234.0        0.12030E-04
     1274.0        0.11490E-04
     1316.0        0.10980E-04
     1360.0        0.10490E-04
     1405.0        0.10010E-04
     1452.0        0.95630E-05
     1500.0        0.91330E-05
     1500.0        0.91330E-05
     1550.0        0.87160E-05
     1603.0        0.83150E-05
     1657.0        0.79290E-05
     1714.0        0.75580E-05
     1772.0        0.72030E-05
     1833.0        0.68640E-05
     1897.0        0.65420E-05
     1963.0        0.62360E-05
     2000.0        0.60750E-05
     2028.0        0.59610E-05
     2098.0        0.56860E-05
     2172.0        0.54230E-05
     2249.0        0.51720E-05
     2328.0        0.49320E-05
     2411.0        0.46990E-05
     2496.0        0.44740E-05
     2500.0        0.44650E-05
     2571.0        0.42870E-05
     2664.0        0.40680E-05
     2761.0        0.38490E-05
     2862.0        0.36310E-05
     2969.0        0.34170E-05
     3000.0        0.33590E-05
     3067.0        0.32360E-05
     3180.0        0.30420E-05
     3298.0        0.28610E-05
     3420.0        0.26910E-05
     3500.0        0.25890E-05
     3526.0        0.25570E-05
     3659.0        0.24050E-05
     3799.0        0.22620E-05
     3947.0        0.21280E-05
     4000.0        0.20840E-05
     4094.0        0.20090E-05
     4259.0        0.18890E-05
     4432.0        0.17770E-05
     4500.0        0.17370E-05
     4611.0        0.16750E-05
     4805.0        0.15760E-05
     5000.0        0.14870E-05
     5000.0        0.14870E-05
     5218.0        0.13990E-05
     5450.0        0.13160E-05
     5500.0        0.12990E-05
     5648.0        0.12530E-05
     5907.0        0.11790E-05
     6000.0        0.11540E-05
     6167.0        0.11130E-05
     6459.0        0.10470E-05
     6500.0        0.10380E-05
     6747.0        0.98900E-06
     7000.0        0.94320E-06
     7066.0        0.93200E-06
     7407.0        0.87800E-06
     7500.0        0.86420E-06
     7715.0        0.83430E-06
     8000.0        0.79760E-06
     8076.0        0.78850E-06
     8467.0        0.74430E-06
     8500.0        0.74080E-06
     8827.0        0.70810E-06
     9000.0        0.69190E-06
     9171.0        0.67660E-06
     9500.0        0.64910E-06
     9590.0        0.64190E-06
     10000.        0.61140E-06
