column 1: age (Myr)
column 2: luminosity (Lsun)
---------------------------
    0.96980E-02     2.0840    
    0.10870E-01     2.0300    
    0.12100E-01     1.9780    
    0.13390E-01     1.9260    
    0.14740E-01     1.8760    
    0.16170E-01     1.8290    
    0.17680E-01     1.7820    
    0.19290E-01     1.7360    
    0.21010E-01     1.6910    
    0.22850E-01     1.6480    
    0.24830E-01     1.6050    
    0.26990E-01     1.5640    
    0.29370E-01     1.5230    
    0.32020E-01     1.4840    
    0.35020E-01     1.4460    
    0.38500E-01     1.4080    
    0.42660E-01     1.3720    
    0.47840E-01     1.3370    
    0.53080E-01     1.3100    
    0.57930E-01     1.2910    
    0.62520E-01     1.2770    
    0.66900E-01     1.2660    
    0.71130E-01     1.2570    
    0.75240E-01     1.2490    
    0.79260E-01     1.2430    
    0.83180E-01     1.2370    
    0.87040E-01     1.2320    
    0.90830E-01     1.2270    
    0.94560E-01     1.2230    
    0.98230E-01     1.2190    
    0.10190         1.2150    
    0.10540         1.2120    
    0.10900         1.2090    
    0.11240         1.2060    
    0.11590         1.2030    
    0.11930         1.2000    
    0.12260         1.1970    
    0.12590         1.1940    
    0.12920         1.1910    
    0.13250         1.1880    
    0.13570         1.1850    
    0.13880         1.1820    
    0.14200         1.1790    
    0.14500         1.1760    
    0.14810         1.1740    
    0.15110         1.1710    
    0.15410         1.1680    
    0.15700         1.1650    
    0.16000         1.1620    
    0.16280         1.1600    
    0.16570         1.1570    
    0.16850         1.1540    
    0.17130         1.1510    
    0.17410         1.1490    
    0.17680         1.1460    
    0.17950         1.1430    
    0.18210         1.1410    
    0.18480         1.1380    
    0.18740         1.1350    
    0.18990         1.1330    
    0.19250         1.1300    
    0.19500         1.1270    
    0.19750         1.1250    
    0.19990         1.1220    
    0.20240         1.1190    
    0.20480         1.1170    
    0.20710         1.1140    
    0.20950         1.1120    
    0.21180         1.1090    
    0.21410         1.1060    
    0.21640         1.1040    
    0.21860         1.1010    
    0.22090         1.0990    
    0.22310         1.0960    
    0.22520         1.0940    
    0.22740         1.0910    
    0.22950         1.0890    
    0.23160         1.0860    
    0.23370         1.0840    
    0.23580         1.0810    
    0.23780         1.0790    
    0.23980         1.0760    
    0.24180         1.0740    
    0.24380         1.0710    
    0.24570         1.0690    
    0.24770         1.0670    
    0.24960         1.0640    
    0.25140         1.0620    
    0.25330         1.0590    
    0.25520         1.0570    
    0.25700         1.0540    
    0.25880         1.0520    
    0.26060         1.0500    
    0.26230         1.0470    
    0.26410         1.0450    
    0.26580         1.0430    
    0.26750         1.0400    
    0.26920         1.0380    
    0.27090         1.0360    
    0.27260         1.0330    
    0.27420         1.0310    
    0.27580         1.0290    
    0.27740         1.0260    
    0.27900         1.0240    
    0.28060         1.0220    
    0.28220         1.0200    
    0.28370         1.0170    
    0.28520         1.0150    
    0.28670         1.0130    
    0.28820         1.0110    
    0.28970         1.0080    
    0.29120         1.0060    
    0.29260         1.0040    
    0.29410         1.0020    
    0.29550        0.99970    
    0.29690        0.99750    
    0.29830        0.99530    
    0.29960        0.99320    
    0.30100        0.99100    
    0.30240        0.98890    
    0.30370        0.98670    
    0.30500        0.98460    
    0.30630        0.98250    
    0.30760        0.98040    
    0.30890        0.97830    
    0.31020        0.97620    
    0.31140        0.97410    
    0.31270        0.97200    
    0.31390        0.97000    
    0.31510        0.96790    
    0.31630        0.96590    
    0.31750        0.96380    
    0.31870        0.96180    
    0.31990        0.95980    
    0.32100        0.95780    
    0.32220        0.95580    
    0.32330        0.95380    
    0.32440        0.95180    
    0.32560        0.94980    
    0.32670        0.94780    
    0.32780        0.94580    
    0.32880        0.94390    
    0.32990        0.94190    
    0.33100        0.94000    
    0.33200        0.93810    
    0.33310        0.93620    
    0.33410        0.93420    
    0.33510        0.93230    
    0.33610        0.93040    
    0.33710        0.92850    
    0.33810        0.92670    
    0.33910        0.92480    
    0.34010        0.92290    
    0.34110        0.92110    
    0.34200        0.91920    
    0.34300        0.91740    
    0.34390        0.91550    
    0.34490        0.91370    
    0.34580        0.91190    
    0.34670        0.91010    
    0.34760        0.90830    
    0.34850        0.90650    
    0.34940        0.90470    
    0.35030        0.90290    
    0.35110        0.90120    
    0.35200        0.89940    
    0.35290        0.89770    
    0.35370        0.89590    
    0.35460        0.89420    
    0.35540        0.89240    
    0.35620        0.89070    
    0.35700        0.88900    
    0.35790        0.88730    
    0.35870        0.88560    
    0.35950        0.88390    
    0.36030        0.88220    
    0.36100        0.88050    
    0.36180        0.87890    
    0.36260        0.87720    
    0.36340        0.87560    
    0.36410        0.87390    
    0.36490        0.87230    
    0.36560        0.87060    
    0.36640        0.86900    
    0.36710        0.86740    
    0.36780        0.86580    
    0.36850        0.86420    
    0.36930        0.86260    
    0.37000        0.86100    
    0.37070        0.85940    
    0.37140        0.85780    
    0.37210        0.85630    
    0.37270        0.85470    
    0.37340        0.85320    
    0.37410        0.85160    
    0.37480        0.85010    
    0.37540        0.84860    
    0.37610        0.84710    
    0.37670        0.84550    
    0.37740        0.84400    
    0.37800        0.84250    
    0.37870        0.84110    
    0.37930        0.83960    
    0.37990        0.83810    
    0.38050        0.83660    
    0.38120        0.83520    
    0.38180        0.83370    
    0.38240        0.83230    
    0.38300        0.83080    
    0.38360        0.82940    
    0.38420        0.82800    
    0.38480        0.82660    
    0.38530        0.82510    
    0.38600        0.82350    
    0.38890        0.81720    
    0.39430        0.80570    
    0.40150        0.78990    
    0.40850        0.77400    
    0.41510        0.75850    
    0.42140        0.74320    
    0.42750        0.72830    
    0.43330        0.71370    
    0.43900        0.69940    
    0.44460        0.68540    
    0.45010        0.67160    
    0.45550        0.65800    
    0.46090        0.64450    
    0.46640        0.63130    
    0.47190        0.61840    
    0.47750        0.60570    
    0.48310        0.59330    
    0.48890        0.58120    
    0.49490        0.56970    
    0.50100        0.55840    
    0.50720        0.54720    
    0.51360        0.53630    
    0.52020        0.52550    
    0.52700        0.51500    
    0.53400        0.50450    
    0.54120        0.49430    
    0.54850        0.48430    
    0.55610        0.47440    
    0.56390        0.46470    
    0.57200        0.45510    
    0.58020        0.44570    
    0.58870        0.43640    
    0.59750        0.42720    
    0.60650        0.41830    
    0.61570        0.40940    
    0.62530        0.40030    
    0.63510        0.39130    
    0.64530        0.38240    
    0.65570        0.37380    
    0.66650        0.36530    
    0.67760        0.35690    
    0.68910        0.34870    
    0.70090        0.34070    
    0.71310        0.33280    
    0.72560        0.32510    
    0.73860        0.31750    
    0.75200        0.31010    
    0.76580        0.30280    
    0.78010        0.29560    
    0.79480        0.28850    
    0.81000        0.28160    
    0.82570        0.27480    
    0.84190        0.26810    
    0.85860        0.26140    
    0.87590        0.25490    
    0.89380        0.24850    
    0.91230        0.24220    
    0.93140        0.23600    
    0.95120        0.23000    
    0.97160        0.22420    
    0.99270        0.21840    
     1.0150        0.21280    
     1.0370        0.20730    
     1.0610        0.20190    
     1.0850        0.19660    
     1.1100        0.19140    
     1.1360        0.18620    
     1.1630        0.18120    
     1.1910        0.17620    
     1.2200        0.17140    
     1.2500        0.16680    
     1.2810        0.16220    
     1.3130        0.15780    
     1.3460        0.15350    
     1.3810        0.14930    
     1.4170        0.14520    
     1.4540        0.14110    
     1.4930        0.13720    
     1.5330        0.13330    
     1.5740        0.12950    
     1.6180        0.12580    
     1.6620        0.12220    
     1.7090        0.11870    
     1.7570        0.11540    
     1.8070        0.11210    
     1.8590        0.10890    
     1.9130        0.10580    
     1.9690        0.10310    
     2.0270        0.10040    
     2.0870        0.97790E-01
     2.1490        0.95260E-01
     2.2130        0.92800E-01
     2.2800        0.90400E-01
     2.3490        0.88060E-01
     2.4200        0.85790E-01
     2.4940        0.83580E-01
     2.5710        0.81420E-01
     2.6500        0.79270E-01
     2.7320        0.77190E-01
     2.8170        0.75180E-01
     2.9050        0.73240E-01
     2.9960        0.71350E-01
     3.0000        0.71280E-01
     3.0750        0.69820E-01
     3.1730        0.68040E-01
     3.2730        0.66330E-01
     3.3780        0.64680E-01
     3.4850        0.63060E-01
     3.5970        0.61430E-01
     3.7120        0.59870E-01
     3.8320        0.58370E-01
     3.9560        0.56930E-01
     4.0840        0.55570E-01
     4.2160        0.54240E-01
     4.3530        0.52960E-01
     4.4940        0.51720E-01
     4.6400        0.50530E-01
     4.7900        0.49370E-01
     4.9460        0.48210E-01
     5.1060        0.47040E-01
     5.2730        0.45940E-01
     5.4450        0.44880E-01
     5.6220        0.43870E-01
     5.8050        0.42910E-01
     5.9940        0.41970E-01
     6.1880        0.41080E-01
     6.3890        0.40210E-01
     6.5960        0.39370E-01
     6.8090        0.38560E-01
     7.0280        0.37770E-01
     7.2540        0.37030E-01
     7.4810        0.36300E-01
     7.6780        0.35670E-01
     7.8500        0.35140E-01
     8.0020        0.34690E-01
     8.1390        0.34300E-01
     8.2640        0.33960E-01
     8.3780        0.33650E-01
     8.4850        0.33380E-01
     8.5840        0.33130E-01
     8.6760        0.32900E-01
     8.7640        0.32690E-01
     8.8460        0.32490E-01
     8.9250        0.32310E-01
     8.9990        0.32140E-01
     9.0700        0.31980E-01
     9.1380        0.31830E-01
     9.2040        0.31690E-01
     9.2660        0.31550E-01
     9.3260        0.31430E-01
     9.3840        0.31300E-01
     9.4400        0.31190E-01
     9.4950        0.31080E-01
     9.5470        0.30970E-01
     9.5980        0.30870E-01
     9.6470        0.30770E-01
     9.6950        0.30670E-01
     9.7420        0.30580E-01
     9.7870        0.30500E-01
     9.8310        0.30410E-01
     9.8740        0.30330E-01
     9.9160        0.30250E-01
     9.9570        0.30170E-01
     9.9970        0.30100E-01
     10.040        0.30020E-01
     10.070        0.29950E-01
     10.110        0.29890E-01
     10.150        0.29820E-01
     10.180        0.29750E-01
     10.220        0.29690E-01
     10.250        0.29630E-01
     10.290        0.29570E-01
     10.320        0.29510E-01
     10.350        0.29450E-01
     10.380        0.29400E-01
     10.420        0.29340E-01
     10.450        0.29290E-01
     10.480        0.29240E-01
     10.510        0.29190E-01
     10.540        0.29140E-01
     10.560        0.29090E-01
     10.590        0.29040E-01
     10.620        0.29000E-01
     10.650        0.28950E-01
     10.680        0.28900E-01
     10.700        0.28860E-01
     10.730        0.28820E-01
     10.750        0.28770E-01
     10.780        0.28730E-01
     10.810        0.28690E-01
     10.830        0.28650E-01
     10.850        0.28610E-01
     10.880        0.28570E-01
     10.900        0.28530E-01
     10.930        0.28500E-01
     10.950        0.28460E-01
     10.970        0.28410E-01
     11.000        0.28380E-01
     11.020        0.28340E-01
     11.040        0.28300E-01
     11.060        0.28270E-01
     11.080        0.28240E-01
     11.110        0.28200E-01
     11.130        0.28170E-01
     11.150        0.28140E-01
     11.170        0.28110E-01
     11.190        0.28070E-01
     11.210        0.28040E-01
     11.230        0.28010E-01
     11.250        0.27980E-01
     11.270        0.27950E-01
     11.290        0.27920E-01
     11.310        0.27890E-01
     11.330        0.27870E-01
     11.350        0.27840E-01
     11.370        0.27810E-01
     11.380        0.27780E-01
     11.400        0.27760E-01
     11.420        0.27730E-01
     11.440        0.27700E-01
     11.460        0.27680E-01
     11.470        0.27650E-01
     11.490        0.27620E-01
     11.510        0.27600E-01
     11.530        0.27570E-01
     11.540        0.27550E-01
     11.560        0.27520E-01
     11.580        0.27500E-01
     11.590        0.27470E-01
     11.610        0.27450E-01
     11.630        0.27430E-01
     11.640        0.27400E-01
     11.660        0.27380E-01
     11.680        0.27360E-01
     11.690        0.27340E-01
     11.710        0.27310E-01
     11.720        0.27290E-01
     11.740        0.27270E-01
     11.750        0.27250E-01
     11.770        0.27230E-01
     11.780        0.27210E-01
     11.800        0.27190E-01
     11.810        0.27170E-01
     11.830        0.27150E-01
     11.840        0.27120E-01
     11.860        0.27100E-01
     11.870        0.27080E-01
     11.890        0.27060E-01
     11.900        0.27040E-01
     11.920        0.27030E-01
     11.930        0.27010E-01
     11.940        0.26990E-01
     11.960        0.26970E-01
     11.970        0.26950E-01
     11.980        0.26930E-01
     12.000        0.26910E-01
     12.010        0.26890E-01
     12.030        0.26870E-01
     12.040        0.26860E-01
     12.050        0.26840E-01
     12.070        0.26820E-01
     12.080        0.26800E-01
     12.090        0.26790E-01
     12.100        0.26770E-01
     12.120        0.26750E-01
     12.130        0.26730E-01
     12.140        0.26720E-01
     12.160        0.26700E-01
     12.170        0.26680E-01
     12.180        0.26670E-01
     12.190        0.26650E-01
     12.210        0.26630E-01
     12.220        0.26620E-01
     12.230        0.26600E-01
     12.240        0.26590E-01
     12.250        0.26570E-01
     12.270        0.26550E-01
     12.280        0.26540E-01
     12.290        0.26520E-01
     12.300        0.26510E-01
     12.310        0.26490E-01
     12.320        0.26480E-01
     12.340        0.26460E-01
     12.350        0.26450E-01
     12.360        0.26430E-01
     12.370        0.26420E-01
     12.380        0.26410E-01
     12.390        0.26390E-01
     12.400        0.26380E-01
     12.420        0.26360E-01
     12.430        0.26350E-01
     12.440        0.26330E-01
     12.450        0.26320E-01
     12.460        0.26310E-01
     12.470        0.26290E-01
     12.480        0.26280E-01
     12.490        0.26260E-01
     12.500        0.26250E-01
     12.510        0.26240E-01
     12.520        0.26220E-01
     12.530        0.26210E-01
     12.540        0.26200E-01
     12.560        0.26180E-01
     12.570        0.26170E-01
     12.580        0.26160E-01
     12.590        0.26150E-01
     12.600        0.26130E-01
     12.610        0.26120E-01
     12.620        0.26110E-01
     12.630        0.26090E-01
     12.640        0.26080E-01
     12.650        0.26070E-01
     12.660        0.26060E-01
     12.670        0.26040E-01
     12.680        0.26030E-01
     12.690        0.26020E-01
     12.700        0.26010E-01
     12.710        0.26000E-01
     12.720        0.25980E-01
     12.730        0.25970E-01
     12.730        0.25960E-01
     12.740        0.25950E-01
     12.750        0.25940E-01
     12.760        0.25930E-01
     12.770        0.25910E-01
     12.780        0.25900E-01
     12.800        0.25880E-01
     12.870        0.25800E-01
     12.980        0.25680E-01
     13.120        0.25510E-01
     13.300        0.25300E-01
     13.500        0.25070E-01
     13.720        0.24830E-01
     13.950        0.24570E-01
     14.190        0.24310E-01
     14.440        0.24060E-01
     14.690        0.23810E-01
     14.940        0.23560E-01
     15.190        0.23320E-01
     15.420        0.23110E-01
     15.630        0.22920E-01
     15.830        0.22750E-01
     16.010        0.22590E-01
     16.180        0.22450E-01
     16.340        0.22310E-01
     16.490        0.22190E-01
     16.630        0.22070E-01
     16.770        0.21960E-01
     16.900        0.21860E-01
     17.020        0.21770E-01
     17.140        0.21670E-01
     17.250        0.21590E-01
     17.360        0.21500E-01
     17.470        0.21430E-01
     17.570        0.21350E-01
     17.670        0.21280E-01
     17.760        0.21210E-01
     17.850        0.21140E-01
     17.940        0.21080E-01
     18.030        0.21020E-01
     18.120        0.20960E-01
     18.200        0.20900E-01
     18.280        0.20840E-01
     18.360        0.20790E-01
     18.430        0.20740E-01
     18.510        0.20690E-01
     18.580        0.20640E-01
     18.650        0.20590E-01
     18.720        0.20550E-01
     18.790        0.20500E-01
     18.850        0.20460E-01
     18.920        0.20410E-01
     18.980        0.20370E-01
     19.040        0.20330E-01
     19.100        0.20290E-01
     19.160        0.20260E-01
     19.220        0.20220E-01
     19.280        0.20190E-01
     19.340        0.20150E-01
     19.390        0.20110E-01
     19.450        0.20080E-01
     19.500        0.20050E-01
     19.550        0.20010E-01
     19.610        0.19980E-01
     19.660        0.19950E-01
     19.710        0.19920E-01
     19.760        0.19890E-01
     19.810        0.19860E-01
     19.860        0.19830E-01
     19.900        0.19800E-01
     19.950        0.19770E-01
     20.000        0.19740E-01
     20.040        0.19720E-01
     20.090        0.19690E-01
     20.130        0.19660E-01
     20.180        0.19640E-01
     20.220        0.19610E-01
     20.260        0.19590E-01
     20.310        0.19560E-01
     20.350        0.19540E-01
     20.390        0.19510E-01
     20.430        0.19490E-01
     20.470        0.19470E-01
     20.510        0.19440E-01
     20.550        0.19420E-01
     20.590        0.19400E-01
     20.630        0.19380E-01
     20.660        0.19360E-01
     20.700        0.19330E-01
     20.740        0.19310E-01
     20.780        0.19290E-01
     20.810        0.19270E-01
     20.850        0.19250E-01
     20.880        0.19230E-01
     20.920        0.19210E-01
     20.950        0.19190E-01
     20.990        0.19170E-01
     21.020        0.19150E-01
     21.060        0.19140E-01
     21.090        0.19120E-01
     21.120        0.19100E-01
     21.160        0.19080E-01
     21.190        0.19060E-01
     21.220        0.19050E-01
     21.250        0.19030E-01
     21.290        0.19010E-01
     21.320        0.18990E-01
     21.350        0.18980E-01
     21.380        0.18960E-01
     21.410        0.18940E-01
     21.440        0.18930E-01
     21.470        0.18910E-01
     21.500        0.18900E-01
     21.530        0.18880E-01
     21.560        0.18860E-01
     21.590        0.18850E-01
     21.620        0.18830E-01
     21.650        0.18820E-01
     21.670        0.18800E-01
     21.700        0.18790E-01
     21.730        0.18770E-01
     21.760        0.18760E-01
     21.790        0.18750E-01
     21.810        0.18730E-01
     21.840        0.18720E-01
     21.870        0.18700E-01
     21.890        0.18690E-01
     21.920        0.18680E-01
     21.950        0.18660E-01
     21.970        0.18650E-01
     22.000        0.18640E-01
     22.030        0.18620E-01
     22.050        0.18610E-01
     22.080        0.18600E-01
     22.100        0.18580E-01
     22.130        0.18570E-01
     22.150        0.18560E-01
     22.180        0.18540E-01
     22.200        0.18530E-01
     22.230        0.18520E-01
     22.250        0.18510E-01
     22.280        0.18500E-01
     22.300        0.18480E-01
     22.320        0.18470E-01
     22.350        0.18460E-01
     22.370        0.18450E-01
     22.390        0.18440E-01
     22.420        0.18420E-01
     22.440        0.18410E-01
     22.460        0.18400E-01
     22.490        0.18390E-01
     22.510        0.18380E-01
     22.530        0.18370E-01
     22.550        0.18360E-01
     22.580        0.18350E-01
     22.600        0.18330E-01
     22.620        0.18320E-01
     22.640        0.18310E-01
     22.660        0.18300E-01
     22.690        0.18290E-01
     22.710        0.18280E-01
     22.730        0.18270E-01
     22.750        0.18260E-01
     22.770        0.18250E-01
     22.790        0.18240E-01
     22.810        0.18230E-01
     22.830        0.18220E-01
     22.860        0.18210E-01
     22.880        0.18200E-01
     22.900        0.18190E-01
     22.920        0.18180E-01
     22.940        0.18170E-01
     22.960        0.18160E-01
     22.980        0.18150E-01
     23.000        0.18140E-01
     23.020        0.18130E-01
     23.040        0.18120E-01
     23.060        0.18110E-01
     23.080        0.18100E-01
     23.100        0.18100E-01
     23.120        0.18090E-01
     23.130        0.18080E-01
     23.150        0.18070E-01
     23.170        0.18060E-01
     23.190        0.18050E-01
     23.210        0.18040E-01
     23.230        0.18030E-01
     23.250        0.18020E-01
     23.270        0.18010E-01
     23.290        0.18010E-01
     23.300        0.18000E-01
     23.320        0.17990E-01
     23.340        0.17980E-01
     23.360        0.17970E-01
     23.380        0.17960E-01
     23.390        0.17950E-01
     23.410        0.17950E-01
     23.430        0.17940E-01
     23.450        0.17930E-01
     23.470        0.17920E-01
     23.480        0.17910E-01
     23.500        0.17910E-01
     23.520        0.17900E-01
     23.540        0.17890E-01
     23.550        0.17880E-01
     23.570        0.17870E-01
     23.590        0.17870E-01
     23.600        0.17860E-01
     23.620        0.17850E-01
     23.650        0.17840E-01
     23.750        0.17790E-01
     23.930        0.17710E-01
     24.180        0.17600E-01
     24.490        0.17460E-01
     24.850        0.17310E-01
     25.240        0.17150E-01
     25.660        0.16980E-01
     26.100        0.16800E-01
     26.550        0.16630E-01
     27.010        0.16460E-01
     27.470        0.16290E-01
     27.920        0.16130E-01
     28.380        0.15970E-01
     28.830        0.15820E-01
     29.280        0.15670E-01
     29.730        0.15530E-01
     30.170        0.15390E-01
     30.600        0.15260E-01
     31.030        0.15130E-01
     31.460        0.15010E-01
     31.890        0.14890E-01
     32.310        0.14770E-01
     32.740        0.14650E-01
     33.160        0.14540E-01
     33.590        0.14430E-01
     34.030        0.14310E-01
     34.480        0.14200E-01
     34.960        0.14080E-01
     35.530        0.13940E-01
     36.540        0.13710E-01
     37.640        0.13470E-01
     38.760        0.13230E-01
     39.920        0.12990E-01
     41.120        0.12760E-01
     42.350        0.12530E-01
     43.620        0.12310E-01
     44.930        0.12090E-01
     46.280        0.11870E-01
     47.680        0.11660E-01
     49.110        0.11450E-01
     50.000        0.11330E-01
     50.300        0.11590E-01
     51.780        0.11240E-01
     53.310        0.11030E-01
     54.890        0.10830E-01
     56.530        0.10640E-01
     58.230        0.10450E-01
     59.980        0.10260E-01
     61.790        0.10070E-01
     63.670        0.98880E-02
     65.620        0.97080E-02
     67.640        0.95320E-02
     69.740        0.93580E-02
     70.000        0.93360E-02
     71.750        0.92000E-02
     74.010        0.90310E-02
     76.370        0.88650E-02
     78.830        0.87020E-02
     81.400        0.85420E-02
     84.090        0.83850E-02
     86.910        0.82290E-02
     89.890        0.80770E-02
     93.020        0.79280E-02
     96.330        0.77830E-02
     99.850        0.76410E-02
     100.00        0.76350E-02
     103.00        0.75230E-02
     107.00        0.73840E-02
     111.20        0.72480E-02
     115.90        0.71140E-02
     120.90        0.69810E-02
     126.50        0.68510E-02
     132.70        0.67220E-02
     139.80        0.65940E-02
     148.00        0.64670E-02
     150.00        0.64410E-02
     155.90        0.63650E-02
     167.70        0.62410E-02
     183.50        0.61200E-02
     200.00        0.60320E-02
     205.60        0.60090E-02
     250.00        0.59010E-02
     300.00        0.58640E-02
     350.00        0.58510E-02
     400.00        0.58410E-02
     450.00        0.58410E-02
     500.00        0.58410E-02
     550.00        0.58410E-02
     600.00        0.58410E-02
     650.00        0.58410E-02
     700.00        0.58410E-02
     750.00        0.58410E-02
     800.00        0.58410E-02
     850.00        0.58410E-02
     900.00        0.58410E-02
     950.00        0.58410E-02
     1000.0        0.58410E-02
     1500.0        0.58410E-02
     2000.0        0.58410E-02
     2500.0        0.58410E-02
     3000.0        0.58410E-02
     3500.0        0.58410E-02
     4000.0        0.58410E-02
     4500.0        0.58390E-02
     5000.0        0.58350E-02
     5500.0        0.58220E-02
     6000.0        0.58120E-02
     6500.0        0.58450E-02
     7000.0        0.58240E-02
     7397.0        0.58290E-02
     7500.0        0.58340E-02
     8000.0        0.58300E-02
     8146.0        0.58300E-02
     8500.0        0.58410E-02
     9000.0        0.58270E-02
     9244.0        0.58090E-02
     9500.0        0.58620E-02
     10000.        0.58180E-02
