column 1: age (Myr)
column 2: luminosity (Lsun)
------------------------------
    0.98380E-02    0.75120E-03
    0.14090E-01    0.73520E-03
    0.18440E-01    0.71910E-03
    0.22880E-01    0.70320E-03
    0.27440E-01    0.68730E-03
    0.32100E-01    0.67130E-03
    0.36880E-01    0.65540E-03
    0.41770E-01    0.63940E-03
    0.46790E-01    0.62340E-03
    0.51950E-01    0.60760E-03
    0.57250E-01    0.59150E-03
    0.62690E-01    0.57570E-03
    0.68280E-01    0.56010E-03
    0.74040E-01    0.54460E-03
    0.79960E-01    0.52950E-03
    0.86060E-01    0.51460E-03
    0.92340E-01    0.50010E-03
    0.98800E-01    0.48600E-03
    0.10550        0.47220E-03
    0.11230        0.45890E-03
    0.11930        0.44610E-03
    0.12660        0.43370E-03
    0.13410        0.42180E-03
    0.14170        0.41030E-03
    0.14960        0.39940E-03
    0.15770        0.38900E-03
    0.16600        0.37890E-03
    0.17450        0.36940E-03
    0.18320        0.36040E-03
    0.19220        0.35170E-03
    0.20130        0.34340E-03
    0.21070        0.33550E-03
    0.22030        0.32800E-03
    0.23010        0.32080E-03
    0.24010        0.31390E-03
    0.25040        0.30720E-03
    0.26090        0.30080E-03
    0.27160        0.29470E-03
    0.28250        0.28860E-03
    0.29360        0.28280E-03
    0.30490        0.27730E-03
    0.31650        0.27190E-03
    0.32830        0.26670E-03
    0.34030        0.26160E-03
    0.35260        0.25660E-03
    0.36510        0.25170E-03
    0.37780        0.24690E-03
    0.39080        0.24220E-03
    0.40400        0.23760E-03
    0.41740        0.23300E-03
    0.43110        0.22850E-03
    0.44510        0.22400E-03
    0.45940        0.21960E-03
    0.47390        0.21530E-03
    0.48870        0.21100E-03
    0.50380        0.20680E-03
    0.51930        0.20260E-03
    0.53500        0.19850E-03
    0.55100        0.19440E-03
    0.56740        0.19040E-03
    0.58400        0.18650E-03
    0.60100        0.18260E-03
    0.61840        0.17880E-03
    0.63610        0.17510E-03
    0.65420        0.17140E-03
    0.67270        0.16770E-03
    0.69160        0.16400E-03
    0.71080        0.16040E-03
    0.73050        0.15680E-03
    0.75060        0.15330E-03
    0.77110        0.14990E-03
    0.79210        0.14650E-03
    0.81350        0.14320E-03
    0.83550        0.13990E-03
    0.85790        0.13670E-03
    0.88080        0.13350E-03
    0.90420        0.13040E-03
    0.92820        0.12740E-03
    0.95270        0.12450E-03
    0.97780        0.12150E-03
     1.0030        0.11870E-03
     1.0300        0.11590E-03
     1.0560        0.11310E-03
     1.0840        0.11040E-03
     1.1120        0.10770E-03
     1.1410        0.10510E-03
     1.1700        0.10250E-03
     1.2000        0.99830E-04
     1.2310        0.97230E-04
     1.2630        0.94680E-04
     1.2950        0.92180E-04
     1.3290        0.89730E-04
     1.3630        0.87340E-04
     1.3980        0.85010E-04
     1.4340        0.82730E-04
     1.4710        0.80510E-04
     1.5090        0.78350E-04
     1.5480        0.76250E-04
     1.5880        0.74210E-04
     1.6290        0.72250E-04
     1.6710        0.70360E-04
     1.7140        0.68540E-04
     1.7580        0.66810E-04
     1.8030        0.65160E-04
     1.8490        0.63570E-04
     1.8960        0.62030E-04
     1.9450        0.60570E-04
     1.9940        0.59170E-04
     2.0440        0.57830E-04
     2.0960        0.56540E-04
     2.1480        0.55290E-04
     2.2020        0.54080E-04
     2.2560        0.52910E-04
     2.3120        0.51760E-04
     2.3690        0.50640E-04
     2.4270        0.49550E-04
     2.4860        0.48470E-04
     2.5460        0.47420E-04
     2.6080        0.46380E-04
     2.6710        0.45340E-04
     2.7350        0.44310E-04
     2.8010        0.43310E-04
     2.8680        0.42320E-04
     2.9360        0.41350E-04
     3.0000        0.40470E-04
     3.0000        0.40470E-04
     3.0710        0.39530E-04
     3.1440        0.38610E-04
     3.2180        0.37710E-04
     3.2940        0.36820E-04
     3.3720        0.35940E-04
     3.4510        0.35080E-04
     3.5320        0.34230E-04
     3.6150        0.33380E-04
     3.6990        0.32540E-04
     3.7860        0.31720E-04
     3.8750        0.30920E-04
     3.9660        0.30130E-04
     4.0590        0.29360E-04
     4.1540        0.28600E-04
     4.2520        0.27850E-04
     4.3520        0.27110E-04
     4.4540        0.26390E-04
     4.5590        0.25680E-04
     4.6670        0.24980E-04
     4.7780        0.24290E-04
     4.8910        0.23620E-04
     5.0070        0.22970E-04
     5.1270        0.22330E-04
     5.2490        0.21700E-04
     5.3750        0.21100E-04
     5.5040        0.20500E-04
     5.6360        0.19920E-04
     5.7720        0.19360E-04
     5.9110        0.18800E-04
     6.0540        0.18260E-04
     6.2010        0.17740E-04
     6.3520        0.17220E-04
     6.5070        0.16720E-04
     6.6660        0.16230E-04
     6.8300        0.15760E-04
     6.9980        0.15300E-04
     7.1700        0.14850E-04
     7.3480        0.14410E-04
     7.5300        0.13980E-04
     7.7170        0.13560E-04
     7.9100        0.13150E-04
     8.1080        0.12750E-04
     8.3120        0.12360E-04
     8.5210        0.11990E-04
     8.7360        0.11620E-04
     8.9580        0.11270E-04
     9.1850        0.10920E-04
     9.4200        0.10580E-04
     9.6610        0.10250E-04
     9.9090        0.99350E-05
     10.160        0.96250E-05
     10.430        0.93240E-05
     10.700        0.90310E-05
     10.980        0.87460E-05
     11.260        0.84690E-05
     11.560        0.82000E-05
     11.860        0.79370E-05
     12.170        0.76810E-05
     12.490        0.74320E-05
     12.820        0.71910E-05
     13.170        0.69560E-05
     13.520        0.67290E-05
     13.880        0.65090E-05
     14.250        0.62950E-05
     14.640        0.60880E-05
     15.040        0.58870E-05
     15.440        0.56920E-05
     15.860        0.55030E-05
     16.300        0.53190E-05
     16.750        0.51410E-05
     17.210        0.49690E-05
     17.680        0.48010E-05
     18.180        0.46390E-05
     18.680        0.44810E-05
     19.200        0.43290E-05
     19.740        0.41810E-05
     20.300        0.40360E-05
     20.870        0.38950E-05
     21.470        0.37590E-05
     22.080        0.36270E-05
     22.710        0.34990E-05
     23.360        0.33760E-05
     24.030        0.32560E-05
     24.730        0.31400E-05
     25.450        0.30280E-05
     26.190        0.29200E-05
     26.950        0.28150E-05
     27.740        0.27140E-05
     28.560        0.26170E-05
     29.400        0.25230E-05
     30.280        0.24320E-05
     31.170        0.23450E-05
     32.100        0.22600E-05
     33.060        0.21790E-05
     34.050        0.21000E-05
     35.080        0.20230E-05
     36.140        0.19490E-05
     37.230        0.18770E-05
     38.360        0.18080E-05
     39.530        0.17410E-05
     40.750        0.16760E-05
     42.000        0.16140E-05
     43.290        0.15530E-05
     44.630        0.14950E-05
     46.020        0.14390E-05
     47.450        0.13850E-05
     48.930        0.13330E-05
     50.000        0.12970E-05
     50.310        0.12870E-05
     51.880        0.12380E-05
     53.510        0.11920E-05
     55.200        0.11470E-05
     56.940        0.11030E-05
     58.750        0.10610E-05
     60.610        0.10210E-05
     62.540        0.98250E-06
     64.540        0.94530E-06
     66.600        0.90950E-06
     68.740        0.87510E-06
     70.000        0.85590E-06
     70.890        0.84280E-06
     73.170        0.81100E-06
     75.530        0.78050E-06
     77.960        0.75110E-06
     80.480        0.72300E-06
     83.080        0.69590E-06
     85.760        0.66980E-06
     88.540        0.64480E-06
     91.400        0.62080E-06
     94.370        0.59760E-06
     97.430        0.57540E-06
     100.00        0.55790E-06
     100.00        0.55790E-06
     103.20        0.53720E-06
     106.60        0.51710E-06
     110.10        0.49780E-06
     113.70        0.47920E-06
     117.40        0.46130E-06
     121.20        0.44400E-06
     125.10        0.42740E-06
     129.20        0.41140E-06
     133.40        0.39600E-06
     137.70        0.38110E-06
     142.20        0.36690E-06
     146.90        0.35310E-06
     150.00        0.34440E-06
     151.00        0.34170E-06
     156.10        0.32850E-06
     161.40        0.31580E-06
     166.90        0.30370E-06
     172.50        0.29200E-06
     178.40        0.28100E-06
     184.40        0.27030E-06
     190.60        0.26010E-06
     197.10        0.25040E-06
     200.00        0.24620E-06
     202.70        0.24250E-06
     209.50        0.23350E-06
     216.50        0.22480E-06
     223.70        0.21660E-06
     230.90        0.20890E-06
     238.30        0.20140E-06
     246.00        0.19430E-06
     250.00        0.19070E-06
     253.20        0.18800E-06
     261.30        0.18130E-06
     269.70        0.17490E-06
     278.30        0.16880E-06
     287.20        0.16280E-06
     296.40        0.15710E-06
     300.00        0.15490E-06
     305.70        0.15160E-06
     315.40        0.14630E-06
     325.50        0.14120E-06
     335.80        0.13620E-06
     346.50        0.13140E-06
     350.00        0.12990E-06
     356.60        0.12710E-06
     367.90        0.12260E-06
     379.60        0.11830E-06
     391.60        0.11420E-06
     400.00        0.11140E-06
     402.50        0.11060E-06
     415.20        0.10670E-06
     428.30        0.10300E-06
     441.80        0.99330E-07
     450.00        0.97250E-07
     455.60        0.95870E-07
     470.00        0.92490E-07
     484.80        0.89240E-07
     500.00        0.86110E-07
     500.00        0.86110E-07
     515.70        0.83080E-07
     531.90        0.80160E-07
     548.60        0.77340E-07
     550.00        0.77120E-07
     563.80        0.74950E-07
     581.50        0.72310E-07
     599.70        0.69760E-07
     600.00        0.69720E-07
     615.00        0.67750E-07
     634.30        0.65360E-07
     650.00        0.63530E-07
     654.00        0.63080E-07
     674.60        0.60850E-07
     695.70        0.58700E-07
     700.00        0.58280E-07
     717.50        0.56630E-07
     740.10        0.54640E-07
     750.00        0.53800E-07
     759.30        0.53030E-07
     783.20        0.51170E-07
     800.00        0.49920E-07
     804.90        0.49560E-07
     830.20        0.47820E-07
     850.00        0.46540E-07
     855.30        0.46200E-07
     882.10        0.44580E-07
     900.00        0.43570E-07
     905.60        0.43260E-07
     934.00        0.41750E-07
     950.00        0.40940E-07
     961.80        0.40360E-07
     992.10        0.38950E-07
     1000.0        0.38600E-07
     1019.0        0.37780E-07
     1051.0        0.36460E-07
     1084.0        0.35190E-07
     1118.0        0.33970E-07
     1153.0        0.32780E-07
     1189.0        0.31650E-07
     1227.0        0.30560E-07
     1265.0        0.29510E-07
     1305.0        0.28500E-07
     1345.0        0.27520E-07
     1387.0        0.26580E-07
     1431.0        0.25670E-07
     1475.0        0.24810E-07
     1500.0        0.24340E-07
     1518.0        0.24010E-07
     1565.0        0.23200E-07
     1614.0        0.22420E-07
     1664.0        0.21680E-07
     1715.0        0.20960E-07
     1767.0        0.20270E-07
     1822.0        0.19600E-07
     1877.0        0.18970E-07
     1935.0        0.18350E-07
     1994.0        0.17760E-07
     2000.0        0.17700E-07
     2048.0        0.17240E-07
     2110.0        0.16690E-07
     2174.0        0.16170E-07
     2240.0        0.15660E-07
     2307.0        0.15170E-07
     2376.0        0.14710E-07
     2447.0        0.14260E-07
     2500.0        0.13940E-07
     2515.0        0.13860E-07
     2589.0        0.13450E-07
     2666.0        0.13050E-07
     2744.0        0.12670E-07
     2824.0        0.12310E-07
     2906.0        0.11960E-07
     2990.0        0.11620E-07
     3000.0        0.11580E-07
     3069.0        0.11320E-07
     3156.0        0.11010E-07
     3246.0        0.10700E-07
     3338.0        0.10410E-07
     3431.0        0.10130E-07
     3500.0        0.99360E-08
     3519.0        0.98820E-08
     3617.0        0.96200E-08
     3717.0        0.93660E-08
     3819.0        0.91190E-08
     3923.0        0.88810E-08
     4000.0        0.87140E-08
     4021.0        0.86690E-08
     4130.0        0.84450E-08
     4241.0        0.82270E-08
     4354.0        0.80180E-08
     4470.0        0.78140E-08
     4500.0        0.77620E-08
     4571.0        0.76440E-08
     4691.0        0.74520E-08
     4813.0        0.72660E-08
     4938.0        0.70850E-08
     5000.0        0.69980E-08
     5051.0        0.69280E-08
     5180.0        0.67580E-08
     5312.0        0.65930E-08
     5447.0        0.64310E-08
     5500.0        0.63700E-08
     5583.0        0.62770E-08
     5723.0        0.61240E-08
     5865.0        0.59760E-08
     6000.0        0.58410E-08
     6000.0        0.58410E-08
     6148.0        0.57010E-08
     6299.0        0.55640E-08
     6453.0        0.54310E-08
     6500.0        0.53910E-08
     6594.0        0.53130E-08
     6753.0        0.51870E-08
     6916.0        0.50640E-08
     7000.0        0.50020E-08
     7066.0        0.49540E-08
     7234.0        0.48370E-08
     7406.0        0.47230E-08
     7500.0        0.46620E-08
     7570.0        0.46180E-08
     7748.0        0.45100E-08
     7928.0        0.44040E-08
     8000.0        0.43640E-08
     8111.0        0.43020E-08
     8299.0        0.42010E-08
     8490.0        0.41030E-08
     8500.0        0.40980E-08
     8656.0        0.40220E-08
     8853.0        0.39280E-08
     9000.0        0.38610E-08
     9040.0        0.38430E-08
     9245.0        0.37540E-08
     9454.0        0.36670E-08
     9500.0        0.36480E-08
     9627.0        0.35970E-08
     9843.0        0.35140E-08
     10000.        0.34550E-08
