column 1: age (Myr)
column 2: luminosity (Lsun)
------------------------------
    0.95020E-02    0.24850E-01
    0.10870E-01    0.24430E-01
    0.12270E-01    0.24020E-01
    0.13710E-01    0.23620E-01
    0.15190E-01    0.23230E-01
    0.16700E-01    0.22840E-01
    0.18250E-01    0.22460E-01
    0.19850E-01    0.22080E-01
    0.21480E-01    0.21710E-01
    0.23150E-01    0.21350E-01
    0.24870E-01    0.21000E-01
    0.26630E-01    0.20650E-01
    0.28440E-01    0.20300E-01
    0.30290E-01    0.19970E-01
    0.32190E-01    0.19640E-01
    0.34130E-01    0.19310E-01
    0.36120E-01    0.18990E-01
    0.38160E-01    0.18680E-01
    0.40250E-01    0.18370E-01
    0.42390E-01    0.18070E-01
    0.44590E-01    0.17770E-01
    0.46830E-01    0.17480E-01
    0.49140E-01    0.17190E-01
    0.51500E-01    0.16910E-01
    0.53920E-01    0.16630E-01
    0.56400E-01    0.16350E-01
    0.58950E-01    0.16080E-01
    0.61560E-01    0.15820E-01
    0.64230E-01    0.15560E-01
    0.66980E-01    0.15300E-01
    0.69790E-01    0.15040E-01
    0.72690E-01    0.14780E-01
    0.75660E-01    0.14530E-01
    0.78710E-01    0.14290E-01
    0.81840E-01    0.14040E-01
    0.85060E-01    0.13800E-01
    0.88360E-01    0.13570E-01
    0.91750E-01    0.13340E-01
    0.95230E-01    0.13110E-01
    0.98810E-01    0.12890E-01
    0.10250        0.12670E-01
    0.10620        0.12450E-01
    0.11010        0.12230E-01
    0.11410        0.12030E-01
    0.11820        0.11820E-01
    0.12240        0.11620E-01
    0.12670        0.11420E-01
    0.13110        0.11220E-01
    0.13560        0.11040E-01
    0.14030        0.10850E-01
    0.14500        0.10670E-01
    0.14990        0.10490E-01
    0.15480        0.10320E-01
    0.15990        0.10150E-01
    0.16520        0.99860E-02
    0.17050        0.98240E-02
    0.17600        0.96640E-02
    0.18160        0.95070E-02
    0.18740        0.93530E-02
    0.19330        0.92050E-02
    0.19930        0.90580E-02
    0.20550        0.89150E-02
    0.21190        0.87730E-02
    0.21840        0.86340E-02
    0.22500        0.84970E-02
    0.23190        0.83620E-02
    0.23890        0.82290E-02
    0.24600        0.80970E-02
    0.25340        0.79670E-02
    0.26100        0.78390E-02
    0.26870        0.77120E-02
    0.27660        0.75860E-02
    0.28480        0.74620E-02
    0.29310        0.73390E-02
    0.30160        0.72190E-02
    0.31040        0.70990E-02
    0.31940        0.69810E-02
    0.32860        0.68640E-02
    0.33810        0.67490E-02
    0.34780        0.66350E-02
    0.35770        0.65230E-02
    0.36790        0.64130E-02
    0.37840        0.63030E-02
    0.38910        0.61950E-02
    0.40010        0.60900E-02
    0.41130        0.59850E-02
    0.42290        0.58830E-02
    0.43470        0.57810E-02
    0.44690        0.56830E-02
    0.45940        0.55850E-02
    0.47210        0.54900E-02
    0.48530        0.53950E-02
    0.49870        0.53040E-02
    0.51250        0.52150E-02
    0.52660        0.51270E-02
    0.54100        0.50400E-02
    0.55580        0.49540E-02
    0.57100        0.48690E-02
    0.58660        0.47860E-02
    0.60260        0.47040E-02
    0.61900        0.46220E-02
    0.63570        0.45420E-02
    0.65290        0.44630E-02
    0.67050        0.43850E-02
    0.68860        0.43080E-02
    0.70710        0.42320E-02
    0.72610        0.41560E-02
    0.74560        0.40820E-02
    0.76550        0.40090E-02
    0.78600        0.39360E-02
    0.80700        0.38640E-02
    0.82860        0.37930E-02
    0.85070        0.37230E-02
    0.87350        0.36530E-02
    0.89700        0.35840E-02
    0.92110        0.35160E-02
    0.94590        0.34490E-02
    0.97130        0.33820E-02
    0.99750        0.33170E-02
     1.0240        0.32520E-02
     1.0520        0.31880E-02
     1.0810        0.31260E-02
     1.1100        0.30650E-02
     1.1400        0.30050E-02
     1.1720        0.29460E-02
     1.2040        0.28880E-02
     1.2360        0.28310E-02
     1.2700        0.27740E-02
     1.3050        0.27190E-02
     1.3410        0.26640E-02
     1.3780        0.26100E-02
     1.4150        0.25580E-02
     1.4540        0.25060E-02
     1.4930        0.24560E-02
     1.5330        0.24070E-02
     1.5740        0.23580E-02
     1.6160        0.23110E-02
     1.6590        0.22640E-02
     1.7030        0.22180E-02
     1.7480        0.21730E-02
     1.7940        0.21290E-02
     1.8410        0.20850E-02
     1.8890        0.20430E-02
     1.9380        0.20000E-02
     1.9880        0.19590E-02
     2.0390        0.19180E-02
     2.0920        0.18780E-02
     2.1450        0.18390E-02
     2.2000        0.18000E-02
     2.2560        0.17630E-02
     2.3130        0.17260E-02
     2.3720        0.16890E-02
     2.4310        0.16530E-02
     2.4920        0.16180E-02
     2.5550        0.15840E-02
     2.6190        0.15500E-02
     2.6840        0.15170E-02
     2.7500        0.14840E-02
     2.8180        0.14530E-02
     2.8880        0.14220E-02
     2.9590        0.13920E-02
     3.0000        0.13750E-02
     3.0290        0.13640E-02
     3.1030        0.13350E-02
     3.1790        0.13070E-02
     3.2570        0.12800E-02
     3.3370        0.12540E-02
     3.4180        0.12280E-02
     3.5020        0.12030E-02
     3.5870        0.11780E-02
     3.6740        0.11540E-02
     3.7640        0.11320E-02
     3.8550        0.11090E-02
     3.9490        0.10860E-02
     4.0450        0.10640E-02
     4.1430        0.10420E-02
     4.2440        0.10210E-02
     4.3470        0.10010E-02
     4.4530        0.98050E-03
     4.5610        0.96070E-03
     4.6730        0.94140E-03
     4.7850        0.92270E-03
     4.8990        0.90470E-03
     5.0140        0.88730E-03
     5.1300        0.87060E-03
     5.2460        0.85430E-03
     5.3650        0.83850E-03
     5.4860        0.82310E-03
     5.6090        0.80810E-03
     5.7330        0.79340E-03
     5.8600        0.77910E-03
     5.9890        0.76500E-03
     6.1200        0.75120E-03
     6.2530        0.73770E-03
     6.3890        0.72440E-03
     6.5280        0.71130E-03
     6.6710        0.69840E-03
     6.8170        0.68560E-03
     6.9660        0.67280E-03
     7.1200        0.66010E-03
     7.2770        0.64750E-03
     7.4390        0.63510E-03
     7.6060        0.62290E-03
     7.7770        0.61090E-03
     7.9530        0.59900E-03
     8.1360        0.58730E-03
     8.3240        0.57570E-03
     8.5200        0.56430E-03
     8.7220        0.55310E-03
     8.9310        0.54200E-03
     9.1480        0.53100E-03
     9.3730        0.52000E-03
     9.6070        0.50910E-03
     9.8510        0.49820E-03
     10.110        0.48740E-03
     10.370        0.47670E-03
     10.650        0.46600E-03
     10.940        0.45530E-03
     11.250        0.44450E-03
     11.570        0.43370E-03
     11.920        0.42280E-03
     12.280        0.41200E-03
     12.660        0.40110E-03
     13.070        0.39040E-03
     13.510        0.37990E-03
     13.980        0.36950E-03
     14.480        0.35930E-03
     15.020        0.34940E-03
     15.610        0.33960E-03
     16.240        0.32980E-03
     16.920        0.32030E-03
     17.660        0.31100E-03
     18.470        0.30200E-03
     19.350        0.29330E-03
     20.300        0.28480E-03
     21.340        0.27650E-03
     22.450        0.26860E-03
     23.570        0.26130E-03
     24.700        0.25470E-03
     25.830        0.24860E-03
     26.960        0.24300E-03
     28.100        0.23770E-03
     29.250        0.23270E-03
     30.400        0.22800E-03
     31.560        0.22360E-03
     32.720        0.21940E-03
     33.890        0.21530E-03
     35.060        0.21130E-03
     36.240        0.20750E-03
     37.420        0.20380E-03
     38.610        0.20030E-03
     39.810        0.19680E-03
     41.020        0.19340E-03
     42.230        0.19000E-03
     43.450        0.18660E-03
     44.670        0.18330E-03
     45.910        0.18000E-03
     47.150        0.17680E-03
     48.400        0.17360E-03
     49.660        0.17040E-03
     50.000        0.16960E-03
     50.760        0.16770E-03
     52.040        0.16460E-03
     53.320        0.16160E-03
     54.610        0.15860E-03
     55.920        0.15560E-03
     57.230        0.15270E-03
     58.550        0.14980E-03
     59.890        0.14690E-03
     61.230        0.14410E-03
     62.590        0.14130E-03
     63.960        0.13850E-03
     65.330        0.13580E-03
     66.720        0.13320E-03
     68.130        0.13060E-03
     69.540        0.12810E-03
     70.000        0.12720E-03
     70.860        0.12580E-03
     72.300        0.12330E-03
     73.750        0.12090E-03
     75.220        0.11860E-03
     76.700        0.11620E-03
     78.190        0.11400E-03
     79.710        0.11170E-03
     81.230        0.10950E-03
     82.770        0.10730E-03
     84.330        0.10510E-03
     85.910        0.10300E-03
     87.500        0.10090E-03
     89.120        0.98860E-04
     90.750        0.96800E-04
     92.400        0.94770E-04
     94.070        0.92790E-04
     95.760        0.90850E-04
     97.470        0.88970E-04
     99.210        0.87130E-04
     100.00        0.86320E-04
     100.70        0.85610E-04
     102.50        0.83870E-04
     104.30        0.82210E-04
     106.10        0.80570E-04
     108.00        0.78970E-04
     109.90        0.77390E-04
     111.80        0.75840E-04
     113.70        0.74300E-04
     115.70        0.72770E-04
     117.70        0.71250E-04
     119.80        0.69710E-04
     121.90        0.68180E-04
     124.00        0.66650E-04
     126.20        0.65120E-04
     128.50        0.63590E-04
     130.80        0.62060E-04
     133.10        0.60530E-04
     135.50        0.58990E-04
     138.00        0.57450E-04
     140.60        0.55910E-04
     143.10        0.54390E-04
     145.70        0.52900E-04
     148.30        0.51460E-04
     150.00        0.50500E-04
     150.50        0.50220E-04
     153.10        0.48850E-04
     155.70        0.47520E-04
     158.20        0.46220E-04
     160.80        0.44960E-04
     163.40        0.43730E-04
     166.00        0.42540E-04
     168.60        0.41370E-04
     171.30        0.40240E-04
     173.90        0.39140E-04
     176.50        0.38070E-04
     179.20        0.37030E-04
     181.90        0.36020E-04
     184.60        0.35030E-04
     187.30        0.34080E-04
     190.00        0.33150E-04
     192.80        0.32250E-04
     195.60        0.31370E-04
     198.40        0.30520E-04
     200.00        0.30040E-04
     201.10        0.29710E-04
     204.00        0.28900E-04
     206.80        0.28110E-04
     209.70        0.27350E-04
     212.60        0.26600E-04
     215.60        0.25880E-04
     218.60        0.25170E-04
     221.60        0.24480E-04
     224.60        0.23810E-04
     227.70        0.23160E-04
     230.80        0.22520E-04
     233.90        0.21910E-04
     237.10        0.21300E-04
     240.30        0.20720E-04
     243.60        0.20140E-04
     246.80        0.19580E-04
     250.00        0.19060E-04
     250.00        0.19060E-04
     253.40        0.18520E-04
     256.80        0.17990E-04
     260.30        0.17460E-04
     263.80        0.16950E-04
     267.40        0.16430E-04
     271.10        0.15920E-04
     274.80        0.15420E-04
     278.60        0.14920E-04
     282.50        0.14440E-04
     286.50        0.13960E-04
     290.50        0.13500E-04
     294.70        0.13040E-04
     298.90        0.12600E-04
     300.00        0.12490E-04
     302.60        0.12240E-04
     307.00        0.11820E-04
     311.60        0.11410E-04
     316.20        0.11020E-04
     321.00        0.10640E-04
     325.90        0.10270E-04
     330.90        0.99120E-05
     336.00        0.95650E-05
     341.20        0.92300E-05
     346.60        0.89050E-05
     350.00        0.87110E-05
     351.10        0.86460E-05
     356.70        0.83410E-05
     362.50        0.80440E-05
     368.50        0.77570E-05
     374.60        0.74780E-05
     380.80        0.72080E-05
     387.20        0.69460E-05
     393.80        0.66930E-05
     400.00        0.64700E-05
     400.00        0.64700E-05
     407.00        0.62310E-05
     414.10        0.60010E-05
     421.50        0.57790E-05
     429.10        0.55660E-05
     436.90        0.53600E-05
     444.90        0.51620E-05
     450.00        0.50420E-05
     451.60        0.50040E-05
     460.10        0.48180E-05
     468.80        0.46390E-05
     477.80        0.44650E-05
     487.00        0.42980E-05
     496.50        0.41370E-05
     500.00        0.40810E-05
     505.90        0.39880E-05
     516.00        0.38380E-05
     526.30        0.36940E-05
     537.00        0.35550E-05
     548.00        0.34210E-05
     550.00        0.33970E-05
     559.10        0.32940E-05
     570.80        0.31700E-05
     582.80        0.30500E-05
     595.20        0.29360E-05
     600.00        0.28930E-05
     607.70        0.28270E-05
     620.80        0.27210E-05
     634.40        0.26190E-05
     648.40        0.25200E-05
     650.00        0.25090E-05
     661.50        0.24330E-05
     676.40        0.23420E-05
     691.60        0.22540E-05
     700.00        0.22080E-05
     706.30        0.21740E-05
     722.50        0.20920E-05
     739.20        0.20130E-05
     750.00        0.19640E-05
     753.40        0.19490E-05
     771.10        0.18750E-05
     789.40        0.18030E-05
     800.00        0.17630E-05
     807.60        0.17350E-05
     827.10        0.16680E-05
     847.20        0.16020E-05
     850.00        0.15930E-05
     866.60        0.15420E-05
     888.00        0.14800E-05
     900.00        0.14470E-05
     908.90        0.14230E-05
     931.80        0.13640E-05
     950.00        0.13200E-05
     954.80        0.13090E-05
     979.40        0.12540E-05
     1000.0        0.12100E-05
     1000.0        0.12100E-05
     1026.0        0.11590E-05
     1054.0        0.11090E-05
     1082.0        0.10610E-05
     1111.0        0.10140E-05
     1142.0        0.96990E-06
     1174.0        0.92730E-06
     1207.0        0.88660E-06
     1241.0        0.84760E-06
     1276.0        0.81030E-06
     1313.0        0.77480E-06
     1352.0        0.74090E-06
     1392.0        0.70860E-06
     1433.0        0.67800E-06
     1476.0        0.64870E-06
     1500.0        0.63340E-06
     1518.0        0.62240E-06
     1564.0        0.59570E-06
     1612.0        0.57010E-06
     1662.0        0.54580E-06
     1714.0        0.52250E-06
     1767.0        0.50030E-06
     1823.0        0.47910E-06
     1881.0        0.45880E-06
     1940.0        0.43940E-06
     2000.0        0.42160E-06
     2000.0        0.42160E-06
     2064.0        0.40380E-06
     2131.0        0.38680E-06
     2200.0        0.37040E-06
     2272.0        0.35480E-06
     2346.0        0.33980E-06
     2424.0        0.32540E-06
     2500.0        0.31230E-06
     2500.0        0.31230E-06
     2583.0        0.29910E-06
     2669.0        0.28650E-06
     2758.0        0.27440E-06
     2851.0        0.26280E-06
     2947.0        0.25170E-06
     3000.0        0.24590E-06
     3040.0        0.24170E-06
     3143.0        0.23140E-06
     3251.0        0.22160E-06
     3362.0        0.21220E-06
     3477.0        0.20310E-06
     3500.0        0.20150E-06
     3596.0        0.19460E-06
     3720.0        0.18630E-06
     3850.0        0.17830E-06
     3983.0        0.17070E-06
     4000.0        0.16980E-06
     4111.0        0.16400E-06
     4255.0        0.15690E-06
     4404.0        0.15020E-06
     4500.0        0.14620E-06
     4531.0        0.14490E-06
     4691.0        0.13870E-06
     4856.0        0.13270E-06
     5000.0        0.12790E-06
     5000.0        0.12790E-06
     5177.0        0.12240E-06
     5361.0        0.11710E-06
     5500.0        0.11340E-06
     5539.0        0.11240E-06
     5737.0        0.10750E-06
     5943.0        0.10280E-06
     6000.0        0.10160E-06
     6128.0        0.98940E-07
     6350.0        0.94640E-07
     6500.0        0.91900E-07
     6546.0        0.91080E-07
     6783.0        0.87110E-07
     7000.0        0.83750E-07
     7000.0        0.83750E-07
     7255.0        0.80070E-07
     7500.0        0.76820E-07
     7500.0        0.76820E-07
     7774.0        0.73460E-07
     8000.0        0.70900E-07
     8058.0        0.70260E-07
     8354.0        0.67190E-07
     8500.0        0.65760E-07
     8624.0        0.64590E-07
     8942.0        0.61770E-07
     9000.0        0.61270E-07
     9265.0        0.59110E-07
     9500.0        0.57320E-07
     9569.0        0.56810E-07
     9924.0        0.54320E-07
     10000.        0.53810E-07
