#
# Lane-Emden Polytrope
# n=0
#
  xi            theta         r/R*           rho/rho*
  0.00000       1.00000       0.00000        1.00000    
  0.613907E-02  0.999994      0.250627E-02   1.00000    
  0.122781E-01  0.999975      0.501253E-02   1.00000    
  0.184172E-01  0.999943      0.751880E-02   1.00000    
  0.245563E-01  0.999900      0.100251E-01   1.00000    
  0.306954E-01  0.999843      0.125313E-01   1.00000    
  0.368344E-01  0.999774      0.150376E-01   1.00000    
  0.429735E-01  0.999692      0.175439E-01   1.00000    
  0.491126E-01  0.999598      0.200501E-01   1.00000    
  0.552517E-01  0.999491      0.225564E-01   1.00000    
  0.613907E-01  0.999372      0.250627E-01   1.00000    
  0.675298E-01  0.999240      0.275689E-01   1.00000    
  0.736689E-01  0.999095      0.300752E-01   1.00000    
  0.798079E-01  0.998938      0.325815E-01   1.00000    
  0.859470E-01  0.998769      0.350877E-01   1.00000    
  0.920861E-01  0.998587      0.375940E-01   1.00000    
  0.982252E-01  0.998392      0.401003E-01   1.00000    
  0.104364      0.998185      0.426065E-01   1.00000    
  0.110503      0.997965      0.451128E-01   1.00000    
  0.116642      0.997732      0.476190E-01   1.00000    
  0.122781      0.997487      0.501253E-01   1.00000    
  0.128921      0.997230      0.526316E-01   1.00000    
  0.135060      0.996960      0.551378E-01   1.00000    
  0.141199      0.996677      0.576441E-01   1.00000    
  0.147338      0.996382      0.601504E-01   1.00000    
  0.153477      0.996074      0.626566E-01   1.00000    
  0.159616      0.995754      0.651629E-01   1.00000    
  0.165755      0.995421      0.676692E-01   1.00000    
  0.171894      0.995075      0.701754E-01   1.00000    
  0.178033      0.994717      0.726817E-01   1.00000    
  0.184172      0.994347      0.751880E-01   1.00000    
  0.190311      0.993964      0.776942E-01   1.00000    
  0.196450      0.993568      0.802005E-01   1.00000    
  0.202589      0.993160      0.827068E-01   1.00000    
  0.208728      0.992739      0.852130E-01   1.00000    
  0.214868      0.992305      0.877193E-01   1.00000    
  0.221007      0.991859      0.902256E-01   1.00000    
  0.227146      0.991401      0.927318E-01   1.00000    
  0.233285      0.990930      0.952381E-01   1.00000    
  0.239424      0.990446      0.977444E-01   1.00000    
  0.245563      0.989950      0.100251       1.00000    
  0.251702      0.989441      0.102757       1.00000    
  0.257841      0.988920      0.105263       1.00000    
  0.263980      0.988386      0.107769       1.00000    
  0.270119      0.987839      0.110276       1.00000    
  0.276258      0.987280      0.112782       1.00000    
  0.282397      0.986709      0.115288       1.00000    
  0.288536      0.986124      0.117794       1.00000    
  0.294675      0.985528      0.120301       1.00000    
  0.300815      0.984918      0.122807       1.00000    
  0.306954      0.984297      0.125313       1.00000    
  0.313093      0.983662      0.127820       1.00000    
  0.319232      0.983015      0.130326       1.00000    
  0.325371      0.982356      0.132832       1.00000    
  0.331510      0.981684      0.135338       1.00000    
  0.337649      0.980999      0.137845       1.00000    
  0.343788      0.980302      0.140351       1.00000    
  0.349927      0.979592      0.142857       1.00000    
  0.356066      0.978869      0.145363       1.00000    
  0.362205      0.978135      0.147870       1.00000    
  0.368344      0.977387      0.150376       1.00000    
  0.374483      0.976627      0.152882       1.00000    
  0.380622      0.975854      0.155388       1.00000    
  0.386762      0.975069      0.157895       1.00000    
  0.392901      0.974272      0.160401       1.00000    
  0.399040      0.973461      0.162907       1.00000    
  0.405179      0.972638      0.165414       1.00000    
  0.411318      0.971803      0.167920       1.00000    
  0.417457      0.970955      0.170426       1.00000    
  0.423596      0.970094      0.172932       1.00000    
  0.429735      0.969221      0.175439       1.00000    
  0.435874      0.968336      0.177945       1.00000    
  0.442013      0.967437      0.180451       1.00000    
  0.448152      0.966527      0.182957       1.00000    
  0.454291      0.965603      0.185464       1.00000    
  0.460430      0.964667      0.187970       1.00000    
  0.466570      0.963719      0.190476       1.00000    
  0.472709      0.962758      0.192982       1.00000    
  0.478848      0.961784      0.195489       1.00000    
  0.484987      0.960798      0.197995       1.00000    
  0.491126      0.959799      0.200501       1.00000    
  0.497265      0.958788      0.203008       1.00000    
  0.503404      0.957764      0.205514       1.00000    
  0.509543      0.956728      0.208020       1.00000    
  0.515682      0.955679      0.210526       1.00000    
  0.521821      0.954617      0.213033       1.00000    
  0.527960      0.953543      0.215539       1.00000    
  0.534099      0.952456      0.218045       1.00000    
  0.540238      0.951357      0.220551       1.00000    
  0.546377      0.950245      0.223058       1.00000    
  0.552517      0.949121      0.225564       1.00000    
  0.558656      0.947984      0.228070       1.00000    
  0.564795      0.946835      0.230576       1.00000    
  0.570934      0.945672      0.233083       1.00000    
  0.577073      0.944498      0.235589       1.00000    
  0.583212      0.943311      0.238095       1.00000    
  0.589351      0.942111      0.240602       1.00000    
  0.595490      0.940899      0.243108       1.00000    
  0.601629      0.939674      0.245614       1.00000    
  0.607768      0.938436      0.248120       1.00000    
  0.613907      0.937186      0.250627       1.00000    
  0.620046      0.935924      0.253133       1.00000    
  0.626185      0.934649      0.255639       1.00000    
  0.632324      0.933361      0.258145       1.00000    
  0.638463      0.932061      0.260652       1.00000    
  0.644603      0.930748      0.263158       1.00000    
  0.650742      0.929423      0.265664       1.00000    
  0.656881      0.928085      0.268170       1.00000    
  0.663020      0.926734      0.270677       1.00000    
  0.669159      0.925371      0.273183       1.00000    
  0.675298      0.923995      0.275689       1.00000    
  0.681437      0.922607      0.278196       1.00000    
  0.687576      0.921207      0.280702       1.00000    
  0.693715      0.919793      0.283208       1.00000    
  0.699854      0.918367      0.285714       1.00000    
  0.705993      0.916929      0.288221       1.00000    
  0.712132      0.915478      0.290727       1.00000    
  0.718271      0.914014      0.293233       1.00000    
  0.724411      0.912538      0.295739       1.00000    
  0.730550      0.911050      0.298246       1.00000    
  0.736689      0.909548      0.300752       1.00000    
  0.742828      0.908035      0.303258       1.00000    
  0.748967      0.906508      0.305764       1.00000    
  0.755106      0.904969      0.308271       1.00000    
  0.761245      0.903418      0.310777       1.00000    
  0.767384      0.901854      0.313283       1.00000    
  0.773523      0.900277      0.315789       1.00000    
  0.779662      0.898688      0.318296       1.00000    
  0.785801      0.897086      0.320802       1.00000    
  0.791940      0.895472      0.323308       1.00000    
  0.798079      0.893845      0.325815       1.00000    
  0.804218      0.892205      0.328321       1.00000    
  0.810358      0.890553      0.330827       1.00000    
  0.816497      0.888889      0.333333       1.00000    
  0.822636      0.887212      0.335840       1.00000    
  0.828775      0.885522      0.338346       1.00000    
  0.834914      0.883820      0.340852       1.00000    
  0.841053      0.882105      0.343358       1.00000    
  0.847192      0.880378      0.345865       1.00000    
  0.853331      0.878638      0.348371       1.00000    
  0.859470      0.876885      0.350877       1.00000    
  0.865609      0.875120      0.353383       1.00000    
  0.871748      0.873343      0.355890       1.00000    
  0.877887      0.871552      0.358396       1.00000    
  0.884026      0.869750      0.360902       1.00000    
  0.890166      0.867934      0.363409       1.00000    
  0.896305      0.866106      0.365915       1.00000    
  0.902444      0.864266      0.368421       1.00000    
  0.908583      0.862413      0.370927       1.00000    
  0.914722      0.860547      0.373434       1.00000    
  0.920861      0.858669      0.375940       1.00000    
  0.927000      0.856779      0.378446       1.00000    
  0.933139      0.854875      0.380952       1.00000    
  0.939278      0.852959      0.383459       1.00000    
  0.945417      0.851031      0.385965       1.00000    
  0.951556      0.849090      0.388471       1.00000    
  0.957695      0.847137      0.390977       1.00000    
  0.963834      0.845171      0.393484       1.00000    
  0.969973      0.843192      0.395990       1.00000    
  0.976112      0.841201      0.398496       1.00000    
  0.982252      0.839197      0.401002       1.00000    
  0.988391      0.837181      0.403509       1.00000    
  0.994530      0.835152      0.406015       1.00000    
   1.00067      0.833110      0.408521       1.00000    
   1.00681      0.831056      0.411028       1.00000    
   1.01295      0.828990      0.413534       1.00000    
   1.01909      0.826911      0.416040       1.00000    
   1.02523      0.824819      0.418546       1.00000    
   1.03136      0.822715      0.421053       1.00000    
   1.03750      0.820598      0.423559       1.00000    
   1.04364      0.818468      0.426065       1.00000    
   1.04978      0.816326      0.428571       1.00000    
   1.05592      0.814172      0.431078       1.00000    
   1.06206      0.812005      0.433584       1.00000    
   1.06820      0.809825      0.436090       1.00000    
   1.07434      0.807633      0.438596       1.00000    
   1.08048      0.805428      0.441103       1.00000    
   1.08662      0.803211      0.443609       1.00000    
   1.09275      0.800981      0.446115       1.00000    
   1.09889      0.798739      0.448622       1.00000    
   1.10503      0.796484      0.451128       1.00000    
   1.11117      0.794216      0.453634       1.00000    
   1.11731      0.791936      0.456140       1.00000    
   1.12345      0.789643      0.458647       1.00000    
   1.12959      0.787338      0.461153       1.00000    
   1.13573      0.785020      0.463659       1.00000    
   1.14187      0.782690      0.466165       1.00000    
   1.14801      0.780347      0.468672       1.00000    
   1.15415      0.777991      0.471178       1.00000    
   1.16028      0.775623      0.473684       1.00000    
   1.16642      0.773243      0.476190       1.00000    
   1.17256      0.770849      0.478697       1.00000    
   1.17870      0.768444      0.481203       1.00000    
   1.18484      0.766025      0.483709       1.00000    
   1.19098      0.763594      0.486216       1.00000    
   1.19712      0.761151      0.488722       1.00000    
   1.20326      0.758695      0.491228       1.00000    
   1.20940      0.756226      0.493734       1.00000    
   1.21554      0.753745      0.496241       1.00000    
   1.22168      0.751252      0.498747       1.00000    
   1.22781      0.748745      0.501253       1.00000    
   1.23395      0.746226      0.503759       1.00000    
   1.24009      0.743695      0.506266       1.00000    
   1.24623      0.741151      0.508772       1.00000    
   1.25237      0.738595      0.511278       1.00000    
   1.25851      0.736026      0.513784       1.00000    
   1.26465      0.733444      0.516291       1.00000    
   1.27079      0.730850      0.518797       1.00000    
   1.27693      0.728243      0.521303       1.00000    
   1.28307      0.725624      0.523810       1.00000    
   1.28921      0.722992      0.526316       1.00000    
   1.29534      0.720347      0.528822       1.00000    
   1.30148      0.717690      0.531328       1.00000    
   1.30762      0.715021      0.533835       1.00000    
   1.31376      0.712339      0.536341       1.00000    
   1.31990      0.709644      0.538847       1.00000    
   1.32604      0.706936      0.541353       1.00000    
   1.33218      0.704217      0.543860       1.00000    
   1.33832      0.701484      0.546366       1.00000    
   1.34446      0.698739      0.548872       1.00000    
   1.35060      0.695982      0.551378       1.00000    
   1.35673      0.693212      0.553885       1.00000    
   1.36287      0.690429      0.556391       1.00000    
   1.36901      0.687634      0.558897       1.00000    
   1.37515      0.684826      0.561404       1.00000    
   1.38129      0.682006      0.563910       1.00000    
   1.38743      0.679173      0.566416       1.00000    
   1.39357      0.676327      0.568922       1.00000    
   1.39971      0.673469      0.571429       1.00000    
   1.40585      0.670599      0.573935       1.00000    
   1.41199      0.667716      0.576441       1.00000    
   1.41813      0.664820      0.578947       1.00000    
   1.42426      0.661912      0.581454       1.00000    
   1.43040      0.658991      0.583960       1.00000    
   1.43654      0.656057      0.586466       1.00000    
   1.44268      0.653111      0.588972       1.00000    
   1.44882      0.650153      0.591479       1.00000    
   1.45496      0.647182      0.593985       1.00000    
   1.46110      0.644198      0.596491       1.00000    
   1.46724      0.641202      0.598997       1.00000    
   1.47338      0.638193      0.601504       1.00000    
   1.47952      0.635172      0.604010       1.00000    
   1.48566      0.632138      0.606516       1.00000    
   1.49179      0.629092      0.609023       1.00000    
   1.49793      0.626033      0.611529       1.00000    
   1.50407      0.622961      0.614035       1.00000    
   1.51021      0.619877      0.616541       1.00000    
   1.51635      0.616780      0.619048       1.00000    
   1.52249      0.613671      0.621554       1.00000    
   1.52863      0.610549      0.624060       1.00000    
   1.53477      0.607415      0.626566       1.00000    
   1.54091      0.604268      0.629073       1.00000    
   1.54705      0.601108      0.631579       1.00000    
   1.55319      0.597936      0.634085       1.00000    
   1.55932      0.594751      0.636591       1.00000    
   1.56546      0.591554      0.639098       1.00000    
   1.57160      0.588344      0.641604       1.00000    
   1.57774      0.585122      0.644110       1.00000    
   1.58388      0.581887      0.646617       1.00000    
   1.59002      0.578640      0.649123       1.00000    
   1.59616      0.575380      0.651629       1.00000    
   1.60230      0.572107      0.654135       1.00000    
   1.60844      0.568822      0.656642       1.00000    
   1.61458      0.565524      0.659148       1.00000    
   1.62072      0.562214      0.661654       1.00000    
   1.62685      0.558891      0.664160       1.00000    
   1.63299      0.555556      0.666667       1.00000    
   1.63913      0.552208      0.669173       1.00000    
   1.64527      0.548847      0.671679       1.00000    
   1.65141      0.545474      0.674185       1.00000    
   1.65755      0.542088      0.676692       1.00000    
   1.66369      0.538690      0.679198       1.00000    
   1.66983      0.535279      0.681704       1.00000    
   1.67597      0.531856      0.684211       1.00000    
   1.68211      0.528420      0.686717       1.00000    
   1.68824      0.524972      0.689223       1.00000    
   1.69438      0.521511      0.691729       1.00000    
   1.70052      0.518037      0.694236       1.00000    
   1.70666      0.514551      0.696742       1.00000    
   1.71280      0.511052      0.699248       1.00000    
   1.71894      0.507541      0.701754       1.00000    
   1.72508      0.504017      0.704261       1.00000    
   1.73122      0.500481      0.706767       1.00000    
   1.73736      0.496932      0.709273       1.00000    
   1.74350      0.493370      0.711779       1.00000    
   1.74964      0.489796      0.714286       1.00000    
   1.75577      0.486209      0.716792       1.00000    
   1.76191      0.482610      0.719298       1.00000    
   1.76805      0.478998      0.721804       1.00000    
   1.77419      0.475374      0.724311       1.00000    
   1.78033      0.471737      0.726817       1.00000    
   1.78647      0.468087      0.729323       1.00000    
   1.79261      0.464425      0.731830       1.00000    
   1.79875      0.460751      0.734336       1.00000    
   1.80489      0.457064      0.736842       1.00000    
   1.81103      0.453364      0.739348       1.00000    
   1.81717      0.449652      0.741855       1.00000    
   1.82330      0.445927      0.744361       1.00000    
   1.82944      0.442189      0.746867       1.00000    
   1.83558      0.438439      0.749373       1.00000    
   1.84172      0.434677      0.751880       1.00000    
   1.84786      0.430902      0.754386       1.00000    
   1.85400      0.427114      0.756892       1.00000    
   1.86014      0.423314      0.759399       1.00000    
   1.86628      0.419501      0.761905       1.00000    
   1.87242      0.415676      0.764411       1.00000    
   1.87856      0.411838      0.766917       1.00000    
   1.88470      0.407987      0.769424       1.00000    
   1.89083      0.404124      0.771930       1.00000    
   1.89697      0.400249      0.774436       1.00000    
   1.90311      0.396361      0.776942       1.00000    
   1.90925      0.392460      0.779449       1.00000    
   1.91539      0.388547      0.781955       1.00000    
   1.92153      0.384621      0.784461       1.00000    
   1.92767      0.380682      0.786967       1.00000    
   1.93381      0.376731      0.789474       1.00000    
   1.93995      0.372768      0.791980       1.00000    
   1.94609      0.368792      0.794486       1.00000    
   1.95222      0.364803      0.796992       1.00000    
   1.95836      0.360802      0.799499       1.00000    
   1.96450      0.356788      0.802005       1.00000    
   1.97064      0.352762      0.804511       1.00000    
   1.97678      0.348723      0.807018       1.00000    
   1.98292      0.344671      0.809524       1.00000    
   1.98906      0.340607      0.812030       1.00000    
   1.99520      0.336531      0.814536       1.00000    
   2.00134      0.332441      0.817043       1.00000    
   2.00748      0.328340      0.819549       1.00000    
   2.01362      0.324225      0.822055       1.00000    
   2.01975      0.320098      0.824561       1.00000    
   2.02589      0.315959      0.827068       1.00000    
   2.03203      0.311807      0.829574       1.00000    
   2.03817      0.307643      0.832080       1.00000    
   2.04431      0.303465      0.834586       1.00000    
   2.05045      0.299276      0.837093       1.00000    
   2.05659      0.295074      0.839599       1.00000    
   2.06273      0.290859      0.842105       1.00000    
   2.06887      0.286631      0.844612       1.00000    
   2.07501      0.282391      0.847118       1.00000    
   2.08115      0.278139      0.849624       1.00000    
   2.08728      0.273874      0.852130       1.00000    
   2.09342      0.269596      0.854637       1.00000    
   2.09956      0.265306      0.857143       1.00000    
   2.10570      0.261003      0.859649       1.00000    
   2.11184      0.256688      0.862155       1.00000    
   2.11798      0.252360      0.864662       1.00000    
   2.12412      0.248020      0.867168       1.00000    
   2.13026      0.243667      0.869674       1.00000    
   2.13640      0.239301      0.872180       1.00000    
   2.14254      0.234923      0.874687       1.00000    
   2.14868      0.230532      0.877193       1.00000    
   2.15481      0.226129      0.879699       1.00000    
   2.16095      0.221713      0.882205       1.00000    
   2.16709      0.217285      0.884712       1.00000    
   2.17323      0.212844      0.887218       1.00000    
   2.17937      0.208391      0.889724       1.00000    
   2.18551      0.203925      0.892231       1.00000    
   2.19165      0.199446      0.894737       1.00000    
   2.19779      0.194955      0.897243       1.00000    
   2.20393      0.190451      0.899749       1.00000    
   2.21007      0.185935      0.902256       1.00000    
   2.21621      0.181406      0.904762       1.00000    
   2.22234      0.176864      0.907268       1.00000    
   2.22848      0.172311      0.909774       1.00000    
   2.23462      0.167744      0.912281       1.00000    
   2.24076      0.163165      0.914787       1.00000    
   2.24690      0.158573      0.917293       1.00000    
   2.25304      0.153969      0.919800       1.00000    
   2.25918      0.149352      0.922306       1.00000    
   2.26532      0.144723      0.924812       1.00000    
   2.27146      0.140081      0.927318       1.00000    
   2.27760      0.135426      0.929825       1.00000    
   2.28374      0.130759      0.932331       1.00000    
   2.28987      0.126080      0.934837       1.00000    
   2.29601      0.121387      0.937343       1.00000    
   2.30215      0.116683      0.939850       1.00000    
   2.30829      0.111965      0.942356       1.00000    
   2.31443      0.107236      0.944862       1.00000    
   2.32057      0.102493      0.947368       1.00000    
   2.32671      0.977381E-01  0.949875       1.00000    
   2.33285      0.929705E-01  0.952381       1.00000    
   2.33899      0.881904E-01  0.954887       1.00000    
   2.34513      0.833978E-01  0.957394       1.00000    
   2.35126      0.785925E-01  0.959900       1.00000    
   2.35740      0.737746E-01  0.962406       1.00000    
   2.36354      0.689443E-01  0.964912       1.00000    
   2.36968      0.641013E-01  0.967419       1.00000    
   2.37582      0.592459E-01  0.969925       1.00000    
   2.38196      0.543778E-01  0.972431       1.00000    
   2.38810      0.494972E-01  0.974937       1.00000    
   2.39424      0.446039E-01  0.977444       1.00000    
   2.40038      0.396982E-01  0.979950       1.00000    
   2.40652      0.347799E-01  0.982456       1.00000    
   2.41266      0.298491E-01  0.984962       1.00000    
   2.41879      0.249056E-01  0.987469       1.00000    
   2.42493      0.199497E-01  0.989975       1.00000    
   2.43107      0.149810E-01  0.992481       1.00000    
   2.43721      0.999990E-02  0.994987       1.00000    
   2.44335      0.500623E-02  0.997494       1.00000    
   2.44949       0.00000       1.00000       1.00000    
   2.44949       0.00000       1.00000       0.00000
