#
# Spectrum of HD10032, spectral type F0v
# Source: Jacoby, Hunter, & Christian, 1984, ApJ, 56, 257
#         Scaled to flux=1.0 at 5500 Angstroms.
#
# Wave: wavelength in Angstroms
# Flux: scaled flux normalized to 1.0 at 5500A then shifted
#       in order of spectral type
Wave            Flux
3510.0000       9.69797516E+00
3511.3999       9.69178867E+00
3512.8000       9.68953896E+00
3514.2000       9.68672657E+00
3515.6001       9.70022488E+00
3517.0000       9.72216034E+00
3518.3999       9.71316147E+00
3519.8000       9.67716599E+00
3521.2000       9.66029263E+00
3522.6001       9.65635490E+00
3524.0000       9.66872883E+00
3525.3999       9.68953896E+00
3526.8000       9.68953896E+00
3528.2000       9.68278980E+00
3529.6001       9.67041588E+00
3531.0000       9.67154121E+00
3532.3999       9.70809937E+00
3533.8000       9.74409485E+00
3535.2000       9.74634361E+00
3536.6001       9.71766090E+00
3538.0000       9.73790741E+00
3539.3999       9.75028133E+00
3540.8000       9.74465752E+00
3542.2000       9.74128246E+00
3543.6001       9.72722149E+00
3545.0000       9.72609711E+00
3546.3999       9.75365639E+00
3547.8000       9.76152992E+00
3549.2000       9.75590515E+00
3550.6001       9.75871754E+00
3552.0000       9.73790741E+00
3553.3999       9.71259880E+00
3554.8000       9.72159767E+00
3556.2000       9.74015808E+00
3557.6001       9.71484756E+00
3559.0000       9.70528698E+00
3560.3999       9.73453331E+00
3561.8000       9.73903275E+00
3563.2000       9.70584869E+00
3564.6001       9.67041588E+00
3566.0000       9.65635490E+00
3567.3999       9.64173222E+00
3568.8000       9.62598419E+00
3570.2000       9.62429714E+00
3571.6001       9.62767220E+00
3573.0000       9.63273335E+00
3574.3999       9.65241814E+00
3575.8000       9.67154121E+00
3577.2000       9.69122601E+00
3578.6001       9.69966316E+00
3580.0000       9.68672657E+00
3581.3999       9.66929150E+00
3582.8000       9.63442039E+00
3584.2000       9.60461235E+00
3585.6001       9.61811066E+00
3587.0000       9.64679432E+00
3588.3999       9.64510727E+00
3589.8000       9.63104630E+00
3591.2000       9.63948250E+00
3592.6001       9.66647911E+00
3594.0000       9.68785095E+00
3595.3999       9.68953896E+00
3596.8000       9.67885208E+00
3598.2000       9.68897629E+00
3599.6001       9.71822262E+00
3601.0000       9.72216034E+00
3602.3999       9.70359993E+00
3603.8000       9.69010162E+00
3605.2000       9.70472431E+00
3606.6001       9.73003387E+00
3608.0000       9.73003387E+00
3609.3999       9.71372318E+00
3610.8000       9.69853783E+00
3612.2000       9.68278980E+00
3613.6001       9.67435265E+00
3615.0000       9.68616486E+00
3616.3999       9.68447685E+00
3617.8000       9.67154121E+00
3619.2000       9.66197968E+00
3620.6001       9.67041588E+00
3622.0000       9.69853783E+00
3623.3999       9.72778416E+00
3624.8000       9.73453331E+00
3626.2000       9.74240685E+00
3627.6001       9.73453331E+00
3629.0000       9.70866203E+00
3630.3999       9.68222713E+00
3631.8000       9.67379093E+00
3633.2000       9.67097855E+00
3634.6001       9.70472431E+00
3636.0000       9.72047234E+00
3637.3999       9.72216034E+00
3638.8000       9.72159767E+00
3640.2000       9.72103500E+00
3641.6001       9.70641136E+00
3643.0000       9.70247459E+00
3644.3999       9.68110275E+00
3645.8000       9.66479206E+00
3647.2000       9.65185547E+00
3648.6001       9.65523052E+00
3650.0000       9.68785095E+00
3651.3999       9.72159767E+00
3652.8000       9.73959541E+00
3654.2000       9.75590515E+00
3655.6001       9.75759315E+00
3657.0000       9.74521923E+00
3658.3999       9.73340797E+00
3659.8000       9.75759315E+00
3661.2000       9.78796387E+00
3662.6001       9.79471302E+00
3664.0000       9.78233910E+00
3665.3999       9.76490402E+00
3666.8000       9.75309372E+00
3668.2000       9.73397064E+00
3669.6001       9.74128246E+00
3671.0000       9.74184418E+00
3672.3999       9.74128246E+00
3673.8000       9.74634361E+00
3675.2000       9.75084305E+00
3676.6001       9.73509598E+00
3678.0000       9.71934700E+00
3679.3999       9.71541023E+00
3680.8000       9.70922375E+00
3682.2000       9.71428585E+00
3683.6001       9.70866203E+00
3685.0000       9.68503952E+00
3686.3999       9.66985321E+00
3687.8000       9.68953896E+00
3689.2000       9.73059654E+00
3690.6001       9.75253105E+00
3692.0000       9.74465752E+00
3693.3999       9.73903275E+00
3694.8000       9.75253105E+00
3696.2000       9.75984192E+00
3697.6001       9.77109146E+00
3699.0000       9.79358864E+00
3700.3999       9.81158638E+00
3701.8000       9.78796387E+00
3703.2000       9.72665977E+00
3704.6001       9.70247459E+00
3706.0000       9.69347572E+00
3707.3999       9.69966316E+00
3708.8000       9.71147346E+00
3710.2000       9.70359993E+00
3711.6001       9.70528698E+00
3713.0000       9.78796387E+00
3714.3999       9.85545540E+00
3715.8000       9.88582611E+00
3717.2000       9.88301468E+00
3718.6001       9.82339668E+00
3720.0000       9.74971867E+00
3721.3999       9.70978642E+00
3722.8000       9.72665977E+00
3724.2000       9.78009033E+00
3725.6001       9.83633232E+00
3727.0000       9.87232780E+00
3728.3999       9.89145088E+00
3729.8000       9.86276722E+00
3731.2000       9.79583740E+00
3732.6001       9.71034813E+00
3734.0000       9.62767220E+00
3735.3999       9.62429714E+00
3736.8000       9.70697403E+00
3738.2000       9.79696274E+00
3739.6001       9.87007904E+00
3741.0000       9.91113663E+00
3742.3999       9.93307114E+00
3743.8000       9.89482498E+00
3745.2000       9.82620907E+00
3746.6001       9.75871754E+00
3748.0000       9.69066429E+00
3749.3999       9.65298080E+00
3750.8000       9.69122601E+00
3752.2000       9.79640007E+00
3753.6001       9.90101242E+00
3755.0000       9.96231747E+00
3756.3999       9.96456718E+00
3757.8000       9.92800903E+00
3759.2000       9.90326214E+00
3760.6001       9.93869495E+00
3762.0000       9.97750282E+00
3763.3999       9.97469044E+00
3764.8000       9.93925762E+00
3766.2000       9.90776157E+00
3767.6001       9.85264397E+00
3769.0000       9.77221584E+00
3770.3999       9.74071980E+00
3771.8000       9.77390289E+00
3773.2000       9.84533119E+00
3774.6001       9.91057396E+00
3776.0000       1.00028124E+01
3777.3999       1.01096745E+01
3778.8000       1.01732283E+01
3780.2000       1.01732283E+01
3781.6001       1.01805401E+01
3783.0000       1.02249718E+01
3784.3999       1.02244091E+01
3785.8000       1.01692915E+01
3787.2000       1.01107988E+01
3788.6001       1.00928011E+01
3790.0000       1.00956135E+01
3791.3999       1.00703039E+01
3792.8000       9.99775028E+00
3794.2000       9.89876270E+00
3795.6001       9.79358864E+00
3797.0000       9.71484756E+00
3798.3999       9.72665977E+00
3799.8000       9.81889725E+00
3801.2000       9.93419552E+00
3802.6001       1.00393696E+01
3804.0000       1.01164227E+01
3805.3999       1.01653538E+01
3806.8000       1.02142859E+01
3808.2000       1.02727785E+01
3809.6001       1.03082113E+01
3811.0000       1.02795277E+01
3812.3999       1.02210350E+01
3813.8000       1.02047243E+01
3815.2000       1.02339706E+01
3816.6001       1.02727785E+01
3818.0000       1.03233967E+01
3819.3999       1.03262091E+01
3820.8000       1.02778397E+01
3822.2000       1.02367830E+01
3823.6001       1.01743526E+01
3825.0000       1.01113605E+01
3826.3999       1.00793028E+01
3827.8000       1.00444317E+01
3829.2000       9.99100113E+00
3830.6001       9.91113663E+00
3832.0000       9.78796387E+00
3833.3999       9.69010162E+00
3834.8000       9.67210388E+00
3836.2000       9.70528698E+00
3837.6001       9.77052879E+00
3839.0000       9.86839104E+00
3840.3999       9.97637749E+00
3841.8000       1.00618668E+01
3843.2000       1.01344204E+01
3844.6001       1.01912260E+01
3846.0000       1.02497187E+01
3847.3999       1.03070869E+01
3848.8000       1.03295841E+01
3850.2000       1.03284588E+01
3851.6001       1.03453312E+01
3853.0000       1.03689537E+01
3854.3999       1.03672667E+01
3855.8000       1.03464565E+01
3857.2000       1.03520813E+01
3858.6001       1.03565807E+01
3860.0000       1.03593922E+01
3861.3999       1.03880768E+01
3862.8000       1.04173231E+01
3864.2000       1.04229469E+01
3865.6001       1.04274464E+01
3867.0000       1.04280090E+01
3868.3999       1.04398193E+01
3869.8000       1.04336338E+01
3871.2000       1.03813276E+01
3872.6001       1.03419571E+01
3874.0000       1.03233967E+01
3875.3999       1.03053989E+01
3876.8000       1.02384701E+01
3878.2000       1.01872892E+01
3879.6001       1.01704159E+01
3881.0000       1.01602926E+01
3882.3999       1.01141729E+01
3883.8000       1.00101242E+01
3885.2000       9.89482498E+00
3886.6001       9.79302597E+00
3888.0000       9.73734474E+00
3889.3999       9.75534248E+00
3890.8000       9.82002258E+00
3892.2000       9.90101242E+00
3893.6001       9.98087692E+00
3895.0000       1.00511808E+01
3896.3999       1.01096745E+01
3897.8000       1.01501694E+01
3899.2000       1.01934757E+01
3900.6001       1.02339706E+01
3902.0000       1.02626553E+01
3903.3999       1.02767153E+01
3904.8000       1.02874012E+01
3906.2000       1.02964001E+01
3907.6001       1.03245220E+01
3909.0000       1.03841400E+01
3910.3999       1.04201355E+01
3911.8000       1.04201355E+01
3913.2000       1.03970757E+01
3914.6001       1.03925762E+01
3916.0000       1.03768272E+01
3917.3999       1.03532057E+01
3918.8000       1.03470192E+01
3920.2000       1.03616428E+01
3921.6001       1.03863888E+01
3923.0000       1.03779526E+01
3924.3999       1.03532057E+01
3925.8000       1.02964001E+01
3927.2000       1.01743526E+01
3928.6001       1.00298090E+01
3930.0000       9.85882950E+00
3931.3999       9.68278980E+00
3932.8000       9.57536507E+00
3934.2000       9.61248589E+00
3935.6001       9.77840233E+00
3937.0000       9.96287918E+00
3938.3999       1.01214848E+01
3939.8000       1.02249718E+01
3941.2000       1.02480316E+01
3942.6001       1.02435322E+01
3944.0000       1.02609673E+01
3945.3999       1.02778397E+01
3946.8000       1.03037119E+01
3948.2000       1.03014622E+01
3949.6001       1.02986507E+01
3951.0000       1.03070869E+01
3952.3999       1.02986507E+01
3953.8000       1.02649040E+01
3955.2000       1.02480316E+01
3956.6001       1.02148476E+01
3958.0000       1.01867266E+01
3959.3999       1.01254215E+01
3960.8000       1.00787401E+01
3962.2000       1.00118113E+01
3963.6001       9.90832329E+00
3965.0000       9.78346443E+00
3966.3999       9.63385773E+00
3967.8000       9.53571415E+00
3969.2000       9.53082085E+00
3970.6001       9.61642265E+00
3972.0000       9.76377964E+00
3973.3999       9.88807678E+00
3974.8000       9.99662590E+00
3976.2000       1.00961752E+01
3977.6001       1.01799774E+01
3979.0000       1.02272215E+01
3980.3999       1.02514057E+01
3981.8000       1.02778397E+01
3983.2000       1.03166485E+01
3984.6001       1.03503933E+01
3986.0000       1.03610802E+01
3987.3999       1.03785152E+01
3988.8000       1.04116983E+01
3990.2000       1.04606304E+01
3991.6001       1.04791899E+01
3993.0000       1.04713163E+01
3994.3999       1.04460068E+01
3995.8000       1.04218216E+01
3997.2000       1.04212599E+01
3998.6001       1.04634418E+01
4000.0000       1.05067492E+01
4001.3999       1.05095615E+01
4002.8000       1.04769402E+01
4004.2000       1.04347582E+01
4005.6001       1.04336338E+01
4007.0000       1.04791899E+01
4008.3999       1.05298090E+01
4009.8000       1.05326214E+01
4011.2000       1.05089989E+01
4012.6001       1.04994373E+01
4014.0000       1.04938135E+01
4015.3999       1.05073118E+01
4016.8000       1.05264339E+01
4018.2000       1.05371208E+01
4019.6001       1.05337458E+01
4021.0000       1.05314960E+01
4022.3999       1.05241842E+01
4023.8000       1.05236225E+01
4025.2000       1.05292463E+01
4026.6001       1.05376825E+01
4028.0000       1.05163107E+01
4029.3999       1.04741287E+01
4030.8000       1.04516315E+01
4032.2000       1.04550056E+01
4033.6001       1.04741287E+01
4035.0000       1.05095615E+01
4036.3999       1.05438690E+01
4037.8000       1.05534306E+01
4039.2000       1.05551186E+01
4040.6001       1.05427446E+01
4042.0000       1.05129356E+01
4043.3999       1.04921265E+01
4044.8000       1.04685040E+01
4046.2000       1.04820023E+01
4047.6001       1.05219345E+01
4049.0000       1.05489311E+01
4050.3999       1.05371208E+01
4051.8000       1.04853764E+01
4053.2000       1.04443197E+01
4054.6001       1.04341955E+01
4056.0000       1.04448814E+01
4057.3999       1.04600677E+01
4058.8000       1.04718781E+01
4060.2000       1.04769402E+01
4061.6001       1.04538803E+01
4063.0000       1.04308205E+01
4064.3999       1.04285717E+01
4065.8000       1.04330711E+01
4067.2000       1.04617548E+01
4068.6001       1.04831276E+01
4070.0000       1.04578180E+01
4071.3999       1.04291344E+01
4072.8000       1.04229469E+01
4074.2000       1.03987627E+01
4075.6001       1.03509560E+01
4077.0000       1.03239594E+01
4078.3999       1.03368950E+01
4079.8000       1.03903265E+01
4081.2000       1.03897638E+01
4082.6001       1.03368950E+01
4084.0000       1.03194599E+01
4085.3999       1.03228350E+01
4086.8000       1.03487062E+01
4088.2000       1.03577051E+01
4089.6001       1.03267717E+01
4091.0000       1.02733402E+01
4092.3999       1.02154102E+01
4093.8000       1.01552305E+01
4095.2000       1.00776157E+01
4096.6001       9.98818874E+00
4098.0000       9.89257622E+00
4099.3999       9.78852654E+00
4100.7998       9.73509598E+00
4102.2002       9.77727795E+00
4103.6001       9.88526440E+00
4105.0000       9.99606323E+00
4106.3999       1.00714283E+01
4107.7998       1.01377954E+01
4109.2002       1.02041626E+01
4110.6001       1.02485943E+01
4112.0000       1.02739029E+01
4113.3999       1.03031502E+01
4114.7998       1.03172102E+01
4116.2002       1.03262091E+01
4117.6001       1.03526440E+01
4119.0000       1.03616428E+01
4120.3999       1.03503933E+01
4121.7998       1.03352079E+01
4123.2002       1.03633289E+01
4124.6001       1.03762655E+01
4126.0000       1.03661423E+01
4127.3999       1.03650169E+01
4128.7998       1.03869514E+01
4130.2002       1.03818893E+01
4131.6001       1.03790779E+01
4133.0000       1.03841400E+01
4134.3999       1.04066372E+01
4135.7998       1.04701910E+01
4137.2002       1.05134983E+01
4138.6001       1.05343084E+01
4140.0000       1.05118113E+01
4141.3999       1.04724407E+01
4142.7998       1.04415073E+01
4144.2002       1.04493809E+01
4145.6001       1.04943752E+01
4147.0000       1.05106859E+01
4148.3999       1.05067492E+01
4149.7998       1.05033741E+01
4151.2002       1.04808769E+01
4152.6001       1.04409447E+01
4154.0000       1.04083242E+01
4155.3999       1.03987627E+01
4156.7998       1.04229469E+01
4158.2002       1.04285717E+01
4159.6001       1.04606304E+01
4161.0000       1.04926882E+01
4162.3999       1.05286837E+01
4163.7998       1.05641174E+01
4165.2002       1.05359955E+01
4166.6001       1.05073118E+01
4168.0000       1.05129356E+01
4169.3999       1.04949379E+01
4170.7998       1.04150734E+01
4172.2002       1.03593922E+01
4173.6001       1.03374577E+01
4175.0000       1.03723278E+01
4176.3999       1.03920135E+01
4177.7998       1.04066372E+01
4179.2002       1.04308205E+01
4180.6001       1.04510689E+01
4182.0000       1.04336338E+01
4183.3999       1.04229469E+01
4184.7998       1.04263220E+01
4186.2002       1.04319458E+01
4187.6001       1.04330711E+01
4189.0000       1.04493809E+01
4190.3999       1.04746904E+01
4191.7998       1.04960632E+01
4193.2002       1.05174351E+01
4194.6001       1.04921265E+01
4196.0000       1.04431944E+01
4197.3999       1.03976383E+01
4198.7998       1.03965130E+01
4200.2002       1.04111366E+01
4201.6001       1.04206972E+01
4203.0000       1.04443197E+01
4204.3999       1.04628792E+01
4205.7998       1.04780655E+01
4207.2002       1.04808769E+01
4208.6001       1.04887514E+01
4210.0000       1.04842520E+01
4211.3999       1.04876270E+01
4212.7998       1.04870644E+01
4214.2002       1.04825649E+01
4215.6001       1.04589424E+01
4217.0000       1.04550056E+01
4218.3999       1.04510689E+01
4219.7998       1.04623175E+01
4221.2002       1.04746904E+01
4222.6001       1.04420700E+01
4224.0000       1.03847017E+01
4225.3999       1.03233967E+01
4226.7998       1.03020248E+01
4228.2002       1.03768272E+01
4229.6001       1.04381332E+01
4231.0000       1.04516315E+01
4232.3999       1.03987627E+01
4233.7998       1.03717661E+01
4235.2002       1.03880768E+01
4236.6001       1.04066372E+01
4238.0000       1.04195728E+01
4239.3999       1.04330711E+01
4240.7998       1.04505062E+01
4242.2002       1.04600677E+01
4243.6001       1.04555683E+01
4245.0000       1.04178848E+01
4246.3999       1.03813276E+01
4247.7998       1.03655796E+01
4249.2002       1.03835773E+01
4250.6001       1.03965130E+01
4252.0000       1.04229469E+01
4253.3999       1.04454441E+01
4254.7998       1.04595051E+01
4256.2002       1.04656916E+01
4257.6001       1.04347582E+01
4259.0000       1.04077616E+01
4260.3999       1.04139481E+01
4261.7998       1.04606304E+01
4263.2002       1.04943752E+01
4264.6001       1.04994373E+01
4266.0000       1.04853764E+01
4267.3999       1.04634418E+01
4268.7998       1.04206972E+01
4270.2002       1.03852644E+01
4271.6001       1.03695164E+01
4273.0000       1.03779526E+01
4274.3999       1.03858261E+01
4275.7998       1.04150734E+01
4277.2002       1.04448814E+01
4278.6001       1.04527559E+01
4280.0000       1.04623175E+01
4281.3999       1.04431944E+01
4282.7998       1.04235096E+01
4284.2002       1.04145107E+01
4285.6001       1.04049492E+01
4287.0000       1.03757029E+01
4288.3999       1.03385830E+01
4289.7998       1.03256474E+01
4291.2002       1.03453312E+01
4292.6001       1.03633289E+01
4294.0000       1.03689537E+01
4295.3999       1.03638916E+01
4296.7998       1.03335209E+01
4298.2002       1.02952757E+01
4299.6001       1.02570305E+01
4301.0000       1.02345333E+01
4302.3999       1.02570305E+01
4303.7998       1.02868385E+01
4305.2002       1.02992125E+01
4306.6001       1.03025875E+01
4308.0000       1.03008995E+01
4309.3999       1.03110237E+01
4310.7998       1.03301468E+01
4312.2002       1.03155231E+01
4313.6001       1.02845898E+01
4315.0000       1.02896519E+01
4316.3999       1.03228350E+01
4317.7998       1.03323956E+01
4319.2002       1.03194599E+01
4320.6001       1.03070869E+01
4322.0000       1.03008995E+01
4323.3999       1.02784023E+01
4324.7998       1.02384701E+01
4326.2002       1.02199097E+01
4327.6001       1.02260971E+01
4329.0000       1.02187853E+01
4330.3999       1.01850395E+01
4331.7998       1.01524181E+01
4333.2002       1.01226101E+01
4334.6001       1.00613050E+01
4336.0000       9.95106888E+00
4337.3999       9.83014679E+00
4338.7998       9.72665977E+00
4340.2002       9.68335152E+00
4341.6001       9.73172092E+00
4343.0000       9.82677174E+00
4344.3999       9.92182159E+00
4345.7998       1.00140610E+01
4347.2002       1.00984249E+01
4348.6001       1.01529808E+01
4350.0000       1.01670418E+01
4351.3999       1.01608543E+01
4352.7998       1.01861649E+01
4354.2002       1.02480316E+01
4355.6001       1.02902136E+01
4357.0000       1.03217096E+01
4358.3999       1.03267717E+01
4359.7998       1.03408318E+01
4361.2002       1.03925762E+01
4362.6001       1.04285717E+01
4364.0000       1.04375706E+01
4365.3999       1.04173231E+01
4366.7998       1.03998871E+01
4368.2002       1.03892012E+01
4369.6001       1.03880768E+01
4371.0000       1.03847017E+01
4372.3999       1.03700790E+01
4373.7998       1.03565807E+01
4375.2002       1.03633289E+01
4376.6001       1.03920135E+01
4378.0000       1.04128227E+01
4379.3999       1.04083242E+01
4380.7998       1.03892012E+01
4382.2002       1.03436451E+01
4383.6001       1.02727785E+01
4385.0000       1.02716541E+01
4386.3999       1.03059616E+01
4387.7998       1.03475819E+01
4389.2002       1.03908882E+01
4390.6001       1.04173231E+01
4392.0000       1.03976383E+01
4393.3999       1.03689537E+01
4394.7998       1.03689537E+01
4396.2002       1.04105740E+01
4397.6001       1.04100113E+01
4399.0000       1.03875141E+01
4400.3999       1.03717661E+01
4401.7998       1.03700790E+01
4403.2002       1.03903265E+01
4404.6001       1.04026995E+01
4406.0000       1.03965130E+01
4407.3999       1.03880768E+01
4408.7998       1.03779526E+01
4410.2002       1.03948250E+01
4411.6001       1.03914509E+01
4413.0000       1.03723278E+01
4414.3999       1.03447695E+01
4415.7998       1.03172102E+01
4417.2002       1.03498306E+01
4418.6001       1.03953876E+01
4420.0000       1.04195728E+01
4421.3999       1.03993254E+01
4422.7998       1.03993254E+01
4424.2002       1.03998871E+01
4425.6001       1.04055119E+01
4427.0000       1.04139481E+01
4428.3999       1.04291344E+01
4429.7998       1.04308205E+01
4431.2002       1.04094486E+01
4432.6001       1.03897638E+01
4434.0000       1.03779526E+01
4435.3999       1.03959503E+01
4436.7998       1.04240723E+01
4438.2002       1.04358826E+01
4439.6001       1.04190102E+01
4441.0000       1.03661423E+01
4442.3999       1.03166485E+01
4443.7998       1.03307085E+01
4445.2002       1.03785152E+01
4446.6001       1.04212599E+01
4448.0000       1.04038239E+01
4449.3999       1.03982000E+01
4450.7998       1.03998871E+01
4452.2002       1.03875141E+01
4453.6001       1.03712034E+01
4455.0000       1.03357706E+01
4456.3999       1.03295841E+01
4457.7998       1.03352079E+01
4459.2002       1.03644543E+01
4460.6001       1.03672667E+01
4462.0000       1.03667040E+01
4463.3999       1.03599548E+01
4464.7998       1.03419571E+01
4466.2002       1.03318329E+01
4467.6001       1.03121490E+01
4469.0000       1.03368950E+01
4470.3999       1.03734531E+01
4471.7998       1.04066372E+01
4473.2002       1.04116983E+01
4474.6001       1.04268837E+01
4476.0000       1.04296961E+01
4477.3999       1.04038239E+01
4478.7998       1.03515186E+01
4480.2002       1.02935886E+01
4481.6001       1.03098984E+01
4483.0000       1.03577051E+01
4484.3999       1.03920135E+01
4485.7998       1.04010124E+01
4487.2002       1.03734531E+01
4488.6001       1.03391457E+01
4490.0000       1.03470192E+01
4491.3999       1.03638916E+01
4492.7998       1.04077616E+01
4494.2002       1.04128227E+01
4495.6001       1.04038239E+01
4497.0000       1.03948250E+01
4498.3999       1.03847017E+01
4499.7998       1.03824520E+01
4501.2002       1.04066372E+01
4502.6001       1.04431944E+01
4504.0000       1.04589424E+01
4505.3999       1.04296961E+01
4506.7998       1.04015751E+01
4508.2002       1.04111366E+01
4509.6001       1.04296961E+01
4511.0000       1.04398193E+01
4512.3999       1.04257593E+01
4513.7998       1.04218216E+01
4515.2002       1.04111366E+01
4516.6001       1.03869514E+01
4518.0000       1.03622046E+01
4519.3999       1.03532057E+01
4520.7998       1.03509560E+01
4522.2002       1.03492689E+01
4523.6001       1.03413944E+01
4525.0000       1.03340836E+01
4526.3999       1.03008995E+01
4527.7998       1.03003368E+01
4529.2002       1.03104610E+01
4530.6001       1.03076496E+01
4532.0000       1.02992125E+01
4533.3999       1.02930260E+01
4534.7998       1.03127108E+01
4536.2002       1.03565807E+01
4537.6001       1.03863888E+01
4539.0000       1.03841400E+01
4540.3999       1.03689537E+01
4541.7998       1.03723278E+01
4543.2002       1.03757029E+01
4544.6001       1.03661423E+01
4546.0000       1.03380203E+01
4547.3999       1.02958374E+01
4548.7998       1.02823391E+01
4550.2002       1.03065243E+01
4551.6001       1.03076496E+01
4553.0000       1.02834644E+01
4554.3999       1.02744656E+01
4555.7998       1.02958374E+01
4557.2002       1.03160858E+01
4558.6001       1.03329582E+01
4560.0000       1.03498306E+01
4561.3999       1.03290215E+01
4562.7998       1.03205853E+01
4564.2002       1.03290215E+01
4565.6001       1.03290215E+01
4567.0000       1.03447695E+01
4568.3999       1.03593922E+01
4569.7998       1.03560181E+01
4571.2002       1.03408318E+01
4572.6001       1.03532057E+01
4574.0000       1.03779526E+01
4575.3999       1.03785152E+01
4576.7998       1.03633289E+01
4578.2002       1.03436451E+01
4579.6001       1.03239594E+01
4581.0000       1.02947130E+01
4582.3999       1.02733402E+01
4583.7998       1.02784023E+01
4585.2002       1.03014622E+01
4586.6001       1.03053989E+01
4588.0000       1.03048372E+01
4589.3999       1.03222723E+01
4590.7998       1.03391457E+01
4592.2002       1.03458939E+01
4593.6001       1.03408318E+01
4595.0000       1.03475819E+01
4596.3999       1.03622046E+01
4597.7998       1.03683910E+01
4599.2002       1.03616428E+01
4600.6001       1.03481445E+01
4602.0000       1.03498306E+01
4603.3999       1.03610802E+01
4604.7998       1.03695164E+01
4606.2002       1.03667040E+01
4607.6001       1.03588295E+01
4609.0000       1.03582678E+01
4610.3999       1.03565807E+01
4611.7998       1.03661423E+01
4613.2002       1.03560181E+01
4614.6001       1.03509560E+01
4616.0000       1.03565807E+01
4617.3999       1.03368950E+01
4618.7998       1.03273335E+01
4620.2002       1.03402700E+01
4621.6001       1.03588295E+01
4623.0000       1.03847017E+01
4624.3999       1.03818893E+01
4625.7998       1.03768272E+01
4627.2002       1.03526440E+01
4628.6001       1.03363323E+01
4630.0000       1.03593922E+01
4631.3999       1.03605175E+01
4632.7998       1.03368950E+01
4634.2002       1.03149605E+01
4635.6001       1.03003368E+01
4637.0000       1.03250847E+01
4638.3999       1.03593922E+01
4639.7998       1.03638916E+01
4641.2002       1.03554554E+01
4642.6001       1.03447695E+01
4644.0000       1.03385830E+01
4645.3999       1.03307085E+01
4646.7998       1.03172102E+01
4648.2002       1.03138361E+01
4649.6001       1.03155231E+01
4651.0000       1.03121490E+01
4652.3999       1.03267717E+01
4653.7998       1.03070869E+01
4655.2002       1.03166485E+01
4656.6001       1.03166485E+01
4658.0000       1.03402700E+01
4659.3999       1.03560181E+01
4660.7998       1.03481445E+01
4662.2002       1.03667040E+01
4663.6001       1.03644543E+01
4665.0000       1.03329582E+01
4666.3999       1.03025875E+01
4667.7998       1.03014622E+01
4669.2002       1.03143978E+01
4670.6001       1.03228350E+01
4672.0000       1.03543301E+01
4673.3999       1.03706417E+01
4674.7998       1.03683910E+01
4676.2002       1.03650169E+01
4677.6001       1.03605175E+01
4679.0000       1.03363323E+01
4680.3999       1.03301468E+01
4681.7998       1.03532057E+01
4683.2002       1.03818893E+01
4684.6001       1.03610802E+01
4686.0000       1.03560181E+01
4687.3999       1.03537683E+01
4688.7998       1.03425198E+01
4690.2002       1.03391457E+01
4691.6001       1.03413944E+01
4693.0000       1.03295841E+01
4694.3999       1.03492689E+01
4695.7998       1.03475819E+01
4697.2002       1.03509560E+01
4698.6001       1.03239594E+01
4700.0000       1.02980881E+01
4701.3999       1.02722158E+01
4702.7998       1.02733402E+01
4704.2002       1.03003368E+01
4705.6001       1.03262091E+01
4707.0000       1.03402700E+01
4708.3999       1.03245220E+01
4709.7998       1.03065243E+01
4711.2002       1.02879639E+01
4712.6001       1.02941513E+01
4714.0000       1.02857141E+01
4715.3999       1.02806530E+01
4716.7998       1.02772779E+01
4718.2002       1.02885265E+01
4719.6001       1.03048372E+01
4721.0000       1.03205853E+01
4722.3999       1.03121490E+01
4723.7998       1.03138361E+01
4725.2002       1.03177729E+01
4726.6001       1.03121490E+01
4728.0000       1.03082113E+01
4729.3999       1.02947130E+01
4730.7998       1.02885265E+01
4732.2002       1.03076496E+01
4733.6001       1.03166485E+01
4735.0000       1.02986507E+01
4736.3999       1.02727785E+01
4737.7998       1.02829018E+01
4739.2002       1.03025875E+01
4740.6001       1.03160858E+01
4742.0000       1.03194599E+01
4743.3999       1.03177729E+01
4744.7998       1.03172102E+01
4746.2002       1.03042746E+01
4747.6001       1.02874012E+01
4749.0000       1.02879639E+01
4750.3999       1.02868385E+01
4751.7998       1.02812147E+01
4753.2002       1.02795277E+01
4754.6001       1.02660294E+01
4756.0000       1.02800903E+01
4757.3999       1.03008995E+01
4758.7998       1.03008995E+01
4760.2002       1.02975254E+01
4761.6001       1.02547808E+01
4763.0000       1.02401581E+01
4764.3999       1.02407198E+01
4765.7998       1.02452192E+01
4767.2002       1.02564678E+01
4768.6001       1.02789650E+01
4770.0000       1.02829018E+01
4771.3999       1.02739029E+01
4772.7998       1.02789650E+01
4774.2002       1.02800903E+01
4775.6001       1.02924633E+01
4777.0000       1.02817774E+01
4778.3999       1.02739029E+01
4779.7998       1.02868385E+01
4781.2002       1.03053989E+01
4782.6001       1.02935886E+01
4784.0000       1.02694035E+01
4785.3999       1.02367830E+01
4786.7998       1.02221603E+01
4788.2002       1.02255344E+01
4789.6001       1.02480316E+01
4791.0000       1.02761536E+01
4792.3999       1.02868385E+01
4793.7998       1.02755909E+01
4795.2002       1.02609673E+01
4796.6001       1.02559052E+01
4798.0000       1.02620926E+01
4799.3999       1.02497187E+01
4800.7998       1.02328453E+01
4802.2002       1.02289085E+01
4803.6001       1.02215977E+01
4805.0000       1.02148476E+01
4806.3999       1.02114735E+01
4807.7998       1.02289085E+01
4809.2002       1.02463436E+01
4810.6001       1.02424068E+01
4812.0000       1.02395954E+01
4813.3999       1.02452192E+01
4814.7998       1.02469063E+01
4816.2002       1.02384701E+01
4817.6001       1.02199097E+01
4819.0000       1.02109108E+01
4820.3999       1.01968498E+01
4821.7998       1.01861649E+01
4823.2002       1.01884136E+01
4824.6001       1.01929131E+01
4826.0000       1.01985378E+01
4827.3999       1.01974125E+01
4828.7998       1.01912260E+01
4830.2002       1.01827898E+01
4831.6001       1.01951637E+01
4833.0000       1.01968498E+01
4834.3999       1.01856022E+01
4835.7998       1.01811028E+01
4837.2002       1.01692915E+01
4838.6001       1.01445446E+01
4840.0000       1.01282339E+01
4841.3999       1.01428566E+01
4842.7998       1.01602926E+01
4844.2002       1.01434193E+01
4845.6001       1.01259842E+01
4847.0000       1.01102362E+01
4848.3999       1.00916767E+01
4849.7998       1.00821152E+01
4851.2002       1.00686169E+01
4852.6001       1.00596180E+01
4854.0000       1.00106859E+01
4855.3999       9.94713211E+00
4856.7998       9.89820004E+00
4858.2002       9.84926891E+00
4859.6001       9.78515244E+00
4861.0000       9.70978642E+00
4862.3999       9.64510727E+00
4863.7998       9.65523052E+00
4865.2002       9.72778416E+00
4866.6001       9.80764961E+00
4868.0000       9.87514114E+00
4869.3999       9.94600677E+00
4870.7998       9.98931313E+00
4872.2002       9.98200226E+00
4873.6001       9.97300339E+00
4875.0000       9.99212646E+00
4876.3999       1.00376825E+01
4877.7998       1.00719910E+01
4879.2002       1.00680542E+01
4880.6001       1.00613050E+01
4882.0000       1.01006756E+01
4883.3999       1.01490440E+01
4884.7998       1.01445446E+01
4886.2002       1.01147356E+01
4887.6001       1.01074238E+01
4889.0000       1.01361084E+01
4890.3999       1.01574802E+01
4891.7998       1.01473560E+01
4893.2002       1.01417322E+01
4894.6001       1.01670418E+01
4896.0000       1.02002249E+01
4897.3999       1.02125988E+01
4898.7998       1.02356586E+01
4900.2002       1.02457819E+01
4901.6001       1.02080994E+01
4903.0000       1.01766033E+01
4904.3999       1.01760406E+01
4905.7998       1.01951637E+01
4907.2002       1.02187853E+01
4908.6001       1.02232847E+01
4910.0000       1.02176609E+01
4911.3999       1.02187853E+01
4912.7998       1.02125988E+01
4914.2002       1.01934757E+01
4915.6001       1.01940384E+01
4917.0000       1.02249718E+01
4918.3999       1.02373447E+01
4919.7998       1.02204723E+01
4921.2002       1.01996622E+01
4922.6001       1.01771660E+01
4924.0000       1.01546679E+01
4925.3999       1.01541061E+01
4926.7998       1.01732283E+01
4928.2002       1.02114735E+01
4929.6001       1.02317209E+01
4931.0000       1.02350960E+01
4932.3999       1.02227221E+01
4933.7998       1.01946011E+01
4935.2002       1.01856022E+01
4936.6001       1.01799774E+01
4938.0000       1.02007875E+01
4939.3999       1.02064114E+01
4940.7998       1.02030373E+01
4942.2002       1.02120361E+01
4943.6001       1.02064114E+01
4945.0000       1.02120361E+01
4946.3999       1.02210350E+01
4947.7998       1.02227221E+01
4949.2002       1.02232847E+01
4950.6001       1.02238464E+01
4952.0000       1.02210350E+01
4953.3999       1.02227221E+01
4954.7998       1.02272215E+01
4956.2002       1.02362204E+01
4957.6001       1.02401581E+01
4959.0000       1.02311592E+01
4960.3999       1.02215977E+01
4961.7998       1.02204723E+01
4963.2002       1.02283459E+01
4964.6001       1.02564678E+01
4966.0000       1.02587175E+01
4967.3999       1.02350960E+01
4968.7998       1.02249718E+01
4970.2002       1.02260971E+01
4971.6001       1.02300339E+01
4973.0000       1.02125988E+01
4974.3999       1.02064114E+01
4975.7998       1.02215977E+01
4977.2002       1.02232847E+01
4978.6001       1.02272215E+01
4980.0000       1.02193470E+01
4981.3999       1.01968498E+01
4982.7998       1.01608543E+01
4984.2002       1.01226101E+01
4985.6001       1.01130486E+01
4987.0000       1.01169853E+01
4988.3999       1.01456690E+01
4989.7998       1.01788521E+01
4991.2002       1.01850395E+01
4992.6001       1.01856022E+01
4994.0000       1.02109108E+01
4995.3999       1.02289085E+01
4996.7998       1.02154102E+01
4998.2002       1.02058487E+01
4999.6001       1.01934757E+01
5001.0000       1.01400452E+01
5002.3999       1.00798645E+01
5003.7998       1.00309334E+01
5005.2002       1.00731163E+01
5006.6001       1.01186724E+01
5008.0000       1.01181107E+01
5009.3999       1.01209221E+01
5010.7998       1.01766033E+01
5012.2002       1.01856022E+01
5013.6001       1.01715412E+01
5015.0000       1.01445446E+01
5016.3999       1.01259842E+01
5017.7998       1.01248589E+01
5019.2002       1.01046124E+01
5020.6001       1.00967379E+01
5022.0000       1.01062994E+01
5023.3999       1.01220474E+01
5024.7998       1.01361084E+01
5026.2002       1.01473560E+01
5027.6001       1.01574802E+01
5029.0000       1.01518555E+01
5030.3999       1.01524181E+01
5031.7998       1.01535435E+01
5033.2002       1.01625423E+01
5034.6001       1.01912260E+01
5036.0000       1.02052870E+01
5037.3999       1.01721039E+01
5038.7998       1.01484814E+01
5040.2002       1.01287966E+01
5041.6001       1.00883017E+01
5043.0000       1.00590553E+01
5044.3999       1.00506191E+01
5045.7998       1.00866146E+01
5047.2002       1.01473560E+01
5048.6001       1.01670418E+01
5050.0000       1.01535435E+01
5051.3999       1.01411705E+01
5052.7998       1.01276712E+01
5054.2002       1.01119232E+01
5055.6001       1.01158600E+01
5057.0000       1.01349831E+01
5058.3999       1.01501694E+01
5059.7998       1.01619797E+01
5061.2002       1.01726656E+01
5062.6001       1.01721039E+01
5064.0000       1.01608543E+01
5065.3999       1.01496067E+01
5066.7998       1.01321707E+01
5068.2002       1.01040497E+01
5069.6001       1.00849266E+01
5071.0000       1.01079865E+01
5072.3999       1.01496067E+01
5073.7998       1.01507311E+01
5075.2002       1.01445446E+01
5076.6001       1.01467943E+01
5078.0000       1.01552305E+01
5079.3999       1.01647921E+01
5080.7998       1.01467943E+01
5082.2002       1.01136112E+01
5083.6001       1.01068611E+01
5085.0000       1.01248589E+01
5086.3999       1.01417322E+01
5087.7998       1.01445446E+01
5089.2002       1.01310463E+01
5090.6001       1.01361084E+01
5092.0000       1.01473560E+01
5093.3999       1.01484814E+01
5094.7998       1.01462317E+01
5096.2002       1.01400452E+01
5097.6001       1.01332960E+01
5099.0000       1.01147356E+01
5100.3999       1.00894260E+01
5101.7998       1.00860519E+01
5103.2002       1.01209221E+01
5104.6001       1.01541061E+01
5106.0000       1.01636667E+01
5107.3999       1.01597300E+01
5108.7998       1.01490440E+01
5110.2002       1.01287966E+01
5111.6001       1.01102362E+01
5113.0000       1.01209221E+01
5114.3999       1.01535435E+01
5115.7998       1.01704159E+01
5117.2002       1.01608543E+01
5118.6001       1.01541061E+01
5120.0000       1.01518555E+01
5121.3999       1.01456690E+01
5122.7998       1.01479187E+01
5124.2002       1.01496067E+01
5125.6001       1.01349831E+01
5127.0000       1.01237345E+01
5128.3999       1.01287966E+01
5129.7998       1.01259842E+01
5131.2002       1.01186724E+01
5132.6001       1.01254215E+01
5134.0000       1.01209221E+01
5135.3999       1.01141729E+01
5136.7998       1.01512938E+01
5138.2002       1.01625423E+01
5139.6001       1.01316090E+01
5141.0000       1.00956135E+01
5142.3999       1.00832396E+01
5143.7998       1.00854893E+01
5145.2002       1.01051741E+01
5146.6001       1.01147356E+01
5148.0000       1.01186724E+01
5149.3999       1.01197977E+01
5150.7998       1.01102362E+01
5152.2002       1.01209221E+01
5153.6001       1.01147356E+01
5155.0000       1.00933628E+01
5156.3999       1.00776157E+01
5157.7998       1.00742407E+01
5159.2002       1.01124859E+01
5160.6001       1.01377954E+01
5162.0000       1.01304836E+01
5163.3999       1.01147356E+01
5164.7998       1.01079865E+01
5166.2002       1.00911140E+01
5167.6001       1.00573673E+01
5169.0000       1.00174351E+01
5170.3999       9.98650169E+00
5171.7998       9.97862816E+00
5173.2002       9.97637749E+00
5174.6001       9.99718761E+00
5176.0000       1.00416203E+01
5177.3999       1.00838022E+01
5178.7998       1.01107988E+01
5180.2002       1.01197977E+01
5181.6001       1.01023617E+01
5183.0000       1.00641174E+01
5184.3999       1.00298090E+01
5185.7998       1.00134983E+01
5187.2002       1.00303707E+01
5188.6001       1.00556803E+01
5190.0000       1.00596180E+01
5191.3999       1.00517435E+01
5192.7998       1.00449944E+01
5194.2002       1.00483685E+01
5195.6001       1.00601797E+01
5197.0000       1.00635548E+01
5198.3999       1.00506191E+01
5199.7998       1.00444317E+01
5201.2002       1.00584927E+01
5202.6001       1.00742407E+01
5204.0000       1.00742407E+01
5205.3999       1.00472441E+01
5206.7998       1.00247469E+01
5208.2002       1.00219345E+01
5209.6001       1.00269966E+01
5211.0000       1.00500565E+01
5212.3999       1.00686169E+01
5213.7998       1.00849266E+01
5215.2002       1.00961752E+01
5216.6001       1.00652418E+01
5218.0000       1.00494938E+01
5219.3999       1.00635548E+01
5220.7998       1.00899887E+01
5222.2002       1.01130486E+01
5223.6001       1.01102362E+01
5225.0000       1.00978622E+01
5226.3999       1.00691786E+01
5227.7998       1.00269966E+01
5229.2002       1.00140610E+01
5230.6001       1.00326214E+01
5232.0000       1.00416203E+01
5233.3999       1.00365582E+01
5234.7998       1.00343084E+01
5236.2002       1.00320587E+01
5237.6001       1.00399323E+01
5239.0000       1.00607424E+01
5240.3999       1.00888634E+01
5241.7998       1.01107988E+01
5243.2002       1.00922384E+01
5244.6001       1.00719910E+01
5246.0000       1.00804272E+01
5247.3999       1.01012373E+01
5248.7998       1.01091118E+01
5250.2002       1.00956135E+01
5251.6001       1.00883017E+01
5253.0000       1.00961752E+01
5254.3999       1.00939255E+01
5255.7998       1.00809898E+01
5257.2002       1.00854893E+01
5258.6001       1.00989876E+01
5260.0000       1.00944881E+01
5261.3999       1.00787401E+01
5262.7998       1.00511808E+01
5264.2002       1.00174351E+01
5265.6001       9.99775028E+00
5267.0000       9.98481369E+00
5268.3999       9.97694016E+00
5269.7998       9.97581482E+00
5271.2002       9.98143959E+00
5272.6001       9.99775028E+00
5274.0000       1.00084362E+01
5275.3999       1.00028124E+01
5276.7998       1.00033741E+01
5278.2002       1.00393696E+01
5279.6001       1.00703039E+01
5281.0000       1.00770531E+01
5282.3999       1.00674915E+01
5283.7998       1.00444317E+01
5285.2002       1.00343084E+01
5286.6001       1.00421820E+01
5288.0000       1.00584927E+01
5289.3999       1.00826778E+01
5290.7998       1.01001129E+01
5292.2002       1.01051741E+01
5293.6001       1.01001129E+01
5295.0000       1.00770531E+01
5296.3999       1.00613050E+01
5297.7998       1.00478067E+01
5299.2002       1.00444317E+01
5300.6001       1.00556803E+01
5302.0000       1.00579300E+01
5303.3999       1.00466814E+01
5304.7998       1.00466814E+01
5306.2002       1.00646801E+01
5307.6001       1.00652418E+01
5309.0000       1.00624294E+01
5310.3999       1.00618668E+01
5311.7998       1.00629921E+01
5313.2002       1.00680542E+01
5314.6001       1.00590553E+01
5316.0000       1.00455570E+01
5317.3999       1.00382452E+01
5318.7998       1.00331831E+01
5320.2002       1.00331831E+01
5321.6001       1.00404949E+01
5323.0000       1.00466814E+01
5324.3999       1.00449944E+01
5325.7998       1.00337458E+01
5327.2002       1.00208101E+01
5328.6001       1.00067492E+01
5330.0000       9.99662590E+00
5331.3999       1.00061865E+01
5332.7998       1.00326214E+01
5334.2002       1.00545559E+01
5335.6001       1.00613050E+01
5337.0000       1.00629921E+01
5338.3999       1.00596180E+01
5339.7998       1.00388079E+01
5341.2002       1.00174351E+01
5342.6001       1.00253096E+01
5344.0000       1.00410576E+01
5345.3999       1.00472441E+01
5346.7998       1.00478067E+01
5348.2002       1.00393696E+01
5349.6001       1.00410576E+01
5351.0000       1.00511808E+01
5352.3999       1.00489311E+01
5353.7998       1.00365582E+01
5355.2002       1.00438690E+01
5356.6001       1.00680542E+01
5358.0000       1.00832396E+01
5359.3999       1.00697412E+01
5360.7998       1.00590553E+01
5362.2002       1.00635548E+01
5363.6001       1.00663662E+01
5365.0000       1.00556803E+01
5366.3999       1.00382452E+01
5367.7998       1.00146236E+01
5369.2002       9.99550056E+00
5370.6001       9.99887466E+00
5372.0000       1.00129356E+01
5373.3999       1.00269966E+01
5374.7998       1.00455570E+01
5376.2002       1.00658045E+01
5377.6001       1.00596180E+01
5379.0000       1.00506191E+01
5380.3999       1.00489311E+01
5381.7998       1.00202475E+01
5383.2002       1.00044994E+01
5384.6001       1.00134983E+01
5386.0000       1.00343084E+01
5387.3999       1.00573673E+01
5388.7998       1.00579300E+01
5390.2002       1.00494938E+01
5391.6001       1.00461197E+01
5393.0000       1.00359955E+01
5394.3999       1.00191231E+01
5395.7998       1.00191231E+01
5397.2002       1.00303707E+01
5398.6001       1.00264339E+01
5400.0000       1.00208101E+01
5401.3999       1.00106859E+01
5402.7998       9.99718761E+00
5404.2002       9.99718761E+00
5405.6001       9.98593903E+00
5407.0000       9.97019100E+00
5408.3999       9.97356606E+00
5409.7998       9.98200226E+00
5411.2002       9.97975254E+00
5412.6001       9.97637749E+00
5414.0000       9.98537636E+00
5415.3999       9.99156380E+00
5416.7998       9.99325085E+00
5418.2002       9.99100113E+00
5419.6001       9.98537636E+00
5421.0000       9.98650169E+00
5422.3999       9.99887466E+00
5423.7998       1.00118113E+01
5425.2002       1.00118113E+01
5426.6001       1.00044994E+01
5428.0000       9.99775028E+00
5429.3999       9.99325085E+00
5430.7998       1.00028124E+01
5432.2002       1.00084362E+01
5433.6001       9.99606323E+00
5435.0000       9.98987579E+00
5436.3999       1.00140610E+01
5437.7998       1.00253096E+01
5439.2002       1.00236225E+01
5440.6001       1.00157480E+01
5442.0000       1.00078735E+01
5443.3999       1.00191231E+01
5444.7998       1.00208101E+01
5446.2002       1.00061865E+01
5447.6001       9.99718761E+00
5449.0000       9.99437523E+00
5450.3999       9.99775028E+00
5451.7998       1.00067492E+01
5453.2002       1.00185604E+01
5454.6001       1.00191231E+01
5456.0000       1.00011253E+01
5457.3999       9.98650169E+00
5458.7998       9.99887466E+00
5460.2002       1.00348701E+01
5461.6001       1.00343084E+01
5463.0000       1.00044994E+01
5464.3999       9.99493790E+00
5465.7998       9.99887466E+00
5467.2002       9.99606323E+00
5468.6001       9.99212646E+00
5470.0000       9.99831200E+00
5471.3999       1.00084362E+01
5472.7998       1.00089989E+01
5474.2002       1.00078735E+01
5475.6001       1.00112486E+01
5477.0000       1.00039368E+01
5478.3999       9.97975254E+00
5479.7998       9.96119213E+00
5481.2002       9.96850395E+00
5482.6001       9.98537636E+00
5484.0000       1.00000000E+01
5485.3999       1.00196848E+01
5486.7998       1.00359955E+01
5488.2002       1.00421820E+01
5489.6001       1.00393696E+01
5491.0000       1.00281219E+01
5492.3999       1.00174351E+01
5493.7998       1.00174351E+01
5495.2002       1.00174351E+01
5496.6001       1.00112486E+01
5498.0000       1.00112486E+01
5499.3999       1.00129356E+01
5500.7998       1.00061865E+01
5502.2002       9.98425198E+00
5503.6001       9.96962929E+00
5505.0000       9.97750282E+00
5506.3999       9.99775028E+00
5507.7998       1.00050621E+01
5509.2002       1.00089989E+01
5510.6001       1.00174351E+01
5512.0000       1.00191231E+01
5513.3999       1.00089989E+01
5514.7998       1.00056248E+01
5516.2002       1.00028124E+01
5517.6001       1.00016870E+01
5519.0000       9.99325085E+00
5520.3999       9.98762703E+00
5521.7998       9.99887466E+00
5523.2002       1.00123730E+01
5524.6001       1.00157480E+01
5526.0000       1.00011253E+01
5527.3999       9.98256493E+00
5528.7998       9.97131634E+00
5530.2002       9.96231747E+00
5531.6001       9.96625423E+00
5533.0000       9.97862816E+00
5534.3999       9.99043846E+00
5535.7998       9.99831200E+00
5537.2002       9.98650169E+00
5538.6001       9.98031425E+00
5540.0000       9.99100113E+00
5541.3999       9.99718761E+00
5542.7998       9.98706436E+00
5544.2002       9.97750282E+00
5545.6001       9.98031425E+00
5547.0000       9.98425198E+00
5548.3999       9.98312759E+00
5549.7998       9.98931313E+00
5551.2002       1.00016870E+01
5552.6001       1.00050621E+01
5554.0000       9.99943733E+00
5555.3999       1.00000000E+01
5556.7998       1.00067492E+01
5558.2002       1.00039368E+01
5559.6001       9.99381256E+00
5561.0000       9.99381256E+00
5562.3999       1.00039368E+01
5563.7998       1.00095615E+01
5565.2002       1.00089989E+01
5566.6001       1.00011253E+01
5568.0000       9.97806549E+00
5569.3999       9.95837975E+00
5570.7998       9.95556831E+00
5572.2002       9.95781803E+00
5573.6001       9.95331860E+00
5575.0000       9.94881916E+00
5576.3999       9.95219326E+00
5577.7998       9.96681690E+00
5579.2002       9.98312759E+00
5580.6001       9.97694016E+00
5582.0000       9.97075367E+00
5583.3999       9.97075367E+00
5584.7998       9.96794128E+00
5586.2002       9.96512985E+00
5587.6001       9.95894241E+00
5589.0000       9.94094467E+00
5590.3999       9.91113663E+00
5591.7998       9.90438652E+00
5593.2002       9.92350960E+00
5594.6001       9.94319439E+00
5596.0000       9.94488144E+00
5597.3999       9.94713211E+00
5598.7998       9.95163155E+00
5600.2002       9.94994354E+00
5601.6001       9.94319439E+00
5603.0000       9.94319439E+00
5604.3999       9.93644524E+00
5605.7998       9.93532085E+00
5607.2002       9.95331860E+00
5608.6001       9.96794128E+00
5610.0000       9.97412872E+00
5611.3999       9.97862816E+00
5612.7998       9.97637749E+00
5614.2002       9.97412872E+00
5615.6001       9.96906662E+00
5617.0000       9.94938087E+00
5618.3999       9.92688370E+00
5619.7998       9.92294693E+00
5621.2002       9.93138313E+00
5622.6001       9.93982029E+00
5624.0000       9.94488144E+00
5625.3999       9.94150734E+00
5626.7998       9.93194580E+00
5628.2002       9.93644524E+00
5629.6001       9.95444298E+00
5631.0000       9.96344185E+00
5632.3999       9.96175480E+00
5633.7998       9.95556831E+00
5635.2002       9.94881916E+00
5636.6001       9.93644524E+00
5638.0000       9.93250847E+00
5639.3999       9.93644524E+00
5640.7998       9.93363380E+00
5642.2002       9.93644524E+00
5643.6001       9.94488144E+00
5645.0000       9.95275593E+00
5646.3999       9.95275593E+00
5647.7998       9.95388031E+00
5649.2002       9.95050621E+00
5650.6001       9.94375706E+00
5652.0000       9.94825649E+00
5653.3999       9.94713211E+00
5654.7998       9.93700790E+00
5656.2002       9.93025875E+00
5657.6001       9.92800903E+00
5659.0000       9.94488144E+00
5660.3999       9.93644524E+00
5661.7998       9.92125988E+00
5663.2002       9.91844749E+00
5664.6001       9.90776157E+00
5666.0000       9.91676044E+00
5667.3999       9.93082142E+00
5668.7998       9.93250847E+00
5670.2002       9.92463493E+00
5671.6001       9.91619778E+00
5673.0000       9.91057396E+00
5674.3999       9.90494919E+00
5675.7998       9.90944862E+00
5677.2002       9.92688370E+00
5678.6001       9.93644524E+00
5680.0000       9.92969608E+00
5681.3999       9.92069721E+00
5682.7998       9.91957283E+00
5684.2002       9.93082142E+00
5685.6001       9.93419552E+00
5687.0000       9.91676044E+00
5688.3999       9.90719891E+00
5689.7998       9.91844749E+00
5691.2002       9.92744637E+00
5692.6001       9.92182159E+00
5694.0000       9.91057396E+00
5695.3999       9.91226101E+00
5696.7998       9.91507339E+00
5698.2002       9.92069721E+00
5699.6001       9.94431973E+00
5701.0000       9.94825649E+00
5702.3999       9.92800903E+00
5703.7998       9.91394806E+00
5705.2002       9.90944862E+00
5706.6001       9.91001129E+00
5708.0000       9.90888596E+00
5709.3999       9.89876270E+00
5710.7998       9.87851524E+00
5712.2002       9.87007904E+00
5713.6001       9.87064171E+00
5715.0000       9.87289047E+00
5716.3999       9.87851524E+00
5717.7998       9.89201355E+00
5719.2002       9.90607452E+00
5720.6001       9.91338539E+00
5722.0000       9.90663719E+00
5723.3999       9.89257622E+00
5724.7998       9.89595032E+00
5726.2002       9.90888596E+00
5727.6001       9.90494919E+00
5729.0000       9.90494919E+00
5730.3999       9.90663719E+00
5731.7998       9.91169834E+00
5733.2002       9.91507339E+00
5734.6001       9.91169834E+00
5736.0000       9.89876270E+00
5737.3999       9.90044975E+00
5738.7998       9.91001129E+00
5740.2002       9.90663719E+00
5741.6001       9.90438652E+00
5743.0000       9.92069721E+00
5744.3999       9.93363380E+00
5745.7998       9.91957283E+00
5747.2002       9.89032555E+00
5748.6001       9.89426327E+00
5750.0000       9.90832329E+00
5751.3999       9.90213776E+00
5752.7998       9.89032555E+00
5754.2002       9.88920116E+00
5755.6001       9.89313889E+00
5757.0000       9.90382385E+00
5758.3999       9.93194580E+00
5759.7998       9.95444298E+00
5761.2002       9.95050621E+00
5762.6001       9.93475819E+00
5764.0000       9.92182159E+00
5765.3999       9.91563606E+00
5766.7998       9.90832329E+00
5768.2002       9.90269947E+00
5769.6001       9.90832329E+00
5771.0000       9.91226101E+00
5772.3999       9.91507339E+00
5773.7998       9.91788483E+00
5775.2002       9.91226101E+00
5776.6001       9.90663719E+00
5778.0000       9.91451073E+00
5779.3999       9.93082142E+00
5780.7998       9.94094467E+00
5782.2002       9.92632103E+00
5783.6001       9.89595032E+00
5785.0000       9.88076496E+00
5786.3999       9.88357735E+00
5787.7998       9.88920116E+00
5789.2002       9.90832329E+00
5790.6001       9.90719891E+00
5792.0000       9.90326214E+00
5793.3999       9.90888596E+00
5794.7998       9.91169834E+00
5796.2002       9.88976383E+00
5797.6001       9.87064171E+00
5799.0000       9.87514114E+00
5800.3999       9.89538765E+00
5801.7998       9.91169834E+00
5803.2002       9.91563606E+00
5804.6001       9.90326214E+00
5806.0000       9.89370060E+00
5807.3999       9.89313889E+00
5808.7998       9.89820004E+00
5810.2002       9.89932442E+00
5811.6001       9.89651299E+00
5813.0000       9.89201355E+00
5814.3999       9.89201355E+00
5815.7998       9.90494919E+00
5817.2002       9.91282272E+00
5818.6001       9.91619778E+00
5820.0000       9.91957283E+00
5821.3999       9.92688370E+00
5822.7998       9.92969608E+00
5824.2002       9.92182159E+00
5825.6001       9.89932442E+00
5827.0000       9.88470173E+00
5828.3999       9.89257622E+00
5829.7998       9.90269947E+00
5831.2002       9.90101242E+00
5832.6001       9.89201355E+00
5834.0000       9.88976383E+00
5835.3999       9.89820004E+00
5836.7998       9.90944862E+00
5838.2002       9.91732216E+00
5839.6001       9.91901016E+00
5841.0000       9.92069721E+00
5842.3999       9.92238426E+00
5843.7998       9.92857170E+00
5845.2002       9.92632103E+00
5846.6001       9.90776157E+00
5848.0000       9.90888596E+00
5849.3999       9.90944862E+00
5850.7998       9.90213776E+00
5852.2002       9.89707565E+00
5853.6001       9.90044975E+00
5855.0000       9.90213776E+00
5856.3999       9.88414001E+00
5857.7998       9.87064171E+00
5859.2002       9.87345314E+00
5860.6001       9.87457848E+00
5862.0000       9.87570286E+00
5863.3999       9.87514114E+00
5864.7998       9.88582611E+00
5866.2002       9.90213776E+00
5867.6001       9.90101242E+00
5869.0000       9.91113663E+00
5870.3999       9.91844749E+00
5871.7998       9.91394806E+00
5873.2002       9.90157509E+00
5874.6001       9.89763832E+00
5876.0000       9.88863945E+00
5877.3999       9.87907791E+00
5878.7998       9.89088821E+00
5880.2002       9.90663719E+00
5881.6001       9.89932442E+00
5883.0000       9.88526440E+00
5884.3999       9.87570286E+00
5885.7998       9.87795258E+00
5887.2002       9.87795258E+00
5888.6001       9.85376835E+00
5890.0000       9.82508469E+00
5891.3999       9.80821133E+00
5892.7998       9.81214905E+00
5894.2002       9.83070850E+00
5895.6001       9.83295822E+00
5897.0000       9.81383514E+00
5898.3999       9.81889725E+00
5899.7998       9.85151863E+00
5901.2002       9.87176609E+00
5902.6001       9.87289047E+00
5904.0000       9.87232780E+00
5905.3999       9.88245201E+00
5906.7998       9.89201355E+00
5908.2002       9.89088821E+00
5909.6001       9.88863945E+00
5911.0000       9.88695145E+00
5912.3999       9.88301468E+00
5913.7998       9.88470173E+00
5915.2002       9.89482498E+00
5916.6001       9.89482498E+00
5918.0000       9.88470173E+00
5919.3999       9.88414001E+00
5920.7998       9.89088821E+00
5922.2002       9.88976383E+00
5923.6001       9.88301468E+00
5925.0000       9.87064171E+00
5926.3999       9.85826778E+00
5927.7998       9.85264397E+00
5929.2002       9.86332893E+00
5930.6001       9.86670399E+00
5932.0000       9.86051750E+00
5933.3999       9.86332893E+00
5934.7998       9.86501694E+00
5936.2002       9.86895370E+00
5937.6001       9.87626553E+00
5939.0000       9.87345314E+00
5940.3999       9.87570286E+00
5941.7998       9.87064171E+00
5943.2002       9.86051750E+00
5944.6001       9.88638878E+00
5946.0000       9.88470173E+00
5947.3999       9.87514114E+00
5948.7998       9.85208130E+00
5950.2002       9.83577061E+00
5951.6001       9.85095596E+00
5953.0000       9.86614227E+00
5954.3999       9.85208130E+00
5955.7998       9.84139442E+00
5957.2002       9.84926891E+00
5958.6001       9.84589386E+00
5960.0000       9.83239555E+00
5961.3999       9.82958412E+00
5962.7998       9.83914566E+00
5964.2002       9.84308243E+00
5965.6001       9.83577061E+00
5967.0000       9.83520794E+00
5968.3999       9.83014679E+00
5969.7998       9.82170963E+00
5971.2002       9.83295822E+00
5972.6001       9.85658073E+00
5974.0000       9.87401581E+00
5975.3999       9.88132668E+00
5976.7998       9.87401581E+00
5978.2002       9.86108017E+00
5979.6001       9.84983063E+00
5981.0000       9.83577061E+00
5982.3999       9.83633232E+00
5983.7998       9.84983063E+00
5985.2002       9.85545540E+00
5986.6001       9.84701920E+00
5988.0000       9.83295822E+00
5989.3999       9.82564735E+00
5990.7998       9.81945992E+00
5992.2002       9.81721020E+00
5993.6001       9.83914566E+00
5995.0000       9.85882950E+00
5996.3999       9.85939217E+00
5997.7998       9.84364510E+00
5999.2002       9.81608582E+00
6000.6001       9.80258751E+00
6002.0000       9.81889725E+00
6003.3999       9.81777287E+00
6004.7998       9.82339668E+00
6006.2002       9.83577061E+00
6007.6001       9.83577061E+00
6009.0000       9.83633232E+00
6010.3999       9.82114792E+00
6011.7998       9.81102371E+00
6013.2002       9.82733345E+00
6014.6001       9.84420681E+00
6016.0000       9.82733345E+00
6017.3999       9.80877399E+00
6018.7998       9.82508469E+00
6020.2002       9.82564735E+00
6021.6001       9.81664848E+00
6023.0000       9.82620907E+00
6024.3999       9.81383514E+00
6025.7998       9.82677174E+00
6027.2002       9.84420681E+00
6028.6001       9.84533119E+00
6030.0000       9.84308243E+00
6031.3999       9.85151863E+00
6032.7998       9.84589386E+00
6034.2002       9.83689499E+00
6035.6001       9.83352089E+00
6037.0000       9.83802032E+00
6038.3999       9.84589386E+00
6039.7998       9.84083176E+00
6041.2002       9.81777287E+00
6042.6001       9.79583740E+00
6044.0000       9.78965187E+00
6045.3999       9.79471302E+00
6046.7998       9.80539894E+00
6048.2002       9.81833458E+00
6049.6001       9.82789612E+00
6051.0000       9.82227230E+00
6052.3999       9.82677174E+00
6053.7998       9.82733345E+00
6055.2002       9.83295822E+00
6056.6001       9.84139442E+00
6058.0000       9.85039330E+00
6059.3999       9.84758186E+00
6060.7998       9.84308243E+00
6062.2002       9.83295822E+00
6063.6001       9.82114792E+00
6065.0000       9.81439781E+00
6066.3999       9.82227230E+00
6067.7998       9.82227230E+00
6069.2002       9.81889725E+00
6070.6001       9.81721020E+00
6072.0000       9.82227230E+00
6073.3999       9.81496048E+00
6074.7998       9.80089951E+00
6076.2002       9.79921246E+00
6077.6001       9.80539894E+00
6079.0000       9.81608582E+00
6080.3999       9.82789612E+00
6081.7998       9.83070850E+00
6083.2002       9.82845879E+00
6084.6001       9.82395935E+00
6086.0000       9.81833458E+00
6087.3999       9.81271076E+00
6088.7998       9.80371189E+00
6090.2002       9.80933571E+00
6091.6001       9.81945992E+00
6093.0000       9.81664848E+00
6094.3999       9.80877399E+00
6095.7998       9.80539894E+00
6097.2002       9.79865074E+00
6098.6001       9.78740120E+00
6100.0000       9.78683853E+00
6101.3999       9.79302597E+00
6102.7998       9.79302597E+00
6104.2002       9.79246330E+00
6105.6001       9.79752541E+00
6107.0000       9.80427456E+00
6108.3999       9.80933571E+00
6109.7998       9.80764961E+00
6111.2002       9.80652428E+00
6112.6001       9.80315018E+00
6114.0000       9.79583740E+00
6115.3999       9.78965187E+00
6116.7998       9.78571415E+00
6118.2002       9.78346443E+00
6119.6001       9.78233910E+00
6121.0000       9.78908920E+00
6122.3999       9.80146217E+00
6123.7998       9.81214905E+00
6125.2002       9.79921246E+00
6126.6001       9.79246330E+00
6128.0000       9.79246330E+00
6129.3999       9.79021358E+00
6130.7998       9.78571415E+00
6132.2002       9.78065300E+00
6133.6001       9.76490402E+00
6135.0000       9.75028133E+00
6136.3999       9.76152992E+00
6137.7998       9.79021358E+00
6139.2002       9.79696274E+00
6140.6001       9.79246330E+00
6142.0000       9.79415131E+00
6143.3999       9.78515244E+00
6144.7998       9.77221584E+00
6146.2002       9.77277851E+00
6147.6001       9.79190063E+00
6149.0000       9.81102371E+00
6150.3999       9.80933571E+00
6151.7998       9.79583740E+00
6153.2002       9.78965187E+00
6154.6001       9.79696274E+00
6156.0000       9.81102371E+00
6157.3999       9.80821133E+00
6158.7998       9.79190063E+00
6160.2002       9.78683853E+00
6161.6001       9.78796387E+00
6163.0000       9.79190063E+00
6164.3999       9.78908920E+00
6165.7998       9.77783966E+00
6167.2002       9.76546669E+00
6168.6001       9.75871754E+00
6170.0000       9.75703049E+00
6171.3999       9.76546669E+00
6172.7998       9.77896500E+00
6174.2002       9.79133797E+00
6175.6001       9.79808807E+00
6177.0000       9.80483627E+00
6178.3999       9.79865074E+00
6179.7998       9.78965187E+00
6181.2002       9.78571415E+00
6182.6001       9.79133797E+00
6184.0000       9.79471302E+00
6185.3999       9.77840233E+00
6186.7998       9.77559090E+00
6188.2002       9.78009033E+00
6189.6001       9.78852654E+00
6191.0000       9.79471302E+00
6192.3999       9.79865074E+00
6193.7998       9.80202484E+00
6195.2002       9.79865074E+00
6196.6001       9.81664848E+00
6198.0000       9.82283401E+00
6199.3999       9.81214905E+00
6200.7998       9.80821133E+00
6202.2002       9.81608582E+00
6203.6001       9.81552315E+00
6205.0000       9.79752541E+00
6206.3999       9.79752541E+00
6207.7998       9.80989838E+00
6209.2002       9.80821133E+00
6210.6001       9.79808807E+00
6212.0000       9.78458977E+00
6213.3999       9.77446556E+00
6214.7998       9.76884079E+00
6216.2002       9.76490402E+00
6217.6001       9.76827908E+00
6219.0000       9.77896500E+00
6220.3999       9.78627682E+00
6221.7998       9.78740120E+00
6223.2002       9.78740120E+00
6224.6001       9.77896500E+00
6226.0000       9.77277851E+00
6227.3999       9.77165413E+00
6228.7998       9.76771641E+00
6230.2002       9.75984192E+00
6231.6001       9.75646782E+00
6233.0000       9.77446556E+00
6234.3999       9.78402710E+00
6235.7998       9.77952766E+00
6237.2002       9.76715469E+00
6238.6001       9.75984192E+00
6240.0000       9.76940346E+00
6241.3999       9.77559090E+00
6242.7998       9.76152992E+00
6244.2002       9.74634361E+00
6245.6001       9.74015808E+00
6247.0000       9.74409485E+00
6248.3999       9.75309372E+00
6249.7998       9.77165413E+00
6251.2002       9.76434135E+00
6252.6001       9.74634361E+00
6254.0000       9.74353218E+00
6255.3999       9.75590515E+00
6256.7998       9.77221584E+00
6258.2002       9.78290176E+00
6259.6001       9.77840233E+00
6261.0000       9.76377964E+00
6262.3999       9.74521923E+00
6263.7998       9.73790741E+00
6265.2002       9.75140572E+00
6266.6001       9.76940346E+00
6268.0000       9.77221584E+00
6269.3999       9.76040459E+00
6270.7998       9.75478077E+00
6272.2002       9.75928020E+00
6273.6001       9.76321697E+00
6275.0000       9.76209259E+00
6276.3999       9.75365639E+00
6277.7998       9.74465752E+00
6279.2002       9.74015808E+00
6280.6001       9.73453331E+00
6282.0000       9.73903275E+00
6283.3999       9.74915695E+00
6284.7998       9.75815582E+00
6286.2002       9.76096725E+00
6287.6001       9.76546669E+00
6289.0000       9.77334023E+00
6290.3999       9.77390289E+00
6291.7998       9.77165413E+00
6293.2002       9.77840233E+00
6294.6001       9.78121471E+00
6296.0000       9.77390289E+00
6297.3999       9.76602936E+00
6298.7998       9.75871754E+00
6300.2002       9.75365639E+00
6301.6001       9.75253105E+00
6303.0000       9.75759315E+00
6304.3999       9.76321697E+00
6305.7998       9.76152992E+00
6307.2002       9.75534248E+00
6308.6001       9.75084305E+00
6310.0000       9.74521923E+00
6311.3999       9.75084305E+00
6312.7998       9.74746895E+00
6314.2002       9.73847008E+00
6315.6001       9.74240685E+00
6317.0000       9.75309372E+00
6318.3999       9.75028133E+00
6319.7998       9.73847008E+00
6321.2002       9.74353218E+00
6322.6001       9.75365639E+00
6324.0000       9.75759315E+00
6325.3999       9.75871754E+00
6326.7998       9.75253105E+00
6328.2002       9.74128246E+00
6329.6001       9.73847008E+00
6331.0000       9.74128246E+00
6332.3999       9.74859428E+00
6333.7998       9.75196838E+00
6335.2002       9.74634361E+00
6336.6001       9.74296951E+00
6338.0000       9.74690628E+00
6339.3999       9.74803162E+00
6340.7998       9.74971867E+00
6342.2002       9.74859428E+00
6343.6001       9.74296951E+00
6345.0000       9.73509598E+00
6346.3999       9.74071980E+00
6347.7998       9.74240685E+00
6349.2002       9.74015808E+00
6350.6001       9.74071980E+00
6352.0000       9.74353218E+00
6353.3999       9.73622036E+00
6354.7998       9.73228359E+00
6356.2002       9.73565865E+00
6357.6001       9.74240685E+00
6359.0000       9.74690628E+00
6360.3999       9.75084305E+00
6361.7998       9.75028133E+00
6363.2002       9.74128246E+00
6364.6001       9.73228359E+00
6366.0000       9.72722149E+00
6367.3999       9.72778416E+00
6368.7998       9.72947121E+00
6370.2002       9.73172092E+00
6371.6001       9.73847008E+00
6373.0000       9.74353218E+00
6374.3999       9.74128246E+00
6375.7998       9.73903275E+00
6377.2002       9.73622036E+00
6378.6001       9.72665977E+00
6380.0000       9.72159767E+00
6381.3999       9.72834587E+00
6382.7998       9.74240685E+00
6384.2002       9.74803162E+00
6385.6001       9.73847008E+00
6387.0000       9.72665977E+00
6388.3999       9.72440910E+00
6389.7998       9.73115921E+00
6391.2002       9.73172092E+00
6392.6001       9.71597290E+00
6394.0000       9.71091080E+00
6395.3999       9.71372318E+00
6396.7998       9.71428585E+00
6398.2002       9.71541023E+00
6399.6001       9.73509598E+00
6401.0000       9.73903275E+00
6402.3999       9.74015808E+00
6403.7998       9.74409485E+00
6405.2002       9.74578190E+00
6406.6001       9.72947121E+00
6408.0000       9.71709824E+00
6409.3999       9.71541023E+00
6410.7998       9.72272205E+00
6412.2002       9.73340797E+00
6413.6001       9.72665977E+00
6415.0000       9.71990967E+00
6416.3999       9.71203613E+00
6417.7998       9.70416260E+00
6419.2002       9.70247459E+00
6420.6001       9.71259880E+00
6422.0000       9.72103500E+00
6423.3999       9.72216034E+00
6424.7998       9.72553444E+00
6426.2002       9.72947121E+00
6427.6001       9.73453331E+00
6429.0000       9.72553444E+00
6430.3999       9.71934700E+00
6431.7998       9.72834587E+00
6433.2002       9.73115921E+00
6434.6001       9.72778416E+00
6436.0000       9.72216034E+00
6437.3999       9.71541023E+00
6438.7998       9.71990967E+00
6440.2002       9.72497177E+00
6441.6001       9.72159767E+00
6443.0000       9.71990967E+00
6444.3999       9.72609711E+00
6445.7998       9.71316147E+00
6447.2002       9.70809937E+00
6448.6001       9.71147346E+00
6450.0000       9.72440910E+00
6451.3999       9.73003387E+00
6452.7998       9.71934700E+00
6454.2002       9.70641136E+00
6455.6001       9.70134926E+00
6457.0000       9.70809937E+00
6458.3999       9.71597290E+00
6459.7998       9.71428585E+00
6461.2002       9.70697403E+00
6462.6001       9.70303726E+00
6464.0000       9.70134926E+00
6465.3999       9.71428585E+00
6466.7998       9.71822262E+00
6468.2002       9.71653557E+00
6469.6001       9.71372318E+00
6471.0000       9.71541023E+00
6472.3999       9.71709824E+00
6473.7998       9.71203613E+00
6475.2002       9.70978642E+00
6476.6001       9.71091080E+00
6478.0000       9.70753670E+00
6479.3999       9.71990967E+00
6480.7998       9.72497177E+00
6482.2002       9.71316147E+00
6483.6001       9.70359993E+00
6485.0000       9.70022488E+00
6486.3999       9.69910049E+00
6487.7998       9.69066429E+00
6489.2002       9.67604065E+00
6490.6001       9.66310501E+00
6492.0000       9.65241814E+00
6493.3999       9.65354347E+00
6494.7998       9.67210388E+00
6496.2002       9.68616486E+00
6497.6001       9.69516373E+00
6499.0000       9.70191193E+00
6500.3999       9.70866203E+00
6501.7998       9.71259880E+00
6503.2002       9.71259880E+00
6504.6001       9.71203613E+00
6506.0000       9.71653557E+00
6507.3999       9.71372318E+00
6508.7998       9.70697403E+00
6510.2002       9.70247459E+00
6511.6001       9.69910049E+00
6513.0000       9.69347572E+00
6514.3999       9.68841362E+00
6515.7998       9.69291306E+00
6517.2002       9.70191193E+00
6518.6001       9.70922375E+00
6520.0000       9.71372318E+00
6521.3999       9.71316147E+00
6522.7998       9.71203613E+00
6524.2002       9.70866203E+00
6525.6001       9.70303726E+00
6527.0000       9.70641136E+00
6528.3999       9.70753670E+00
6529.7998       9.70922375E+00
6531.2002       9.71484756E+00
6532.6001       9.71203613E+00
6534.0000       9.70528698E+00
6535.3999       9.70359993E+00
6536.7998       9.70697403E+00
6538.2002       9.70641136E+00
6539.6001       9.70584869E+00
6541.0000       9.70191193E+00
6542.3999       9.68953896E+00
6543.7998       9.67266655E+00
6545.2002       9.65691757E+00
6546.6001       9.65241814E+00
6548.0000       9.65523052E+00
6549.3999       9.64960670E+00
6550.7998       9.63442039E+00
6552.2002       9.61473560E+00
6553.6001       9.59730053E+00
6555.0000       9.57817745E+00
6556.3999       9.54898739E+00
6557.7998       9.50652409E+00
6559.2002       9.45224953E+00
6560.6001       9.40719891E+00
6562.0000       9.40911102E+00
6563.3999       9.45382500E+00
6564.7998       9.51861572E+00
6566.2002       9.55219364E+00
6567.6001       9.57199097E+00
6569.0000       9.59223843E+00
6570.3999       9.61473560E+00
6571.7998       9.63048363E+00
6573.2002       9.63835716E+00
6574.6001       9.64510727E+00
6576.0000       9.65410614E+00
6577.3999       9.67379093E+00
6578.7998       9.67604065E+00
6580.2002       9.67772770E+00
6581.6001       9.68110275E+00
6583.0000       9.68222713E+00
6584.3999       9.67660332E+00
6585.7998       9.68335152E+00
6587.2002       9.69235039E+00
6588.6001       9.69516373E+00
6590.0000       9.69122601E+00
6591.3999       9.68785095E+00
6592.7998       9.69347572E+00
6594.2002       9.70303726E+00
6595.6001       9.71147346E+00
6597.0000       9.71990967E+00
6598.3999       9.72216034E+00
6599.7998       9.71709824E+00
6601.2002       9.71091080E+00
6602.6001       9.70978642E+00
6604.0000       9.70753670E+00
6605.3999       9.69910049E+00
6606.7998       9.69797516E+00
6608.2002       9.70134926E+00
6609.6001       9.70528698E+00
6611.0000       9.69853783E+00
6612.3999       9.69122601E+00
6613.7998       9.68672657E+00
6615.2002       9.68560219E+00
6616.6001       9.68391418E+00
6618.0000       9.68278980E+00
6619.3999       9.68503952E+00
6620.7998       9.68897629E+00
6622.2002       9.69291306E+00
6623.6001       9.69853783E+00
6625.0000       9.69178867E+00
6626.3999       9.68616486E+00
6627.7998       9.69347572E+00
6629.2002       9.69291306E+00
6630.6001       9.68785095E+00
6632.0000       9.68672657E+00
6633.3999       9.69291306E+00
6634.7998       9.69403839E+00
6636.2002       9.68897629E+00
6637.6001       9.68841362E+00
6639.0000       9.69516373E+00
6640.3999       9.69966316E+00
6641.7998       9.69853783E+00
6643.2002       9.69460106E+00
6644.6001       9.69010162E+00
6646.0000       9.68447685E+00
6647.3999       9.68278980E+00
6648.7998       9.68672657E+00
6650.2002       9.69235039E+00
6651.6001       9.68897629E+00
6653.0000       9.68278980E+00
6654.3999       9.67997742E+00
6655.7998       9.68166542E+00
6657.2002       9.68672657E+00
6658.6001       9.68728924E+00
6660.0000       9.67660332E+00
6661.3999       9.66535378E+00
6662.7998       9.67266655E+00
6664.2002       9.68560219E+00
6665.6001       9.68897629E+00
6667.0000       9.68616486E+00
6668.3999       9.68672657E+00
6669.7998       9.68728924E+00
6671.2002       9.68391418E+00
6672.6001       9.67941475E+00
6674.0000       9.67716599E+00
6675.3999       9.67266655E+00
6676.7998       9.66310501E+00
6678.2002       9.66029263E+00
6679.6001       9.67097855E+00
6681.0000       9.67547798E+00
6682.3999       9.67379093E+00
6683.7998       9.67491531E+00
6685.2002       9.67941475E+00
6686.6001       9.68222713E+00
6688.0000       9.68503952E+00
6689.3999       9.69628811E+00
6690.7998       9.69853783E+00
6692.2002       9.69178867E+00
6693.6001       9.68166542E+00
6695.0000       9.67660332E+00
6696.3999       9.67604065E+00
6697.7998       9.68391418E+00
6699.2002       9.69066429E+00
6700.6001       9.68166542E+00
6702.0000       9.66366768E+00
6703.3999       9.64960670E+00
6704.7998       9.64341927E+00
6706.2002       9.64285660E+00
6707.6001       9.64285660E+00
6709.0000       9.65073109E+00
6710.3999       9.66085434E+00
6711.7998       9.65916824E+00
6713.2002       9.65410614E+00
6714.6001       9.65073109E+00
6716.0000       9.64960670E+00
6717.3999       9.65129375E+00
6718.7998       9.65241814E+00
6720.2002       9.65748024E+00
6721.6001       9.66366768E+00
6723.0000       9.66647911E+00
6724.3999       9.67097855E+00
6725.7998       9.67322826E+00
6727.2002       9.66760445E+00
6728.6001       9.66029263E+00
6730.0000       9.65635490E+00
6731.3999       9.65916824E+00
6732.7998       9.66479206E+00
6734.2002       9.67210388E+00
6735.6001       9.67322826E+00
6737.0000       9.67435265E+00
6738.3999       9.66479206E+00
6739.7998       9.65579319E+00
6741.2002       9.65129375E+00
6742.6001       9.65241814E+00
6744.0000       9.66929150E+00
6745.3999       9.67829037E+00
6746.7998       9.67491531E+00
6748.2002       9.65860558E+00
6749.6001       9.64791870E+00
6751.0000       9.64341927E+00
6752.3999       9.64229488E+00
6753.7998       9.64510727E+00
6755.2002       9.64735603E+00
6756.6001       9.64510727E+00
6758.0000       9.64510727E+00
6759.3999       9.64904404E+00
6760.7998       9.65241814E+00
6762.2002       9.65748024E+00
6763.6001       9.66029263E+00
6765.0000       9.66029263E+00
6766.3999       9.66141701E+00
6767.7998       9.65466881E+00
6769.2002       9.64848137E+00
6770.6001       9.64848137E+00
6772.0000       9.64173222E+00
6773.3999       9.64060783E+00
6774.7998       9.64960670E+00
6776.2002       9.65523052E+00
6777.6001       9.66141701E+00
6779.0000       9.65860558E+00
6780.3999       9.64960670E+00
6781.7998       9.64960670E+00
6783.2002       9.65185547E+00
6784.6001       9.64848137E+00
6786.0000       9.63891983E+00
6787.3999       9.64173222E+00
6788.7998       9.64791870E+00
6790.2002       9.65466881E+00
6791.6001       9.66085434E+00
6793.0000       9.65129375E+00
6794.3999       9.64623165E+00
6795.7998       9.64735603E+00
6797.2002       9.64904404E+00
6798.6001       9.65241814E+00
6800.0000       9.65466881E+00
6801.3999       9.65241814E+00
6802.7998       9.64904404E+00
6804.2002       9.64623165E+00
6805.6001       9.65241814E+00
6807.0000       9.65410614E+00
6808.3999       9.65129375E+00
6809.7998       9.65016937E+00
6811.2002       9.65860558E+00
6812.6001       9.66197968E+00
6814.0000       9.65354347E+00
6815.3999       9.64398193E+00
6816.7998       9.64229488E+00
6818.2002       9.64285660E+00
6819.6001       9.63948250E+00
6821.0000       9.63779545E+00
6822.3999       9.64454460E+00
6823.7998       9.64735603E+00
6825.2002       9.64004517E+00
6826.6001       9.63329601E+00
6828.0000       9.63048363E+00
6829.3999       9.62879658E+00
6830.7998       9.62429714E+00
6832.2002       9.62261009E+00
6833.6001       9.62767220E+00
6835.0000       9.63610840E+00
6836.3999       9.63891983E+00
6837.7998       9.63948250E+00
6839.2002       9.63948250E+00
6840.6001       9.63554573E+00
6842.0000       9.62823391E+00
6843.3999       9.63048363E+00
6844.7998       9.63329601E+00
6846.2002       9.63273335E+00
6847.6001       9.63610840E+00
6849.0000       9.64960670E+00
6850.3999       9.65635490E+00
6851.7998       9.65691757E+00
6853.2002       9.64679432E+00
6854.6001       9.62373447E+00
6856.0000       9.61304855E+00
6857.3999       9.61023617E+00
6858.7998       9.61136055E+00
6860.2002       9.61698532E+00
6861.6001       9.60911179E+00
6863.0000       9.59392548E+00
6864.3999       9.58267689E+00
6865.7998       9.54460049E+00
6867.2002       9.48768234E+00
6868.6001       9.44707489E+00
6870.0000       9.43948269E+00
6871.3999       9.45708656E+00
6872.7998       9.47710896E+00
6874.2002       9.48908901E+00
6875.6001       9.49701881E+00
6877.0000       9.51091099E+00
6878.3999       9.54173279E+00
6879.7998       9.57761574E+00
6881.2002       9.59786224E+00
6882.6001       9.59167576E+00
6884.0000       9.57086563E+00
6885.3999       9.55826759E+00
6886.7998       9.55388069E+00
6888.2002       9.54668236E+00
6889.6001       9.54724407E+00
6891.0000       9.55776215E+00
6892.3999       9.55343056E+00
6893.7998       9.55078697E+00
6895.2002       9.54921246E+00
6896.6001       9.55275536E+00
6898.0000       9.56749153E+00
6899.3999       9.56636620E+00
6900.7998       9.56692886E+00
6902.2002       9.56524181E+00
6903.6001       9.55658054E+00
6905.0000       9.56636620E+00
6906.3999       9.57142830E+00
6907.7998       9.57030392E+00
6909.2002       9.57255363E+00
6910.6001       9.59055138E+00
6912.0000       9.59280109E+00
6913.3999       9.58267689E+00
6914.7998       9.57874012E+00
6916.2002       9.58267689E+00
6917.6001       9.58323956E+00
6919.0000       9.58548927E+00
6920.3999       9.59505081E+00
6921.7998       9.59561348E+00
6923.2002       9.58380222E+00
6924.6001       9.58155251E+00
6926.0000       9.59111404E+00
6927.3999       9.59223843E+00
6928.7998       9.58717632E+00
6930.2002       9.59167576E+00
6931.6001       9.60123730E+00
6933.0000       9.60292435E+00
6934.3999       9.60348701E+00
6935.7998       9.60573673E+00
6937.2002       9.60742378E+00
6938.6001       9.60911179E+00
6940.0000       9.60404968E+00
6941.3999       9.59505081E+00
6942.7998       9.59167576E+00
6944.2002       9.59673786E+00
6945.6001       9.60404968E+00
6947.0000       9.60911179E+00
6948.3999       9.60911179E+00
6949.7998       9.60742378E+00
6951.2002       9.60798645E+00
6952.6001       9.60854912E+00
6954.0000       9.60404968E+00
6955.3999       9.58942604E+00
6956.7998       9.58661461E+00
6958.2002       9.58998871E+00
6959.6001       9.59561348E+00
6961.0000       9.61136055E+00
6962.3999       9.62485886E+00
6963.7998       9.62879658E+00
6965.2002       9.62429714E+00
6966.6001       9.61754799E+00
6968.0000       9.61473560E+00
6969.3999       9.61811066E+00
6970.7998       9.61811066E+00
6972.2002       9.61529827E+00
6973.6001       9.60911179E+00
6975.0000       9.60629940E+00
6976.3999       9.60292435E+00
6977.7998       9.59673786E+00
6979.2002       9.58773899E+00
6980.6001       9.60573673E+00
6982.0000       9.63217163E+00
6983.3999       9.63667107E+00
6984.7998       9.62598419E+00
6986.2002       9.61811066E+00
6987.6001       9.61529827E+00
6989.0000       9.61642265E+00
6990.3999       9.61361122E+00
6991.7998       9.59898758E+00
6993.2002       9.59167576E+00
6994.6001       9.59955025E+00
6996.0000       9.60798645E+00
6997.3999       9.61361122E+00
6998.7998       9.61585999E+00
7000.2002       9.61192322E+00
7001.6001       9.59898758E+00
7003.0000       9.58605194E+00
7004.3999       9.57874012E+00
7005.7998       9.57986450E+00
7007.2002       9.58942604E+00
7008.6001       9.60179996E+00
7010.0000       9.60123730E+00
7011.3999       9.59617519E+00
7012.7998       9.59167576E+00
7014.2002       9.59111404E+00
7015.6001       9.58830166E+00
7017.0000       9.60179996E+00
7018.3999       9.61361122E+00
7019.7998       9.61192322E+00
7021.2002       9.60517406E+00
7022.6001       9.59505081E+00
7024.0000       9.58773899E+00
7025.3999       9.58661461E+00
7026.7998       9.58830166E+00
7028.2002       9.59842491E+00
7029.6001       9.59786224E+00
7031.0000       9.59336281E+00
7032.3999       9.59505081E+00
7033.7998       9.60123730E+00
7035.2002       9.59055138E+00
7036.6001       9.58605194E+00
7038.0000       9.58717632E+00
7039.3999       9.58717632E+00
7040.7998       9.58605194E+00
7042.2002       9.58942604E+00
7043.6001       9.59730053E+00
7045.0000       9.60292435E+00
7046.3999       9.60461235E+00
7047.7998       9.60573673E+00
7049.2002       9.60404968E+00
7050.6001       9.60236168E+00
7052.0000       9.60404968E+00
7053.3999       9.60348701E+00
7054.7998       9.59898758E+00
7056.2002       9.60011292E+00
7057.6001       9.61136055E+00
7059.0000       9.61473560E+00
7060.3999       9.61079884E+00
7061.7998       9.60123730E+00
7063.2002       9.59336281E+00
7064.6001       9.59505081E+00
7066.0000       9.59786224E+00
7067.3999       9.59673786E+00
7068.7998       9.59842491E+00
7070.2002       9.60629940E+00
7071.6001       9.60461235E+00
7073.0000       9.59223843E+00
7074.3999       9.58492661E+00
7075.7998       9.58323956E+00
7077.2002       9.58098984E+00
7078.6001       9.56411743E+00
7080.0000       9.57424068E+00
7081.3999       9.58548927E+00
7082.7998       9.58942604E+00
7084.2002       9.58998871E+00
7085.6001       9.57986450E+00
7087.0000       9.57986450E+00
7088.3999       9.58267689E+00
7089.7998       9.58155251E+00
7091.2002       9.58436394E+00
7092.6001       9.58942604E+00
7094.0000       9.58548927E+00
7095.3999       9.58492661E+00
7096.7998       9.58998871E+00
7098.2002       9.58942604E+00
7099.6001       9.58323956E+00
7101.0000       9.58211517E+00
7102.3999       9.58548927E+00
7103.7998       9.58717632E+00
7105.2002       9.58942604E+00
7106.6001       9.59392548E+00
7108.0000       9.59786224E+00
7109.3999       9.59561348E+00
7110.7998       9.58548927E+00
7112.2002       9.57367802E+00
7113.6001       9.56861687E+00
7115.0000       9.57086563E+00
7116.3999       9.56805420E+00
7117.7998       9.57817745E+00
7119.2002       9.58773899E+00
7120.6001       9.59786224E+00
7122.0000       9.60404968E+00
7123.3999       9.58717632E+00
7124.7998       9.59842491E+00
7126.2002       9.60179996E+00
7127.6001       9.59955025E+00
7129.0000       9.59673786E+00
7130.3999       9.60011292E+00
7131.7998       9.59955025E+00
7133.2002       9.59842491E+00
7134.6001       9.59673786E+00
7136.0000       9.60067463E+00
7137.3999       9.60067463E+00
7138.7998       9.59561348E+00
7140.2002       9.59167576E+00
7141.6001       9.58717632E+00
7143.0000       9.58042717E+00
7144.3999       9.57030392E+00
7145.7998       9.56580448E+00
7147.2002       9.57761574E+00
7148.6001       9.58998871E+00
7150.0000       9.59448814E+00
7151.3999       9.59617519E+00
7152.7998       9.58830166E+00
7154.2002       9.58830166E+00
7155.6001       9.60011292E+00
7157.0000       9.60404968E+00
7158.3999       9.59448814E+00
7159.7998       9.59111404E+00
7161.2002       9.58436394E+00
7162.6001       9.56524181E+00
7164.0000       9.56046104E+00
7165.3999       9.56355476E+00
7166.7998       9.56468010E+00
7168.2002       9.56046104E+00
7169.6001       9.55494881E+00
7171.0000       9.55438709E+00
7172.3999       9.55708694E+00
7173.7998       9.55877399E+00
7175.2002       9.56068611E+00
7176.6001       9.55978584E+00
7178.0000       9.55315018E+00
7179.3999       9.53886414E+00
7180.7998       9.53397083E+00
7182.2002       9.53054047E+00
7183.6001       9.52255344E+00
7185.0000       9.51372337E+00
7186.3999       9.53683853E+00
7187.7998       9.56242943E+00
7189.2002       9.57086563E+00
7190.6001       9.56169891E+00
7192.0000       9.54415131E+00
7193.3999       9.54865074E+00
7194.7998       9.55781746E+00
7196.2002       9.56411743E+00
7197.6001       9.55315018E+00
7199.0000       9.53127098E+00
7200.3999       9.53605175E+00
7201.7998       9.54583740E+00
7203.2002       9.54274464E+00
7204.6001       9.54190063E+00
7206.0000       9.55523109E+00
7207.3999       9.57536507E+00
7208.7998       9.57874012E+00
7210.2002       9.58886337E+00
7211.6001       9.59898758E+00
7213.0000       9.59448814E+00
7214.3999       9.58717632E+00
7215.7998       9.58830166E+00
7217.2002       9.59167576E+00
7218.6001       9.58661461E+00
7220.0000       9.58436394E+00
7221.3999       9.58155251E+00
7222.7998       9.57536507E+00
7224.2002       9.56917953E+00
7225.6001       9.56580448E+00
7227.0000       9.56468010E+00
7228.3999       9.56468010E+00
7229.7998       9.55241776E+00
7231.2002       9.53470230E+00
7232.6001       9.52637863E+00
7234.0000       9.52969646E+00
7235.3999       9.54724407E+00
7236.7998       9.54943752E+00
7238.2002       9.54145050E+00
7239.6001       9.53183365E+00
7241.0000       9.53307152E+00
7242.3999       9.54128265E+00
7243.7998       9.54386902E+00
7245.2002       9.55399323E+00
7246.6001       9.55781746E+00
7248.0000       9.55106926E+00
7249.3999       9.54820061E+00
7250.7998       9.54330730E+00
7252.2002       9.53678322E+00
7253.6001       9.52997780E+00
7255.0000       9.52930260E+00
7256.3999       9.53436470E+00
7257.7998       9.54713154E+00
7259.2002       9.55359936E+00
7260.6001       9.55348682E+00
7262.0000       9.55247498E+00
7263.3999       9.55151844E+00
7264.7998       9.55337524E+00
7266.2002       9.55163097E+00
7267.6001       9.54611969E+00
7269.0000       9.54538822E+00
7270.3999       9.54386902E+00
7271.7998       9.53397083E+00
7273.2002       9.52491570E+00
7274.6001       9.52131653E+00
7276.0000       9.53160858E+00
7277.3999       9.55253029E+00
7278.7998       9.55922318E+00
7280.2002       9.55258751E+00
7281.6001       9.54274464E+00
7283.0000       9.53903198E+00
7284.3999       9.53149605E+00
7285.7998       9.52514076E+00
7287.2002       9.51428604E+00
7288.6001       9.49752522E+00
7290.0000       9.49505043E+00
7291.3999       9.51737976E+00
7292.7998       9.52362251E+00
7294.2002       9.52935886E+00
7295.6001       9.53852654E+00
7297.0000       9.54578209E+00
7298.3999       9.54071999E+00
7299.7998       9.53295898E+00
7301.2002       9.52834702E+00
7302.6001       9.52727795E+00
7304.0000       9.53385830E+00
7305.3999       9.53824520E+00
7306.7998       9.53717613E+00
7308.2002       9.53318310E+00
7309.6001       9.53402710E+00
7311.0000       9.53841400E+00
7312.3999       9.54240704E+00
7313.7998       9.54071999E+00
7315.2002       9.54133797E+00
7316.6001       9.54341888E+00
7318.0000       9.53638935E+00
7319.3999       9.53470230E+00
7320.7998       9.53891945E+00
7322.2002       9.53352070E+00
7323.6001       9.52873993E+00
7325.0000       9.53391457E+00
7326.3999       9.53830147E+00
7327.7998       9.54038239E+00
7329.2002       9.54403877E+00
7330.6001       9.54521942E+00
7332.0000       9.54566956E+00
7333.3999       9.54617500E+00
7334.7998       9.54055119E+00
7336.2002       9.53385830E+00
7337.6001       9.52992058E+00
7339.0000       9.52902126E+00
7340.3999       9.53633308E+00
7341.7998       9.53560162E+00
7343.2002       9.53284645E+00
7344.6001       9.53442001E+00
7346.0000       9.54156303E+00
7347.3999       9.54763794E+00
7348.7998       9.54842567E+00
7350.2002       9.54094505E+00
7351.6001       9.53582668E+00
7353.0000       9.52919006E+00
7354.3999       9.51923561E+00
7355.7998       9.52964020E+00
7357.2002       9.53318310E+00
7358.6001       9.52986526E+00
7360.0000       9.52924633E+00
7361.3999       9.53082085E+00
7362.7998       9.53891945E+00
7364.2002       9.54167557E+00
7365.6001       9.53678322E+00
7367.0000       9.53143978E+00
7368.3999       9.52930260E+00
7369.7998       9.53003311E+00
7371.2002       9.52581596E+00
7372.6001       9.52041626E+00
7374.0000       9.52283478E+00
7375.3999       9.52682781E+00
7376.7998       9.52620888E+00
7378.2002       9.53020287E+00
7379.6001       9.53160858E+00
7381.0000       9.52530956E+00
7382.3999       9.51653481E+00
7383.7998       9.50742340E+00
7385.2002       9.50551224E+00
7386.6001       9.50073051E+00
7388.0000       9.48925781E+00
7389.3999       9.48560143E+00
7390.7998       9.49353218E+00
7392.2002       9.51254272E+00
7393.6001       9.52384758E+00
7395.0000       9.52609634E+00
7396.3999       9.52553368E+00
7397.7998       9.52311516E+00
7399.2002       9.51777267E+00
7400.6001       9.51608562E+00
7402.0000       9.51619816E+00
7403.3999       9.51569176E+00
7404.7998       9.51316071E+00
7406.2002       9.52210331E+00
7407.6001       9.52817726E+00
7409.0000       9.52800941E+00
7410.3999       9.52373505E+00
7411.7998       9.52013493E+00
7413.2002       9.52570343E+00
7414.6001       9.52491570E+00
7416.0000       9.53042793E+00
7417.3999       9.54195786E+00
7418.7998       9.54904366E+00
7420.2002       9.54718781E+00
7421.6001       9.54094505E+00
7423.0000       9.53009033E+00
7424.3999       9.51867294E+00
7425.7998       9.52035999E+00
7427.2002       9.52440929E+00
