#
# Spectrum of HD116608, spectral type A1v
# Source: Jacoby, Hunter, & Christian, 1984, ApJ, 56, 257
#         Scaled to flux=1.0 at 5500 Angstroms.
#
# Wave: wavelength in Angstroms
# Flux: scaled flux normalized to 1.0 at 5500A then shifted
#       in order of spectral type
Wave            Flux
3510.0000       1.19926033E+01
3511.3999       1.19915123E+01
3512.8000       1.20172186E+01
3514.2000       1.20234022E+01
3515.6001       1.20076389E+01
3517.0000       1.20097008E+01
3518.3999       1.20153999E+01
3519.8000       1.20088520E+01
3521.2000       1.19792652E+01
3522.6001       1.19512548E+01
3524.0000       1.19250641E+01
3525.3999       1.19220324E+01
3526.8000       1.19272461E+01
3528.2000       1.19579239E+01
3529.6001       1.20013332E+01
3531.0000       1.19824181E+01
3532.3999       1.19554987E+01
3533.8000       1.19782953E+01
3535.2000       1.19938164E+01
3536.6001       1.19992723E+01
3538.0000       1.20032740E+01
3539.3999       1.20078812E+01
3540.8000       1.19859343E+01
3542.2000       1.20191584E+01
3543.6001       1.20474110E+01
3545.0000       1.20704498E+01
3546.3999       1.20562630E+01
3547.8000       1.19884806E+01
3549.2000       1.20293446E+01
3550.6001       1.20023041E+01
3552.0000       1.20293446E+01
3553.3999       1.20443802E+01
3554.8000       1.20118828E+01
3556.2000       1.20120049E+01
3557.6001       1.20083666E+01
3559.0000       1.20324965E+01
3560.3999       1.20157633E+01
3561.8000       1.19921188E+01
3563.2000       1.19672604E+01
3564.6001       1.19545288E+01
3566.0000       1.19706554E+01
3567.3999       1.19701710E+01
3568.8000       1.19562263E+01
3570.2000       1.19303989E+01
3571.6001       1.19199715E+01
3573.0000       1.19556198E+01
3574.3999       1.19872684E+01
3575.8000       1.19952707E+01
3577.2000       1.19881172E+01
3578.6001       1.19970894E+01
3580.0000       1.19888439E+01
3581.3999       1.19675035E+01
3582.8000       1.19557419E+01
3584.2000       1.19387655E+01
3585.6001       1.19421606E+01
3587.0000       1.19496784E+01
3588.3999       1.19839945E+01
3589.8000       1.20070324E+01
3591.2000       1.19892082E+01
3592.6001       1.19987869E+01
3594.0000       1.20229168E+01
3595.3999       1.20135803E+01
3596.8000       1.19807205E+01
3598.2000       1.19805984E+01
3599.6001       1.19946651E+01
3601.0000       1.19721107E+01
3602.3999       1.19715042E+01
3603.8000       1.19763546E+01
3605.2000       1.19439793E+01
3606.6001       1.19145145E+01
3608.0000       1.19099064E+01
3609.3999       1.19251852E+01
3610.8000       1.19388866E+01
3612.2000       1.19866619E+01
3613.6001       1.20275249E+01
3615.0000       1.20016975E+01
3616.3999       1.19785376E+01
3617.8000       1.19924822E+01
3619.2000       1.19926033E+01
3620.6001       1.19605923E+01
3622.0000       1.19384022E+01
3623.3999       1.19631386E+01
3624.8000       1.20110340E+01
3626.2000       1.20463200E+01
3627.6001       1.20341940E+01
3629.0000       1.20030308E+01
3630.3999       1.19459200E+01
3631.8000       1.19253063E+01
3633.2000       1.19648361E+01
3634.6001       1.19972115E+01
3636.0000       1.20306778E+01
3637.3999       1.20029106E+01
3638.8000       1.19974537E+01
3640.2000       1.19974537E+01
3641.6001       1.19653206E+01
3643.0000       1.19796295E+01
3644.3999       1.19780521E+01
3645.8000       1.19767189E+01
3647.2000       1.19816904E+01
3648.6001       1.19867830E+01
3650.0000       1.19911480E+01
3651.3999       1.19913902E+01
3652.8000       1.20231600E+01
3654.2000       1.20537167E+01
3655.6001       1.20362558E+01
3657.0000       1.20402565E+01
3658.3999       1.20475330E+01
3659.8000       1.20320110E+01
3661.2000       1.19807205E+01
3662.6001       1.19723530E+01
3664.0000       1.19896927E+01
3665.3999       1.19795074E+01
3666.8000       1.19980602E+01
3668.2000       1.20214624E+01
3669.6001       1.20180674E+01
3671.0000       1.20223112E+01
3672.3999       1.20320110E+01
3673.8000       1.20160065E+01
3675.2000       1.20082455E+01
3676.6001       1.20177040E+01
3678.0000       1.20002422E+01
3679.3999       1.19645929E+01
3680.8000       1.19595003E+01
3682.2000       1.19807205E+01
3683.6001       1.19839945E+01
3685.0000       1.19798717E+01
3686.3999       1.19930878E+01
3687.8000       1.20053349E+01
3689.2000       1.20033951E+01
3690.6001       1.19859343E+01
3692.0000       1.20018187E+01
3693.3999       1.20630531E+01
3694.8000       1.20686312E+01
3696.2000       1.19775677E+01
3697.6001       1.19086943E+01
3699.0000       1.19250641E+01
3700.3999       1.19761124E+01
3701.8000       1.19983025E+01
3703.2000       1.19676247E+01
3704.6001       1.19414330E+01
3706.0000       1.19462833E+01
3707.3999       1.19615612E+01
3708.8000       1.19510126E+01
3710.2000       1.19237299E+01
3711.6001       1.19272461E+01
3713.0000       1.19780521E+01
3714.3999       1.20130959E+01
3715.8000       1.20390444E+01
3717.2000       1.20893660E+01
3718.6001       1.20525036E+01
3720.0000       1.19776888E+01
3721.3999       1.19243364E+01
3722.8000       1.19535589E+01
3724.2000       1.20449858E+01
3725.6001       1.21194372E+01
3727.0000       1.21879473E+01
3728.3999       1.22000732E+01
3729.8000       1.21679401E+01
3731.2000       1.20652361E+01
3732.6001       1.19331875E+01
3734.0000       1.18811684E+01
3735.3999       1.19059048E+01
3736.8000       1.20116405E+01
3738.2000       1.21509638E+01
3739.6001       1.22259007E+01
3741.0000       1.22780399E+01
3742.3999       1.23204803E+01
3743.8000       1.22634897E+01
3745.2000       1.21518126E+01
3746.6001       1.20337086E+01
3748.0000       1.19206982E+01
3749.3999       1.18504906E+01
3750.8000       1.18979025E+01
3752.2000       1.20241299E+01
3753.6001       1.21481752E+01
3755.0000       1.22707653E+01
3756.3999       1.23459435E+01
3757.8000       1.23604946E+01
3759.2000       1.23762579E+01
3760.6001       1.24005089E+01
3762.0000       1.23495817E+01
3763.3999       1.22865286E+01
3764.8000       1.22537899E+01
3766.2000       1.21803074E+01
3767.6001       1.20477753E+01
3769.0000       1.19377956E+01
3770.3999       1.19038439E+01
3771.8000       1.19342785E+01
3773.2000       1.20445013E+01
3774.6001       1.22283249E+01
3776.0000       1.23689823E+01
3777.3999       1.24769001E+01
3778.8000       1.25933065E+01
3780.2000       1.26745481E+01
3781.6001       1.27097130E+01
3783.0000       1.26903114E+01
3784.3999       1.26903114E+01
3785.8000       1.27097130E+01
3787.2000       1.26430216E+01
3788.6001       1.25605679E+01
3790.0000       1.25108528E+01
3791.3999       1.24102097E+01
3792.8000       1.22828903E+01
3794.2000       1.21486607E+01
3795.6001       1.19945431E+01
3797.0000       1.18968105E+01
3798.3999       1.19181519E+01
3799.8000       1.20360126E+01
3801.2000       1.21667271E+01
3802.6001       1.23071423E+01
3804.0000       1.24562874E+01
3805.3999       1.25775433E+01
3806.8000       1.26684856E+01
3808.2000       1.27618523E+01
3809.6001       1.28673458E+01
3811.0000       1.28588581E+01
3812.3999       1.28382444E+01
3813.8000       1.28855343E+01
3815.2000       1.29352493E+01
3816.6001       1.29231234E+01
3818.0000       1.28746204E+01
3819.3999       1.28406696E+01
3820.8000       1.28176308E+01
3822.2000       1.27897415E+01
3823.6001       1.27703409E+01
3825.0000       1.26696978E+01
3826.3999       1.25484419E+01
3827.8000       1.24635620E+01
3829.2000       1.23423061E+01
3830.6001       1.21826115E+01
3832.0000       1.20218258E+01
3833.3999       1.19102707E+01
3834.8000       1.18355770E+01
3836.2000       1.18586149E+01
3837.6001       1.19849644E+01
3839.0000       1.21291380E+01
3840.3999       1.23010788E+01
3841.8000       1.24756880E+01
3843.2000       1.25811806E+01
3844.6001       1.26563597E+01
3846.0000       1.27121372E+01
3847.3999       1.28055048E+01
3848.8000       1.28940220E+01
3850.2000       1.29570751E+01
3851.6001       1.30152779E+01
3853.0000       1.30516548E+01
3854.3999       1.30940952E+01
3855.8000       1.31341095E+01
3857.2000       1.31450224E+01
3858.6001       1.31668491E+01
3860.0000       1.32214136E+01
3861.3999       1.32868919E+01
3862.8000       1.32699165E+01
3864.2000       1.32383900E+01
3865.6001       1.32662783E+01
3867.0000       1.32626410E+01
3868.3999       1.32371769E+01
3869.8000       1.31850367E+01
3871.2000       1.30819693E+01
3872.6001       1.30201283E+01
3874.0000       1.29873896E+01
3875.3999       1.29376745E+01
3876.8000       1.28515825E+01
3878.2000       1.27473021E+01
3879.6001       1.26575727E+01
3881.0000       1.25678425E+01
3882.3999       1.24684124E+01
3883.8000       1.23253307E+01
3885.2000       1.21456289E+01
3886.6001       1.19899359E+01
3888.0000       1.18975382E+01
3889.3999       1.19135437E+01
3890.8000       1.20145512E+01
3892.2000       1.21473265E+01
3893.6001       1.22828903E+01
3895.0000       1.23847466E+01
3896.3999       1.24975147E+01
3897.8000       1.26563597E+01
3899.2000       1.27691288E+01
3900.6001       1.28309689E+01
3902.0000       1.28734083E+01
3903.3999       1.29049349E+01
3904.8000       1.29510126E+01
3906.2000       1.30431671E+01
3907.6001       1.32080755E+01
3909.0000       1.32747669E+01
3910.3999       1.32311144E+01
3911.8000       1.32990179E+01
3913.2000       1.33196316E+01
3914.6001       1.33111439E+01
3916.0000       1.32687035E+01
3917.3999       1.32505150E+01
3918.8000       1.33547955E+01
3920.2000       1.33669214E+01
3921.6001       1.33802595E+01
3923.0000       1.34699888E+01
3924.3999       1.34651394E+01
3925.8000       1.33741970E+01
3927.2000       1.33560085E+01
3928.6001       1.32590027E+01
3930.0000       1.30492306E+01
3931.3999       1.28249054E+01
3932.8000       1.27060747E+01
3934.2000       1.28600702E+01
3935.6001       1.30977325E+01
3937.0000       1.32577906E+01
3938.3999       1.33584328E+01
3939.8000       1.33426704E+01
3941.2000       1.33062935E+01
3942.6001       1.32590027E+01
3944.0000       1.32553654E+01
3945.3999       1.32553654E+01
3946.8000       1.31947374E+01
3948.2000       1.31692734E+01
3949.6001       1.31632109E+01
3951.0000       1.31377468E+01
3952.3999       1.30795441E+01
3953.8000       1.30395298E+01
3955.2000       1.30116405E+01
3956.6001       1.28843212E+01
3958.0000       1.28067169E+01
3959.3999       1.27182007E+01
3960.8000       1.25775433E+01
3962.2000       1.24502239E+01
3963.6001       1.23410931E+01
3965.0000       1.21943741E+01
3966.3999       1.19941797E+01
3967.8000       1.18360615E+01
3969.2000       1.18211470E+01
3970.6001       1.19092999E+01
3972.0000       1.20431671E+01
3973.3999       1.22106218E+01
3974.8000       1.23520069E+01
3976.2000       1.24393110E+01
3977.6001       1.25545044E+01
3979.0000       1.26854610E+01
3980.3999       1.27691288E+01
3981.8000       1.28115673E+01
3983.2000       1.28649206E+01
3984.6001       1.29413118E+01
3986.0000       1.30261917E+01
3987.3999       1.31098576E+01
3988.8000       1.31559353E+01
3990.2000       1.31935253E+01
3991.6001       1.32359648E+01
3993.0000       1.32541533E+01
3994.3999       1.32590027E+01
3995.8000       1.32917423E+01
3997.2000       1.33256941E+01
3998.6001       1.33220568E+01
4000.0000       1.33305445E+01
4001.3999       1.33535833E+01
4002.8000       1.33584328E+01
4004.2000       1.33232689E+01
4005.6001       1.34154243E+01
4007.0000       1.35197048E+01
4008.3999       1.34869652E+01
4009.8000       1.34202738E+01
4011.2000       1.34348249E+01
4012.6001       1.34481630E+01
4014.0000       1.34796896E+01
4015.3999       1.35197048E+01
4016.8000       1.35281925E+01
4018.2000       1.35027285E+01
4019.6001       1.35209169E+01
4021.0000       1.35609312E+01
4022.3999       1.34954529E+01
4023.8000       1.34942398E+01
4025.2000       1.34833279E+01
4026.6001       1.34408875E+01
4028.0000       1.34481630E+01
4029.3999       1.34372501E+01
4030.8000       1.33996601E+01
4032.2000       1.33923855E+01
4033.6001       1.34457378E+01
4035.0000       1.35051537E+01
4036.3999       1.35294046E+01
4037.8000       1.35512304E+01
4039.2000       1.35621443E+01
4040.6001       1.34518003E+01
4042.0000       1.34129982E+01
4043.3999       1.34129982E+01
4044.8000       1.34226990E+01
4046.2000       1.34530134E+01
4047.6001       1.34481630E+01
4049.0000       1.34881773E+01
4050.3999       1.35184917E+01
4051.8000       1.34663515E+01
4053.2000       1.34384623E+01
4054.6001       1.33560085E+01
4056.0000       1.33208437E+01
4057.3999       1.34263372E+01
4058.8000       1.34784775E+01
4060.2000       1.34396744E+01
4061.6001       1.33438826E+01
4063.0000       1.32541533E+01
4064.3999       1.33002300E+01
4065.8000       1.33256941E+01
4067.2000       1.32541533E+01
4068.6001       1.32141380E+01
4070.0000       1.32117138E+01
4071.3999       1.32323265E+01
4072.8000       1.31753368E+01
4074.2000       1.30383167E+01
4075.6001       1.29898148E+01
4077.0000       1.30152779E+01
4078.3999       1.30164909E+01
4079.8000       1.30080032E+01
4081.2000       1.29934521E+01
4082.6001       1.29789009E+01
4084.0000       1.29413118E+01
4085.3999       1.28685579E+01
4086.8000       1.28358192E+01
4088.2000       1.28236933E+01
4089.6001       1.27388144E+01
4091.0000       1.26030073E+01
4092.3999       1.25266151E+01
4093.8000       1.24635620E+01
4095.2000       1.23665581E+01
4096.6001       1.21891594E+01
4098.0000       1.20162487E+01
4099.3999       1.18873529E+01
4100.7998       1.18324242E+01
4102.2002       1.18778954E+01
4103.6001       1.19633808E+01
4105.0000       1.20963993E+01
4106.3999       1.22343884E+01
4107.7998       1.23435192E+01
4109.2002       1.24744759E+01
4110.6001       1.25278282E+01
4112.0000       1.25993690E+01
4113.3999       1.27242632E+01
4114.7998       1.27703409E+01
4116.2002       1.27994423E+01
4117.6001       1.28673458E+01
4119.0000       1.29400997E+01
4120.3999       1.29728384E+01
4121.7998       1.29546499E+01
4123.2002       1.29873896E+01
4124.6001       1.30383167E+01
4126.0000       1.29995155E+01
4127.3999       1.30067902E+01
4128.7998       1.30443802E+01
4130.2002       1.30746937E+01
4131.6001       1.31037951E+01
4133.0000       1.31486607E+01
4134.3999       1.32020130E+01
4135.7998       1.32323265E+01
4137.2002       1.32068634E+01
4138.6001       1.32771912E+01
4140.0000       1.33220568E+01
4141.3999       1.32529411E+01
4142.7998       1.31850367E+01
4144.2002       1.31959496E+01
4145.6001       1.32590027E+01
4147.0000       1.32990179E+01
4148.3999       1.32784042E+01
4149.7998       1.33087177E+01
4151.2002       1.33208437E+01
4152.6001       1.32917423E+01
4154.0000       1.32941675E+01
4155.3999       1.32347517E+01
4156.7998       1.31959496E+01
4158.2002       1.32250519E+01
4159.6001       1.32444525E+01
4161.0000       1.32687035E+01
4162.3999       1.32953806E+01
4163.7998       1.32893171E+01
4165.2002       1.32893171E+01
4166.6001       1.33062935E+01
4168.0000       1.32953806E+01
4169.3999       1.32311144E+01
4170.7998       1.31668491E+01
4172.2002       1.31886749E+01
4173.6001       1.32214136E+01
4175.0000       1.32007999E+01
4176.3999       1.31801872E+01
4177.7998       1.31716986E+01
4179.2002       1.31995878E+01
4180.6001       1.32189884E+01
4182.0000       1.31850367E+01
4183.3999       1.31886749E+01
4184.7998       1.32444525E+01
4186.2002       1.32371769E+01
4187.6001       1.31583605E+01
4189.0000       1.32056503E+01
4190.3999       1.32844667E+01
4191.7998       1.33244820E+01
4193.2002       1.33099308E+01
4194.6001       1.32687035E+01
4196.0000       1.32238388E+01
4197.3999       1.31741238E+01
4198.7998       1.31765490E+01
4200.2002       1.31474476E+01
4201.6001       1.31535101E+01
4203.0000       1.31971626E+01
4204.3999       1.32020130E+01
4205.7998       1.32444525E+01
4207.2002       1.33111439E+01
4208.6001       1.33244820E+01
4210.0000       1.33026562E+01
4211.3999       1.32747669E+01
4212.7998       1.32565784E+01
4214.2002       1.32335396E+01
4215.6001       1.31959496E+01
4217.0000       1.31644230E+01
4218.3999       1.31777611E+01
4219.7998       1.32007999E+01
4221.2002       1.31874619E+01
4222.6001       1.31401720E+01
4224.0000       1.31522980E+01
4225.3999       1.31486607E+01
4226.7998       1.31098576E+01
4228.2002       1.31486607E+01
4229.6001       1.31910992E+01
4231.0000       1.31910992E+01
4232.3999       1.31644230E+01
4233.7998       1.31498728E+01
4235.2002       1.31595736E+01
4236.6001       1.31971626E+01
4238.0000       1.32117138E+01
4239.3999       1.32153511E+01
4240.7998       1.32153511E+01
4242.2002       1.32335396E+01
4243.6001       1.32408152E+01
4245.0000       1.31741238E+01
4246.3999       1.31159210E+01
4247.7998       1.31001577E+01
4249.2002       1.30783310E+01
4250.6001       1.30856066E+01
4252.0000       1.31244087E+01
4253.3999       1.31450224E+01
4254.7998       1.31401720E+01
4256.2002       1.31377468E+01
4257.6001       1.31486607E+01
4259.0000       1.31389599E+01
4260.3999       1.30904570E+01
4261.7998       1.30783310E+01
4263.2002       1.31353216E+01
4264.6001       1.31862497E+01
4266.0000       1.31995878E+01
4267.3999       1.31826115E+01
4268.7998       1.31474476E+01
4270.2002       1.30953074E+01
4271.6001       1.30395298E+01
4273.0000       1.30322542E+01
4274.3999       1.30395298E+01
4275.7998       1.30807571E+01
4277.2002       1.31486607E+01
4278.6001       1.31656361E+01
4280.0000       1.31619987E+01
4281.3999       1.31280460E+01
4282.7998       1.30771189E+01
4284.2002       1.30819693E+01
4285.6001       1.30904570E+01
4287.0000       1.30710564E+01
4288.3999       1.30565052E+01
4289.7998       1.30383167E+01
4291.2002       1.30358915E+01
4292.6001       1.30504427E+01
4294.0000       1.30407419E+01
4295.3999       1.30395298E+01
4296.7998       1.29813271E+01
4298.2002       1.29146357E+01
4299.6001       1.29170609E+01
4301.0000       1.29206982E+01
4302.3999       1.29134235E+01
4303.7998       1.29413118E+01
4305.2002       1.29352493E+01
4306.6001       1.28976593E+01
4308.0000       1.28903847E+01
4309.3999       1.29206982E+01
4310.7998       1.29558630E+01
4312.2002       1.29340363E+01
4313.6001       1.28418818E+01
4315.0000       1.28176308E+01
4316.3999       1.28164177E+01
4317.7998       1.28273315E+01
4319.2002       1.28236933E+01
4320.6001       1.27691288E+01
4322.0000       1.27230511E+01
4323.3999       1.26939487E+01
4324.7998       1.26939487E+01
4326.2002       1.26102829E+01
4327.6001       1.25605679E+01
4329.0000       1.25520802E+01
4330.3999       1.24769001E+01
4331.7998       1.23968716E+01
4333.2002       1.23144169E+01
4334.6001       1.22024975E+01
4336.0000       1.20763912E+01
4337.3999       1.19357338E+01
4338.7998       1.18245420E+01
4340.2002       1.17743416E+01
4341.6001       1.17941074E+01
4343.0000       1.18971748E+01
4344.3999       1.20242510E+01
4345.7998       1.21187096E+01
4347.2002       1.22052870E+01
4348.6001       1.22768278E+01
4350.0000       1.23265429E+01
4351.3999       1.23580694E+01
4352.7998       1.24247608E+01
4354.2002       1.25569296E+01
4355.6001       1.26430216E+01
4357.0000       1.26466599E+01
4358.3999       1.26575727E+01
4359.7998       1.26951618E+01
4361.2002       1.27424517E+01
4362.6001       1.27848911E+01
4364.0000       1.28236933E+01
4365.3999       1.28782587E+01
4366.7998       1.29122105E+01
4368.2002       1.29109974E+01
4369.6001       1.29037228E+01
4371.0000       1.29170609E+01
4372.3999       1.29473743E+01
4373.7998       1.29097853E+01
4375.2002       1.28867474E+01
4376.6001       1.29607124E+01
4378.0000       1.29910269E+01
4379.3999       1.30322542E+01
4380.7998       1.30164909E+01
4382.2002       1.29049349E+01
4383.6001       1.28855343E+01
4385.0000       1.29364614E+01
4386.3999       1.29582882E+01
4387.7998       1.29752636E+01
4389.2002       1.29752636E+01
4390.6001       1.29764767E+01
4392.0000       1.30177031E+01
4393.3999       1.30164909E+01
4394.7998       1.29825392E+01
4396.2002       1.29740515E+01
4397.6001       1.30116405E+01
4399.0000       1.30334663E+01
4400.3999       1.29692011E+01
4401.7998       1.29388866E+01
4403.2002       1.29546499E+01
4404.6001       1.29631386E+01
4406.0000       1.29449501E+01
4407.3999       1.29534378E+01
4408.7998       1.30480175E+01
4410.2002       1.30674181E+01
4411.6001       1.30637808E+01
4413.0000       1.30613556E+01
4414.3999       1.29558630E+01
4415.7998       1.29255486E+01
4417.2002       1.29595003E+01
4418.6001       1.30116405E+01
4420.0000       1.30916700E+01
4421.3999       1.30565052E+01
4422.7998       1.30395298E+01
4424.2002       1.30649929E+01
4425.6001       1.30528679E+01
4427.0000       1.30516548E+01
4428.3999       1.30589304E+01
4429.7998       1.30080032E+01
4431.2002       1.29473743E+01
4432.6001       1.29194860E+01
4434.0000       1.29582882E+01
4435.3999       1.30358915E+01
4436.7998       1.30625687E+01
4438.2002       1.30468044E+01
4439.6001       1.30080032E+01
4441.0000       1.29946651E+01
4442.3999       1.29667759E+01
4443.7998       1.29400997E+01
4445.2002       1.29764767E+01
4446.6001       1.29776888E+01
4448.0000       1.29631386E+01
4449.3999       1.29958773E+01
4450.7998       1.30152779E+01
4452.2002       1.29849644E+01
4453.6001       1.29328241E+01
4455.0000       1.29631386E+01
4456.3999       1.29764767E+01
4457.7998       1.28831091E+01
4459.2002       1.28952351E+01
4460.6001       1.29522247E+01
4462.0000       1.29376745E+01
4463.3999       1.29449501E+01
4464.7998       1.29206982E+01
4466.2002       1.28867474E+01
4467.6001       1.28624954E+01
4469.0000       1.28406696E+01
4470.3999       1.28940220E+01
4471.7998       1.29546499E+01
4473.2002       1.29595003E+01
4474.6001       1.29364614E+01
4476.0000       1.29340363E+01
4477.3999       1.29316120E+01
4478.7998       1.28915968E+01
4480.2002       1.28273315E+01
4481.6001       1.28346062E+01
4483.0000       1.29073601E+01
4484.3999       1.29752636E+01
4485.7998       1.29643507E+01
4487.2002       1.29012976E+01
4488.6001       1.29097853E+01
4490.0000       1.29255486E+01
4491.3999       1.29303989E+01
4492.7998       1.29376745E+01
4494.2002       1.29461622E+01
4495.6001       1.29631386E+01
4497.0000       1.29631386E+01
4498.3999       1.29170609E+01
4499.7998       1.29000854E+01
4501.2002       1.29316120E+01
4502.6001       1.29789009E+01
4504.0000       1.29522247E+01
4505.3999       1.29352493E+01
4506.7998       1.29704132E+01
4508.2002       1.29898148E+01
4509.6001       1.29740515E+01
4511.0000       1.29473743E+01
4512.3999       1.28928089E+01
4513.7998       1.28818970E+01
4515.2002       1.29194860E+01
4516.6001       1.29170609E+01
4518.0000       1.28782587E+01
4519.3999       1.28564329E+01
4520.7998       1.28600702E+01
4522.2002       1.28358192E+01
4523.6001       1.28188438E+01
4525.0000       1.28382444E+01
4526.3999       1.28443069E+01
4527.7998       1.28406696E+01
4529.2002       1.28297558E+01
4530.6001       1.28249054E+01
4532.0000       1.27982292E+01
4533.3999       1.28200560E+01
4534.7998       1.28770466E+01
4536.2002       1.28879595E+01
4537.6001       1.29170609E+01
4539.0000       1.29025097E+01
4540.3999       1.28467321E+01
4541.7998       1.28600702E+01
4543.2002       1.28818970E+01
4544.6001       1.28370323E+01
4546.0000       1.28006554E+01
4547.3999       1.27642784E+01
4548.7998       1.27533646E+01
4550.2002       1.27982292E+01
4551.6001       1.28042927E+01
4553.0000       1.27861042E+01
4554.3999       1.28079300E+01
4555.7998       1.28309689E+01
4557.2002       1.28285437E+01
4558.6001       1.28952351E+01
4560.0000       1.29498005E+01
4561.3999       1.28600702E+01
4562.7998       1.28430939E+01
4564.2002       1.28818970E+01
4565.6001       1.28503704E+01
4567.0000       1.28030796E+01
4568.3999       1.27994423E+01
4569.7998       1.27873163E+01
4571.2002       1.27739782E+01
4572.6001       1.27800407E+01
4574.0000       1.28152056E+01
4575.3999       1.28273315E+01
4576.7998       1.28285437E+01
4578.2002       1.28103552E+01
4579.6001       1.27861042E+01
4581.0000       1.27824669E+01
4582.3999       1.27582150E+01
4583.7998       1.27448769E+01
4585.2002       1.27764034E+01
4586.6001       1.28006554E+01
4588.0000       1.28018675E+01
4589.3999       1.27933788E+01
4590.7998       1.28382444E+01
4592.2002       1.28685579E+01
4593.6001       1.27921667E+01
4595.0000       1.27521524E+01
4596.3999       1.27642784E+01
4597.7998       1.27764034E+01
4599.2002       1.27776165E+01
4600.6001       1.27800407E+01
4602.0000       1.28103552E+01
4603.3999       1.27764034E+01
4604.7998       1.27594280E+01
4606.2002       1.27521524E+01
4607.6001       1.27836790E+01
4609.0000       1.27776165E+01
4610.3999       1.27254753E+01
4611.7998       1.27242632E+01
4613.2002       1.27982292E+01
4614.6001       1.28103552E+01
4616.0000       1.27388144E+01
4617.3999       1.26878862E+01
4618.7998       1.27291136E+01
4620.2002       1.27836790E+01
4621.6001       1.28236933E+01
4623.0000       1.27824669E+01
4624.3999       1.27460899E+01
4625.7998       1.27848911E+01
4627.2002       1.27376013E+01
4628.6001       1.27533646E+01
4630.0000       1.27618523E+01
4631.3999       1.27363892E+01
4632.7998       1.27764034E+01
4634.2002       1.27739782E+01
4635.6001       1.27400265E+01
4637.0000       1.27206259E+01
4638.3999       1.27376013E+01
4639.7998       1.27788286E+01
4641.2002       1.27933788E+01
4642.6001       1.28055048E+01
4644.0000       1.27654905E+01
4645.3999       1.27327518E+01
4646.7998       1.27679157E+01
4648.2002       1.27606401E+01
4649.6001       1.27618523E+01
4651.0000       1.27885294E+01
4652.3999       1.27606401E+01
4653.7998       1.27630653E+01
4655.2002       1.28091431E+01
4656.6001       1.27909546E+01
4658.0000       1.27194138E+01
4659.3999       1.27279015E+01
4660.7998       1.28164177E+01
4662.2002       1.27873163E+01
4663.6001       1.26757603E+01
4665.0000       1.26527224E+01
4666.3999       1.27363892E+01
4667.7998       1.27873163E+01
4669.2002       1.27194138E+01
4670.6001       1.27291136E+01
4672.0000       1.27339640E+01
4673.3999       1.26975870E+01
4674.7998       1.27242632E+01
4676.2002       1.26987991E+01
4677.6001       1.26987991E+01
4679.0000       1.26951618E+01
4680.3999       1.27291136E+01
4681.7998       1.28030796E+01
4683.2002       1.27885294E+01
4684.6001       1.27958050E+01
4686.0000       1.27739782E+01
4687.3999       1.27582150E+01
4688.7998       1.27751913E+01
4690.2002       1.27412395E+01
4691.6001       1.26927366E+01
4693.0000       1.26866741E+01
4694.3999       1.27000122E+01
4695.7998       1.27157755E+01
4697.2002       1.27194138E+01
4698.6001       1.27036495E+01
4700.0000       1.26587849E+01
4701.3999       1.26733360E+01
4702.7998       1.27509403E+01
4704.2002       1.27557898E+01
4705.6001       1.27145634E+01
4707.0000       1.26927366E+01
4708.3999       1.26915245E+01
4709.7998       1.27133503E+01
4711.2002       1.27133503E+01
4712.6001       1.27133503E+01
4714.0000       1.26915245E+01
4715.3999       1.26781864E+01
4716.7998       1.26539345E+01
4718.2002       1.25993690E+01
4719.6001       1.26296835E+01
4721.0000       1.26418095E+01
4722.3999       1.26575727E+01
4723.7998       1.26951618E+01
4725.2002       1.26866741E+01
4726.6001       1.26806107E+01
4728.0000       1.26563597E+01
4729.3999       1.26563597E+01
4730.7998       1.26806107E+01
4732.2002       1.26660604E+01
4733.6001       1.26490841E+01
4735.0000       1.26260452E+01
4736.3999       1.26114950E+01
4737.7998       1.26454468E+01
4739.2002       1.26612101E+01
4740.6001       1.26418095E+01
4742.0000       1.26284714E+01
4743.3999       1.26211958E+01
4744.7998       1.26260452E+01
4746.2002       1.26393843E+01
4747.6001       1.26321087E+01
4749.0000       1.26211958E+01
4750.3999       1.26357460E+01
4751.7998       1.26430216E+01
4753.2002       1.26236210E+01
4754.6001       1.26260452E+01
4756.0000       1.25945187E+01
4757.3999       1.25896692E+01
4758.7998       1.26066446E+01
4760.2002       1.25751181E+01
4761.6001       1.25775433E+01
4763.0000       1.26078568E+01
4764.3999       1.26175575E+01
4765.7998       1.26066446E+01
4767.2002       1.25933065E+01
4768.6001       1.26042194E+01
4770.0000       1.26042194E+01
4771.3999       1.26005821E+01
4772.7998       1.25920944E+01
4774.2002       1.25957317E+01
4775.6001       1.26127071E+01
4777.0000       1.26284714E+01
4778.3999       1.26151333E+01
4779.7998       1.26005821E+01
4781.2002       1.25933065E+01
4782.6001       1.25751181E+01
4784.0000       1.25666304E+01
4785.3999       1.25508671E+01
4786.7998       1.25569296E+01
4788.2002       1.25654182E+01
4789.6001       1.25836067E+01
4791.0000       1.25848188E+01
4792.3999       1.25739059E+01
4793.7998       1.25739059E+01
4795.2002       1.25399532E+01
4796.6001       1.25872440E+01
4798.0000       1.25775433E+01
4799.3999       1.25338917E+01
4800.7998       1.25435915E+01
4802.2002       1.25363159E+01
4803.6001       1.25435915E+01
4805.0000       1.25435915E+01
4806.3999       1.25084276E+01
4807.7998       1.24829636E+01
4809.2002       1.24672003E+01
4810.6001       1.24623499E+01
4812.0000       1.24720507E+01
4813.3999       1.24611378E+01
4814.7998       1.24647751E+01
4816.2002       1.24975147E+01
4817.6001       1.25120649E+01
4819.0000       1.24975147E+01
4820.3999       1.24744759E+01
4821.7998       1.24769001E+01
4823.2002       1.24538622E+01
4824.6001       1.24356737E+01
4826.0000       1.24380989E+01
4827.3999       1.24065723E+01
4828.7998       1.23835335E+01
4830.2002       1.23980846E+01
4831.6001       1.24199104E+01
4833.0000       1.24344616E+01
4834.3999       1.23956585E+01
4835.7998       1.23495817E+01
4837.2002       1.23350315E+01
4838.6001       1.23107796E+01
4840.0000       1.22865286E+01
4841.3999       1.22465134E+01
4842.7998       1.22283249E+01
4844.2002       1.21878262E+01
4845.6001       1.21496296E+01
4847.0000       1.21214981E+01
4848.3999       1.21010065E+01
4849.7998       1.20807571E+01
4851.2002       1.20175819E+01
4852.6001       1.19488297E+01
4854.0000       1.18915968E+01
4855.3999       1.18224812E+01
4856.7998       1.17469387E+01
4858.2002       1.16804905E+01
4859.6001       1.16462955E+01
4861.0000       1.16858253E+01
4862.3999       1.17709465E+01
4863.7998       1.18555841E+01
4865.2002       1.19185162E+01
4866.6001       1.19644718E+01
4868.0000       1.20041227E+01
4869.3999       1.20401363E+01
4870.7998       1.20923977E+01
4872.2002       1.21345940E+01
4873.6001       1.21542377E+01
4875.0000       1.21547232E+01
4876.3999       1.21484175E+01
4877.7998       1.22123194E+01
4879.2002       1.22828903E+01
4880.6001       1.23095665E+01
4882.0000       1.23071423E+01
4883.3999       1.22865286E+01
4884.7998       1.22913780E+01
4886.2002       1.22974415E+01
4887.6001       1.23326054E+01
4889.0000       1.23532190E+01
4890.3999       1.23944464E+01
4891.7998       1.24344616E+01
4893.2002       1.24538622E+01
4894.6001       1.24332485E+01
4896.0000       1.24053593E+01
4897.3999       1.24223356E+01
4898.7998       1.24332485E+01
4900.2002       1.24344616E+01
4901.6001       1.24380989E+01
4903.0000       1.24538622E+01
4904.3999       1.24587126E+01
4905.7998       1.24393110E+01
4907.2002       1.24174852E+01
4908.6001       1.24017220E+01
4910.0000       1.23762579E+01
4911.3999       1.23714085E+01
4912.7998       1.24017220E+01
4914.2002       1.24150600E+01
4915.6001       1.24102097E+01
4917.0000       1.24041471E+01
4918.3999       1.23968716E+01
4919.7998       1.23701954E+01
4921.2002       1.23520069E+01
4922.6001       1.23604946E+01
4924.0000       1.23932343E+01
4925.3999       1.24235477E+01
4926.7998       1.24417362E+01
4928.2002       1.24562874E+01
4929.6001       1.24477997E+01
4931.0000       1.24380989E+01
4932.3999       1.24308233E+01
4933.7998       1.24283981E+01
4935.2002       1.24441614E+01
4936.6001       1.24490118E+01
4938.0000       1.24538622E+01
4939.3999       1.24574995E+01
4940.7998       1.24587126E+01
4942.2002       1.24744759E+01
4943.6001       1.24744759E+01
4945.0000       1.24732628E+01
4946.3999       1.24659882E+01
4947.7998       1.24417362E+01
4949.2002       1.24490118E+01
4950.6001       1.24417362E+01
4952.0000       1.24259729E+01
4953.3999       1.24065723E+01
4954.7998       1.23932343E+01
4956.2002       1.23908091E+01
4957.6001       1.24041471E+01
4959.0000       1.24186974E+01
4960.3999       1.24174852E+01
4961.7998       1.24296112E+01
4963.2002       1.24393110E+01
4964.6001       1.24320354E+01
4966.0000       1.24320354E+01
4967.3999       1.24223356E+01
4968.7998       1.24235477E+01
4970.2002       1.24138470E+01
4971.6001       1.24186974E+01
4973.0000       1.24211226E+01
4974.3999       1.24162731E+01
4975.7998       1.24259729E+01
4977.2002       1.24465866E+01
4978.6001       1.24453735E+01
4980.0000       1.24102097E+01
4981.3999       1.23726206E+01
4982.7998       1.23714085E+01
4984.2002       1.23847466E+01
4985.6001       1.23920212E+01
4987.0000       1.24041471E+01
4988.3999       1.24271851E+01
4989.7998       1.24308233E+01
4991.2002       1.24114227E+01
4992.6001       1.24150600E+01
4994.0000       1.24223356E+01
4995.3999       1.24114227E+01
4996.7998       1.24065723E+01
4998.2002       1.24102097E+01
4999.6001       1.24126348E+01
5001.0000       1.23920212E+01
5002.3999       1.23447313E+01
5003.7998       1.22998667E+01
5005.2002       1.23095665E+01
5006.6001       1.23495817E+01
5008.0000       1.23823204E+01
5009.3999       1.23871708E+01
5010.7998       1.23641319E+01
5012.2002       1.23374557E+01
5013.6001       1.23435192E+01
5015.0000       1.23386688E+01
5016.3999       1.23035049E+01
5017.7998       1.22865286E+01
5019.2002       1.23168430E+01
5020.6001       1.23665581E+01
5022.0000       1.23532190E+01
5023.3999       1.23726206E+01
5024.7998       1.23653450E+01
5026.2002       1.23689823E+01
5027.6001       1.23701954E+01
5029.0000       1.23677702E+01
5030.3999       1.23859587E+01
5031.7998       1.23617077E+01
5033.2002       1.23738327E+01
5034.6001       1.23738327E+01
5036.0000       1.23665581E+01
5037.3999       1.23786831E+01
5038.7998       1.23641319E+01
5040.2002       1.23326054E+01
5041.6001       1.23313932E+01
5043.0000       1.23629198E+01
5044.3999       1.23895960E+01
5045.7998       1.23871708E+01
5047.2002       1.23507938E+01
5048.6001       1.23362436E+01
5050.0000       1.23580694E+01
5051.3999       1.23677702E+01
5052.7998       1.23520069E+01
5054.2002       1.23313932E+01
5055.6001       1.23216934E+01
5057.0000       1.23301811E+01
5058.3999       1.23507938E+01
5059.7998       1.23629198E+01
5061.2002       1.23532190E+01
5062.6001       1.23265429E+01
5064.0000       1.23083544E+01
5065.3999       1.23156300E+01
5066.7998       1.23386688E+01
5068.2002       1.23580694E+01
5069.6001       1.23520069E+01
5071.0000       1.23410931E+01
5072.3999       1.23326054E+01
5073.7998       1.23289680E+01
5075.2002       1.23556442E+01
5076.6001       1.23495817E+01
5078.0000       1.23253307E+01
5079.3999       1.22962284E+01
5080.7998       1.22804661E+01
5082.2002       1.23156300E+01
5083.6001       1.23022919E+01
5085.0000       1.23022919E+01
5086.3999       1.23132048E+01
5087.7998       1.23374557E+01
5089.2002       1.23483696E+01
5090.6001       1.23229055E+01
5092.0000       1.23410931E+01
5093.3999       1.23362436E+01
5094.7998       1.23313932E+01
5096.2002       1.23083544E+01
5097.6001       1.22865286E+01
5099.0000       1.22719774E+01
5100.3999       1.22780399E+01
5101.7998       1.23059292E+01
5103.2002       1.23229055E+01
5104.6001       1.23083544E+01
5106.0000       1.23047171E+01
5107.3999       1.22901659E+01
5108.7998       1.22913780E+01
5110.2002       1.23059292E+01
5111.6001       1.23265429E+01
5113.0000       1.23471565E+01
5114.3999       1.23447313E+01
5115.7998       1.23423061E+01
5117.2002       1.23471565E+01
5118.6001       1.23435192E+01
5120.0000       1.23192673E+01
5121.3999       1.23083544E+01
5122.7998       1.23083544E+01
5124.2002       1.22901659E+01
5125.6001       1.22719774E+01
5127.0000       1.22586393E+01
5128.3999       1.22671280E+01
5129.7998       1.23022919E+01
5131.2002       1.23156300E+01
5132.6001       1.22974415E+01
5134.0000       1.23010788E+01
5135.3999       1.22998667E+01
5136.7998       1.22841034E+01
5138.2002       1.22501516E+01
5139.6001       1.22586393E+01
5141.0000       1.22901659E+01
5142.3999       1.22938042E+01
5143.7998       1.22707653E+01
5145.2002       1.22938042E+01
5146.6001       1.22828903E+01
5148.0000       1.22756157E+01
5149.3999       1.22816782E+01
5150.7998       1.22901659E+01
5152.2002       1.22489395E+01
5153.6001       1.22234745E+01
5155.0000       1.22416639E+01
5156.3999       1.22525768E+01
5157.7998       1.22586393E+01
5159.2002       1.22574272E+01
5160.6001       1.22440891E+01
5162.0000       1.22392387E+01
5163.3999       1.22295380E+01
5164.7998       1.21977692E+01
5166.2002       1.21538744E+01
5167.6001       1.21503582E+01
5169.0000       1.21684246E+01
5170.3999       1.21818848E+01
5171.7998       1.21978903E+01
5173.2002       1.22416639E+01
5174.6001       1.22550020E+01
5176.0000       1.22683401E+01
5177.3999       1.22804661E+01
5178.7998       1.22683401E+01
5180.2002       1.22368135E+01
5181.6001       1.21984959E+01
5183.0000       1.21830969E+01
5184.3999       1.21898870E+01
5185.7998       1.22050438E+01
5187.2002       1.22161999E+01
5188.6001       1.22064991E+01
5190.0000       1.22021341E+01
5191.3999       1.22125626E+01
5192.7998       1.22109861E+01
5194.2002       1.22064991E+01
5195.6001       1.22020130E+01
5197.0000       1.22010422E+01
5198.3999       1.22111073E+01
5199.7998       1.22077122E+01
5201.2002       1.22006788E+01
5202.6001       1.21858864E+01
5204.0000       1.21672125E+01
5205.3999       1.21833401E+01
5206.7998       1.21948586E+01
5208.2002       1.22137747E+01
5209.6001       1.22198372E+01
5211.0000       1.22331753E+01
5212.3999       1.22186251E+01
5213.7998       1.21988602E+01
5215.2002       1.21843090E+01
5216.6001       1.22222624E+01
5218.0000       1.22149868E+01
5219.3999       1.22210503E+01
5220.7998       1.22186251E+01
5222.2002       1.22028618E+01
5223.6001       1.21851578E+01
5225.0000       1.21564207E+01
5226.3999       1.21575117E+01
5227.7998       1.21618767E+01
5229.2002       1.21572695E+01
5230.6001       1.21623621E+01
5232.0000       1.21588459E+01
5233.3999       1.21662426E+01
5234.7998       1.21843090E+01
5236.2002       1.22149868E+01
5237.6001       1.22091675E+01
5239.0000       1.21930399E+01
5240.3999       1.21889172E+01
5241.7998       1.21896448E+01
5243.2002       1.22075901E+01
5244.6001       1.22121983E+01
5246.0000       1.22073479E+01
5247.3999       1.22107430E+01
5248.7998       1.22041950E+01
5250.2002       1.21889172E+01
5251.6001       1.21897659E+01
5253.0000       1.21980114E+01
5254.3999       1.21906147E+01
5255.7998       1.21900082E+01
5257.2002       1.21914635E+01
5258.6001       1.21879473E+01
5260.0000       1.21784897E+01
5261.3999       1.21627254E+01
5262.7998       1.21515703E+01
5264.2002       1.21321697E+01
5265.6001       1.20854855E+01
5267.0000       1.20898514E+01
5268.3999       1.20931244E+01
5269.7998       1.20970049E+01
5271.2002       1.20942163E+01
5272.6001       1.20972481E+01
5274.0000       1.20978537E+01
5275.3999       1.21084032E+01
5276.7998       1.21216202E+01
5278.2002       1.21398087E+01
5279.6001       1.21335030E+01
5281.0000       1.21366558E+01
5282.3999       1.21469631E+01
5283.7998       1.21616344E+01
5285.2002       1.21599369E+01
5286.6001       1.21636963E+01
5288.0000       1.21742449E+01
5289.3999       1.21821270E+01
5290.7998       1.21837034E+01
5292.2002       1.21746082E+01
5293.6001       1.21757002E+01
5295.0000       1.21840668E+01
5296.3999       1.21912212E+01
5297.7998       1.21947374E+01
5299.2002       1.21958294E+01
5300.6001       1.21879473E+01
5302.0000       1.21747303E+01
5303.3999       1.21672125E+01
5304.7998       1.21621199E+01
5306.2002       1.21536312E+01
5307.6001       1.21422329E+01
5309.0000       1.21336250E+01
5310.3999       1.21325331E+01
5311.7998       1.21262283E+01
5313.2002       1.21110706E+01
5314.6001       1.21103430E+01
5316.0000       1.21269550E+01
5317.3999       1.21372623E+01
5318.7998       1.21393232E+01
5320.2002       1.21461143E+01
5321.6001       1.21449013E+01
5323.0000       1.21326542E+01
5324.3999       1.21275616E+01
5325.7998       1.21117983E+01
5327.2002       1.21004000E+01
5328.6001       1.21068268E+01
5330.0000       1.21497517E+01
5331.3999       1.21467199E+01
5332.7998       1.21371403E+01
5334.2002       1.21292591E+01
5335.6001       1.21200438E+01
5337.0000       1.21356859E+01
5338.3999       1.21480541E+01
5339.7998       1.21573906E+01
5341.2002       1.21541166E+01
5342.6001       1.21489029E+01
5344.0000       1.21453857E+01
5345.3999       1.21421127E+01
5346.7998       1.21438103E+01
5348.2002       1.21548443E+01
5349.6001       1.21427183E+01
5351.0000       1.21341095E+01
5352.3999       1.21434460E+01
5353.7998       1.21643028E+01
5355.2002       1.21626043E+01
5356.6001       1.21468410E+01
5358.0000       1.21225901E+01
5359.3999       1.21111917E+01
5360.7998       1.21030674E+01
5362.2002       1.20984602E+01
5363.6001       1.21016121E+01
5365.0000       1.20926399E+01
5366.3999       1.21052504E+01
5367.7998       1.21109495E+01
5369.2002       1.21002789E+01
5370.6001       1.21036739E+01
5372.0000       1.21000366E+01
5373.3999       1.21116772E+01
5374.7998       1.21338673E+01
5376.2002       1.21359282E+01
5377.6001       1.21339884E+01
5379.0000       1.21270771E+01
5380.3999       1.21184673E+01
5381.7998       1.21170120E+01
5383.2002       1.21093731E+01
5384.6001       1.21086454E+01
5386.0000       1.21287746E+01
5387.3999       1.21127682E+01
5388.7998       1.20951862E+01
5390.2002       1.20896082E+01
5391.6001       1.21025829E+01
5393.0000       1.21027040E+01
5394.3999       1.21012487E+01
5395.7998       1.20932465E+01
5397.2002       1.20900936E+01
5398.6001       1.21023407E+01
5400.0000       1.20934887E+01
5401.3999       1.20765133E+01
5402.7998       1.20729961E+01
5404.2002       1.20919123E+01
5405.6001       1.20955496E+01
5407.0000       1.20898514E+01
5408.3999       1.20835457E+01
5409.7998       1.20789375E+01
5411.2002       1.20817261E+01
5412.6001       1.20881538E+01
5414.0000       1.20737238E+01
5415.3999       1.20801506E+01
5416.7998       1.20858498E+01
5418.2002       1.20894871E+01
5419.6001       1.20978537E+01
5421.0000       1.20780888E+01
5422.3999       1.20753002E+01
5423.7998       1.20880318E+01
5425.2002       1.20928822E+01
5426.6001       1.21016121E+01
5428.0000       1.20938520E+01
5429.3999       1.20780888E+01
5430.7998       1.20723896E+01
5432.2002       1.20619621E+01
5433.6001       1.20709343E+01
5435.0000       1.20841522E+01
5436.3999       1.20806351E+01
5437.7998       1.20793018E+01
5439.2002       1.20933666E+01
5440.6001       1.21010065E+01
5442.0000       1.20885172E+01
5443.3999       1.20725117E+01
5444.7998       1.20565052E+01
5446.2002       1.20487452E+01
5447.6001       1.20438948E+01
5449.0000       1.20623255E+01
5450.3999       1.20837879E+01
5451.7998       1.20728750E+01
5453.2002       1.20545654E+01
5454.6001       1.20534744E+01
5456.0000       1.20608711E+01
5457.3999       1.20743303E+01
5458.7998       1.20700855E+01
5460.2002       1.20643873E+01
5461.6001       1.20703287E+01
5463.0000       1.20705709E+01
5464.3999       1.20649929E+01
5465.7998       1.20557785E+01
5467.2002       1.20327396E+01
5468.6001       1.20320110E+01
5470.0000       1.20280104E+01
5471.3999       1.20219479E+01
5472.7998       1.20181885E+01
5474.2002       1.20115194E+01
5475.6001       1.20118828E+01
5477.0000       1.20246153E+01
5478.3999       1.20372257E+01
5479.7998       1.20396509E+01
5481.2002       1.20388021E+01
5482.6001       1.20529890E+01
5484.0000       1.20591736E+01
5485.3999       1.20430460E+01
5486.7998       1.20362558E+01
5488.2002       1.20389233E+01
5489.6001       1.20386810E+01
5491.0000       1.20363770E+01
5492.3999       1.20314054E+01
5493.7998       1.20293446E+01
5495.2002       1.20291014E+01
5496.6001       1.20373468E+01
5498.0000       1.20396509E+01
5499.3999       1.20406208E+01
5500.7998       1.20477753E+01
5502.2002       1.20558987E+01
5503.6001       1.20567474E+01
5505.0000       1.20379534E+01
5506.3999       1.20217047E+01
5507.7998       1.20138235E+01
5509.2002       1.20117617E+01
5510.6001       1.20156422E+01
5512.0000       1.20192795E+01
5513.3999       1.20344372E+01
5514.7998       1.20398932E+01
5516.2002       1.20345583E+01
5517.6001       1.20428028E+01
5519.0000       1.20528679E+01
5520.3999       1.20428028E+01
5521.7998       1.20338306E+01
5523.2002       1.20225534E+01
5524.6001       1.20291014E+01
5526.0000       1.20198860E+01
5527.3999       1.20121250E+01
5528.7998       1.20036373E+01
5530.2002       1.20099430E+01
5531.6001       1.20137024E+01
5533.0000       1.20081244E+01
5534.3999       1.19952707E+01
5535.7998       1.20178242E+01
5537.2002       1.20210991E+01
5538.6001       1.20185528E+01
5540.0000       1.20167332E+01
5541.3999       1.20238876E+01
5542.7998       1.20212193E+01
5544.2002       1.20189161E+01
5545.6001       1.20189161E+01
5547.0000       1.20229168E+01
5548.3999       1.20320110E+01
5549.7998       1.20432882E+01
5551.2002       1.20566273E+01
5552.6001       1.20474110E+01
5554.0000       1.20204926E+01
5555.3999       1.20000000E+01
5556.7998       1.19899359E+01
5558.2002       1.19940586E+01
5559.6001       1.19995155E+01
5561.0000       1.19975748E+01
5562.3999       1.19995155E+01
5563.7998       1.20008488E+01
5565.2002       1.19936943E+01
5566.6001       1.19847221E+01
5568.0000       1.19827814E+01
5569.3999       1.19936943E+01
5570.7998       1.20050926E+01
5572.2002       1.19995155E+01
5573.6001       1.19921188E+01
5575.0000       1.19970894E+01
5576.3999       1.20067902E+01
5577.7998       1.20198860E+01
5579.2002       1.20269184E+01
5580.6001       1.20257063E+01
5582.0000       1.20175819E+01
5583.3999       1.19968472E+01
5584.7998       1.19791441E+01
5586.2002       1.19620466E+01
5587.6001       1.19553776E+01
5589.0000       1.19764767E+01
5590.3999       1.19816904E+01
5591.7998       1.19753847E+01
5593.2002       1.19668970E+01
5594.6001       1.19637442E+01
5596.0000       1.19761124E+01
5597.3999       1.19725962E+01
5598.7998       1.19632587E+01
5600.2002       1.19584093E+01
5601.6001       1.19620466E+01
5603.0000       1.19713840E+01
5604.3999       1.19919968E+01
5605.7998       1.19983025E+01
5607.2002       1.20078812E+01
5608.6001       1.19917545E+01
5610.0000       1.19818115E+01
5611.3999       1.19873896E+01
5612.7998       1.19864197E+01
5614.2002       1.19645929E+01
5615.6001       1.19571972E+01
5617.0000       1.19586515E+01
5618.3999       1.19638653E+01
5619.7998       1.19729595E+01
5621.2002       1.19736872E+01
5622.6001       1.19752636E+01
5624.0000       1.19816904E+01
5625.3999       1.19829025E+01
5626.7998       1.19871464E+01
5628.2002       1.19901781E+01
5629.6001       1.19882383E+01
5631.0000       1.19804783E+01
5632.3999       1.19694433E+01
5633.7998       1.19690800E+01
5635.2002       1.19700499E+01
5636.6001       1.19842367E+01
5638.0000       1.19899359E+01
5639.3999       1.19633808E+01
5640.7998       1.19702921E+01
5642.2002       1.19838734E+01
5643.6001       1.19779320E+01
5645.0000       1.19699287E+01
5646.3999       1.19621677E+01
5647.7998       1.19593792E+01
5649.2002       1.19648361E+01
5650.6001       1.19608345E+01
5652.0000       1.19627743E+01
5653.3999       1.19466476E+01
5654.7998       1.19325809E+01
5656.2002       1.19345217E+01
5657.6001       1.19262762E+01
5659.0000       1.19250641E+01
5660.3999       1.19249420E+01
5661.7998       1.19205770E+01
5663.2002       1.19244576E+01
5664.6001       1.19350071E+01
5666.0000       1.19447069E+01
5667.3999       1.19568329E+01
5668.7998       1.19569540E+01
5670.2002       1.19511337E+01
5671.6001       1.19524670E+01
5673.0000       1.19533157E+01
5674.3999       1.19533157E+01
5675.7998       1.19536800E+01
5677.2002       1.19476175E+01
5678.6001       1.19431305E+01
5680.0000       1.19391289E+01
5681.3999       1.19365826E+01
5682.7998       1.19379168E+01
5684.2002       1.19381599E+01
5685.6001       1.19416752E+01
5687.0000       1.19386444E+01
5688.3999       1.19554987E+01
5689.7998       1.19741726E+01
5691.2002       1.19694433E+01
5692.6001       1.19705353E+01
5694.0000       1.19621677E+01
5695.3999       1.19386444E+01
5696.7998       1.19297924E+01
5698.2002       1.19293079E+01
5699.6001       1.19299145E+01
5701.0000       1.19393721E+01
5702.3999       1.19360981E+01
5703.7998       1.19238510E+01
5705.2002       1.19192429E+01
5706.6001       1.19186373E+01
5708.0000       1.19234867E+01
5709.3999       1.19240932E+01
5710.7998       1.19271250E+01
5712.2002       1.19365826E+01
5713.6001       1.19296713E+01
5715.0000       1.19249420E+01
5716.3999       1.19194860E+01
5717.7998       1.19125748E+01
5719.2002       1.19026318E+01
5720.6001       1.19056625E+01
5722.0000       1.19300346E+01
5723.3999       1.19302778E+01
5724.7998       1.19268827E+01
5726.2002       1.19386444E+01
5727.6001       1.19282169E+01
5729.0000       1.19311266E+01
5730.3999       1.19347639E+01
5731.7998       1.19325809E+01
5733.2002       1.19368258E+01
5734.6001       1.19398575E+01
5736.0000       1.19290657E+01
5737.3999       1.19261551E+01
5738.7998       1.19215469E+01
5740.2002       1.19291859E+01
5741.6001       1.19308834E+01
5743.0000       1.19223957E+01
5744.3999       1.19136658E+01
5745.7998       1.19044495E+01
5747.2002       1.19033585E+01
5748.6001       1.19065113E+01
5750.0000       1.19015398E+01
5751.3999       1.18970537E+01
5752.7998       1.18942642E+01
5754.2002       1.18983879E+01
5755.6001       1.19065113E+01
5757.0000       1.19034805E+01
5758.3999       1.18992367E+01
5759.7998       1.18965683E+01
5761.2002       1.18942642E+01
5762.6001       1.18934155E+01
5764.0000       1.18884439E+01
5765.3999       1.18868675E+01
5766.7998       1.18880806E+01
5768.2002       1.18980236E+01
5769.6001       1.19100285E+01
5771.0000       1.19056625E+01
5772.3999       1.18919601E+01
5773.7998       1.19040861E+01
5775.2002       1.19086943E+01
5776.6001       1.19028740E+01
5778.0000       1.19042072E+01
5779.3999       1.18980236E+01
5780.7998       1.19004488E+01
5782.2002       1.18946285E+01
5783.6001       1.18908691E+01
5785.0000       1.18971748E+01
5786.3999       1.18966894E+01
5787.7998       1.18906269E+01
5789.2002       1.18811684E+01
5790.6001       1.18825026E+01
5792.0000       1.18865042E+01
5793.3999       1.18743782E+01
5794.7998       1.18777733E+01
5796.2002       1.18896570E+01
5797.6001       1.18987513E+01
5799.0000       1.19076023E+01
5800.3999       1.18902626E+01
5801.7998       1.18776522E+01
5803.2002       1.18832302E+01
5804.6001       1.18903847E+01
5806.0000       1.18931732E+01
5807.3999       1.18991146E+01
5808.7998       1.18935375E+01
5810.2002       1.18918400E+01
5811.6001       1.18866253E+01
5813.0000       1.18791075E+01
5814.3999       1.18797140E+01
5815.7998       1.18839579E+01
5817.2002       1.18838367E+01
5818.6001       1.18832302E+01
5820.0000       1.18903847E+01
5821.3999       1.18930521E+01
5822.7998       1.18867464E+01
5824.2002       1.18826237E+01
5825.6001       1.18820171E+01
5827.0000       1.18797140E+01
5828.3999       1.18842001E+01
5829.7998       1.18879595E+01
5831.2002       1.18749847E+01
5832.6001       1.18704987E+01
5834.0000       1.18679523E+01
5835.3999       1.18770466E+01
5836.7998       1.18842001E+01
5838.2002       1.18844433E+01
5839.6001       1.18794708E+01
5841.0000       1.18725595E+01
5842.3999       1.18645573E+01
5843.7998       1.18523102E+01
5845.2002       1.18478231E+01
5846.6001       1.18532801E+01
5848.0000       1.18595848E+01
5849.3999       1.18667393E+01
5850.7998       1.18680735E+01
5852.2002       1.18681946E+01
5853.6001       1.18446712E+01
5855.0000       1.18438225E+01
5856.3999       1.18583727E+01
5857.7998       1.18631020E+01
5859.2002       1.18553410E+01
5860.6001       1.18738937E+01
5862.0000       1.18719540E+01
5863.3999       1.18695278E+01
5864.7998       1.18737726E+01
5866.2002       1.18837147E+01
5867.6001       1.18872318E+01
5869.0000       1.18852921E+01
5870.3999       1.18772888E+01
5871.7998       1.18563118E+01
5873.2002       1.18610401E+01
5874.6001       1.18532801E+01
5876.0000       1.18304844E+01
5877.3999       1.18332729E+01
5878.7998       1.18437004E+01
5880.2002       1.18370314E+01
5881.6001       1.18219957E+01
5883.0000       1.18170242E+01
5884.3999       1.18261185E+01
5885.7998       1.18241787E+01
5887.2002       1.18016243E+01
5888.6001       1.17874374E+01
5890.0000       1.17942276E+01
5891.3999       1.18144779E+01
5892.7998       1.18226023E+01
5894.2002       1.18217535E+01
5895.6001       1.18366680E+01
5897.0000       1.18428516E+01
5898.3999       1.18335152E+01
5899.7998       1.18527946E+01
5901.2002       1.18555841E+01
5902.6001       1.18621311E+01
5904.0000       1.18697710E+01
5905.3999       1.18759546E+01
5906.7998       1.18618889E+01
5908.2002       1.18462467E+01
5909.6001       1.18463688E+01
5911.0000       1.18437004E+01
5912.3999       1.18376379E+01
5913.7998       1.18446712E+01
5915.2002       1.18420029E+01
5916.6001       1.18416395E+01
5918.0000       1.18361826E+01
5919.3999       1.18364258E+01
5920.7998       1.18437004E+01
5922.2002       1.18536434E+01
5923.6001       1.18290291E+01
5925.0000       1.18057480E+01
5926.3999       1.18027163E+01
5927.7998       1.18230877E+01
5929.2002       1.18272095E+01
5930.6001       1.18239365E+01
5932.0000       1.18301201E+01
5933.3999       1.18443069E+01
5934.7998       1.18574028E+01
5936.2002       1.18711052E+01
5937.6001       1.18450346E+01
5939.0000       1.18165398E+01
5940.3999       1.18193283E+01
5941.7998       1.18170242E+01
5943.2002       1.18127804E+01
5944.6001       1.18057480E+01
5946.0000       1.18039284E+01
5947.3999       1.18070812E+01
5948.7998       1.17994423E+01
5950.2002       1.17992001E+01
5951.6001       1.18136292E+01
5953.0000       1.18259974E+01
5954.3999       1.18245420E+01
5955.7998       1.18258762E+01
5957.2002       1.18219957E+01
5958.6001       1.18246632E+01
5960.0000       1.18388500E+01
5961.3999       1.18595848E+01
5962.7998       1.18427305E+01
5964.2002       1.18244209E+01
5965.6001       1.18129015E+01
5967.0000       1.18059902E+01
5968.3999       1.18101130E+01
5969.7998       1.18158121E+01
5971.2002       1.18141136E+01
5972.6001       1.18107185E+01
5974.0000       1.18074455E+01
5975.3999       1.18095064E+01
5976.7998       1.17971382E+01
5978.2002       1.17932587E+01
5979.6001       1.18067179E+01
5981.0000       1.18272095E+01
5982.3999       1.18479443E+01
5983.7998       1.18267250E+01
5985.2002       1.18206615E+01
5986.6001       1.17998056E+01
5988.0000       1.17896204E+01
5989.3999       1.17955618E+01
5990.7998       1.17985935E+01
5992.2002       1.18028374E+01
5993.6001       1.18008976E+01
5995.0000       1.18093853E+01
5996.3999       1.18189640E+01
5997.7998       1.18193283E+01
5999.2002       1.18175097E+01
6000.6001       1.18166609E+01
6002.0000       1.18154478E+01
6003.3999       1.18104763E+01
6004.7998       1.18008976E+01
6006.2002       1.17928944E+01
6007.6001       1.17918034E+01
6009.0000       1.17887716E+01
6010.3999       1.17931366E+01
6011.7998       1.17999268E+01
6013.2002       1.18001699E+01
6014.6001       1.18058691E+01
6016.0000       1.18127804E+01
6017.3999       1.18153267E+01
6018.7998       1.18013821E+01
6020.2002       1.17922878E+01
6021.6001       1.17880440E+01
6023.0000       1.17804050E+01
6024.3999       1.17782221E+01
6025.7998       1.17779799E+01
6027.2002       1.17710686E+01
6028.6001       1.17588215E+01
6030.0000       1.17570028E+01
6031.3999       1.17620955E+01
6032.7998       1.17603979E+01
6034.2002       1.17740993E+01
6035.6001       1.17692490E+01
6037.0000       1.17749481E+01
6038.3999       1.17861042E+01
6039.7998       1.17834358E+01
6041.2002       1.17850132E+01
6042.6001       1.17785864E+01
6044.0000       1.17907124E+01
6045.3999       1.18118105E+01
6046.7998       1.18198128E+01
6048.2002       1.18104763E+01
6049.6001       1.17865887E+01
6051.0000       1.17782221E+01
6052.3999       1.17707043E+01
6053.7998       1.17627010E+01
6055.2002       1.17545776E+01
6056.6001       1.17543354E+01
6058.0000       1.17696133E+01
6059.3999       1.17784653E+01
6060.7998       1.17714319E+01
6062.2002       1.17748270E+01
6063.6001       1.17772522E+01
6065.0000       1.17665815E+01
6066.3999       1.17596703E+01
6067.7998       1.17728872E+01
6069.2002       1.17808895E+01
6070.6001       1.17694921E+01
6072.0000       1.17657328E+01
6073.3999       1.17744637E+01
6074.7998       1.17720385E+01
6076.2002       1.17534866E+01
6077.6001       1.17530012E+01
6079.0000       1.17515459E+01
6080.3999       1.17486362E+01
6081.7998       1.17454834E+01
6083.2002       1.17325087E+01
6084.6001       1.17224445E+01
6086.0000       1.17322664E+01
6087.3999       1.17416029E+01
6088.7998       1.17419662E+01
6090.2002       1.17480297E+01
6091.6001       1.17660971E+01
6093.0000       1.17680368E+01
6094.3999       1.17519093E+01
6095.7998       1.17474232E+01
6097.2002       1.17589426E+01
6098.6001       1.17605190E+01
6100.0000       1.17481508E+01
6101.3999       1.17503338E+01
6102.7998       1.17582150E+01
6104.2002       1.17537289E+01
6105.6001       1.17496061E+01
6107.0000       1.17573662E+01
6108.3999       1.17684002E+01
6109.7998       1.17607613E+01
6111.2002       1.17493629E+01
6112.6001       1.17608833E+01
6114.0000       1.17709465E+01
6115.3999       1.17625809E+01
6116.7998       1.17498484E+01
6118.2002       1.17500916E+01
6119.6001       1.17571239E+01
6121.0000       1.17627010E+01
6122.3999       1.17593060E+01
6123.7998       1.17429371E+01
6125.2002       1.17249908E+01
6126.6001       1.17270527E+01
6128.0000       1.17465744E+01
6129.3999       1.17343273E+01
6130.7998       1.17320232E+01
6132.2002       1.17340851E+01
6133.6001       1.17200193E+01
6135.0000       1.16945553E+01
6136.3999       1.16838856E+01
6137.7998       1.17011032E+01
6139.2002       1.17304478E+01
6140.6001       1.17329941E+01
6142.0000       1.17231722E+01
6143.3999       1.17359037E+01
6144.7998       1.17440281E+01
6146.2002       1.17417240E+01
6147.6001       1.17333574E+01
6149.0000       1.17312965E+01
6150.3999       1.17377224E+01
6151.7998       1.17390566E+01
6153.2002       1.17334785E+01
6154.6001       1.17361469E+01
6156.0000       1.17304478E+01
6157.3999       1.17203827E+01
6158.7998       1.17201405E+01
6160.2002       1.17195339E+01
6161.6001       1.17262039E+01
6163.0000       1.17311745E+01
6164.3999       1.17259607E+01
6165.7998       1.17207470E+01
6167.2002       1.17115316E+01
6168.6001       1.17058325E+01
6170.0000       1.16972237E+01
6171.3999       1.16924944E+01
6172.7998       1.17084999E+01
6174.2002       1.17342062E+01
6175.6001       1.17457256E+01
6177.0000       1.17377224E+01
6178.3999       1.17254753E+01
6179.7998       1.17178364E+01
6181.2002       1.17151690E+01
6182.6001       1.17249908E+01
6184.0000       1.17380867E+01
6185.3999       1.17334785E+01
6186.7998       1.17188072E+01
6188.2002       1.17161388E+01
6189.6001       1.17225657E+01
6191.0000       1.17138348E+01
6192.3999       1.17004967E+01
6193.7998       1.17226868E+01
6195.2002       1.17487574E+01
6196.6001       1.17500916E+01
6198.0000       1.17369957E+01
6199.3999       1.17259607E+01
6200.7998       1.17218380E+01
6202.2002       1.17163811E+01
6203.6001       1.17168665E+01
6205.0000       1.17123804E+01
6206.3999       1.16995277E+01
6207.7998       1.17031651E+01
6209.2002       1.17232933E+01
6210.6001       1.17281437E+01
6212.0000       1.17165031E+01
6213.3999       1.17018309E+01
6214.7998       1.16842489E+01
6216.2002       1.16787920E+01
6217.6001       1.16899481E+01
6219.0000       1.16997700E+01
6220.3999       1.17044983E+01
6221.7998       1.17167454E+01
6223.2002       1.17195339E+01
6224.6001       1.17123804E+01
6226.0000       1.17127438E+01
6227.3999       1.17080154E+01
6228.7998       1.16821880E+01
6230.2002       1.16721230E+01
6231.6001       1.16629076E+01
6233.0000       1.16684856E+01
6234.3999       1.16883717E+01
6235.7998       1.17018309E+01
6237.2002       1.16940708E+01
6238.6001       1.16814594E+01
6240.0000       1.16877651E+01
6241.3999       1.17000122E+01
6242.7998       1.17052259E+01
6244.2002       1.17081366E+01
6245.6001       1.17092276E+01
6247.0000       1.16964960E+01
6248.3999       1.16835213E+01
6249.7998       1.16826725E+01
6251.2002       1.16881294E+01
6252.6001       1.16932220E+01
6254.0000       1.16995277E+01
6255.3999       1.17076511E+01
6256.7998       1.17055893E+01
6258.2002       1.17040138E+01
6259.6001       1.16992846E+01
6261.0000       1.16784286E+01
6262.3999       1.16635141E+01
6263.7998       1.16756401E+01
6265.2002       1.16904335E+01
6266.6001       1.16933432E+01
6268.0000       1.17006187E+01
6269.3999       1.17000122E+01
6270.7998       1.16854610E+01
6272.2002       1.16699409E+01
6273.6001       1.16663027E+01
6275.0000       1.16730938E+01
6276.3999       1.16809750E+01
6277.7998       1.16763668E+01
6279.2002       1.16631508E+01
6280.6001       1.16592703E+01
6282.0000       1.16673946E+01
6283.3999       1.16718807E+01
6284.7998       1.16729717E+01
6286.2002       1.16673946E+01
6287.6001       1.16649685E+01
6289.0000       1.16750336E+01
6290.3999       1.16841278E+01
6291.7998       1.16781864E+01
6293.2002       1.16803684E+01
6294.6001       1.17018309E+01
6296.0000       1.17101974E+01
6297.3999       1.16958895E+01
6298.7998       1.16858253E+01
6300.2002       1.16945553E+01
6301.6001       1.16886139E+01
6303.0000       1.16695766E+01
6304.3999       1.16636353E+01
6305.7998       1.16701832E+01
6307.2002       1.16728506E+01
6308.6001       1.16739426E+01
6310.0000       1.16704254E+01
6311.3999       1.16572084E+01
6312.7998       1.16507816E+01
6314.2002       1.16561174E+01
6315.6001       1.16569662E+01
6317.0000       1.16510248E+01
6318.3999       1.16448402E+01
6319.7998       1.16464167E+01
6321.2002       1.16578150E+01
6322.6001       1.16643629E+01
6324.0000       1.16736994E+01
6325.3999       1.16852188E+01
6326.7998       1.16871586E+01
6328.2002       1.16770945E+01
6329.6001       1.16677580E+01
6331.0000       1.16574516E+01
6332.3999       1.16539345E+01
6333.7998       1.16670303E+01
6335.2002       1.16842489E+01
6336.6001       1.16764889E+01
6338.0000       1.16808538E+01
6339.3999       1.16815815E+01
6340.7998       1.16780643E+01
6342.2002       1.16820660E+01
6343.6001       1.16746693E+01
6345.0000       1.16557541E+01
6346.3999       1.16382923E+01
6347.7998       1.16346550E+01
6349.2002       1.16393843E+01
6350.6001       1.16470232E+01
6352.0000       1.16671515E+01
6353.3999       1.16644840E+01
6354.7998       1.16505394E+01
6356.2002       1.16528435E+01
6357.6001       1.16653328E+01
6359.0000       1.16710320E+01
6360.3999       1.16681213E+01
6361.7998       1.16695766E+01
6363.2002       1.16705465E+01
6364.6001       1.16564808E+01
6366.0000       1.16367168E+01
6367.3999       1.16285925E+01
6368.7998       1.16311388E+01
6370.2002       1.16419306E+01
6371.6001       1.16606035E+01
6373.0000       1.16718807E+01
6374.3999       1.16683645E+01
6375.7998       1.16595125E+01
6377.2002       1.16555109E+01
6378.6001       1.16487207E+01
6380.0000       1.16444769E+01
6381.3999       1.16534500E+01
6382.7998       1.16573296E+01
6384.2002       1.16370802E+01
6385.6001       1.16317444E+01
6387.0000       1.16305323E+01
6388.3999       1.16348972E+01
6389.7998       1.16479931E+01
6391.2002       1.16505394E+01
6392.6001       1.16308956E+01
6394.0000       1.16117373E+01
6395.3999       1.16258030E+01
6396.7998       1.16580572E+01
6398.2002       1.16621799E+01
6399.6001       1.16487207E+01
6401.0000       1.16470232E+01
6402.3999       1.16424160E+01
6403.7998       1.16342907E+01
6405.2002       1.16399899E+01
6406.6001       1.16342907E+01
6408.0000       1.16168308E+01
6409.3999       1.16114950E+01
6410.7998       1.16203470E+01
6412.2002       1.16276226E+01
6413.6001       1.16279860E+01
6415.0000       1.16358681E+01
6416.3999       1.16460533E+01
6417.7998       1.16382923E+01
6419.2002       1.16227722E+01
6420.6001       1.16255608E+01
6422.0000       1.16363525E+01
6423.3999       1.16358681E+01
6424.7998       1.16382923E+01
6426.2002       1.16475086E+01
6427.6001       1.16540565E+01
6429.0000       1.16544199E+01
6430.3999       1.16544199E+01
6431.7998       1.16502972E+01
6433.2002       1.16407185E+01
6434.6001       1.16374435E+01
6436.0000       1.16542988E+01
6437.3999       1.16715164E+01
6438.7998       1.16623020E+01
6440.2002       1.16473866E+01
6441.6001       1.16461744E+01
6443.0000       1.16500549E+01
6444.3999       1.16466599E+01
6445.7998       1.16487207E+01
6447.2002       1.16396265E+01
6448.6001       1.16306534E+01
6450.0000       1.16475086E+01
6451.3999       1.16541767E+01
6452.7998       1.16438704E+01
6454.2002       1.16333218E+01
6455.6001       1.16284714E+01
6457.0000       1.16218014E+01
6458.3999       1.16241055E+01
6459.7998       1.16329575E+01
6461.2002       1.16300468E+01
6462.6001       1.16168308E+01
6464.0000       1.16190128E+01
6465.3999       1.16362314E+01
6466.7998       1.16458111E+01
6468.2002       1.16418095E+01
6469.6001       1.16341705E+01
6471.0000       1.16353827E+01
6472.3999       1.16325932E+01
6473.7998       1.16232567E+01
6475.2002       1.16241055E+01
6476.6001       1.16210747E+01
6478.0000       1.16141624E+01
6479.3999       1.16083422E+01
6480.7998       1.16051903E+01
6482.2002       1.16131926E+01
6483.6001       1.16194983E+01
6485.0000       1.16165876E+01
6486.3999       1.16142845E+01
6487.7998       1.16089487E+01
6489.2002       1.16050682E+01
6490.6001       1.16053104E+01
6492.0000       1.16076145E+01
6493.3999       1.16027641E+01
6494.7998       1.15899115E+01
6496.2002       1.15785131E+01
6497.6001       1.15810604E+01
6499.0000       1.15957317E+01
6500.3999       1.16085854E+01
6501.7998       1.16176796E+01
6503.2002       1.16198616E+01
6504.6001       1.16154966E+01
6506.0000       1.16176796E+01
6507.3999       1.16249542E+01
6508.7998       1.16193771E+01
6510.2002       1.16084633E+01
6511.6001       1.16043415E+01
6513.0000       1.15998545E+01
6514.3999       1.15936699E+01
6515.7998       1.15977936E+01
6517.2002       1.16026440E+01
6518.6001       1.15940342E+01
6520.0000       1.15936699E+01
6521.3999       1.15952473E+01
6522.7998       1.15839701E+01
6524.2002       1.15753613E+01
6525.6001       1.15669937E+01
6527.0000       1.15633564E+01
6528.3999       1.15709953E+01
6529.7998       1.15729351E+01
6531.2002       1.15689344E+01
6532.6001       1.15718441E+01
6534.0000       1.15771790E+01
6535.3999       1.15672369E+01
6536.7998       1.15589914E+01
6538.2002       1.15466232E+01
6539.6001       1.15341339E+01
6541.0000       1.15364380E+01
6542.3999       1.15306168E+01
6543.7998       1.15204315E+01
6545.2002       1.15150967E+01
6546.6001       1.15157032E+01
6548.0000       1.15114584E+01
6549.3999       1.15007877E+01
6550.7998       1.14839334E+01
6552.2002       1.14679279E+01
6553.6001       1.14610157E+01
6555.0000       1.14583483E+01
6556.3999       1.14471931E+01
6557.7998       1.14223356E+01
6559.2002       1.13917789E+01
6560.6001       1.13537045E+01
6562.0000       1.13181763E+01
6563.3999       1.13053226E+01
6564.7998       1.13282404E+01
6566.2002       1.13727417E+01
6567.6001       1.14143324E+01
6569.0000       1.14390688E+01
6570.3999       1.14492540E+01
6571.7998       1.14583483E+01
6573.2002       1.14688978E+01
6574.6001       1.14720507E+01
6576.0000       1.14762945E+01
6577.3999       1.14936342E+01
6578.7998       1.15027285E+01
6580.2002       1.14993334E+01
6581.6001       1.15101252E+01
6583.0000       1.15211592E+01
6584.3999       1.15277071E+01
6585.7998       1.15344973E+01
6587.2002       1.15432281E+01
6588.6001       1.15472298E+01
6590.0000       1.15534134E+01
6591.3999       1.15600824E+01
6592.7998       1.15565662E+01
6594.2002       1.15534134E+01
6595.6001       1.15583849E+01
6597.0000       1.15669937E+01
6598.3999       1.15692978E+01
6599.7998       1.15683279E+01
6601.2002       1.15555954E+01
6602.6001       1.15475931E+01
6604.0000       1.15591125E+01
6605.3999       1.15703888E+01
6606.7998       1.15786343E+01
6608.2002       1.15775433E+01
6609.6001       1.15669937E+01
6611.0000       1.15609312E+01
6612.3999       1.15685701E+01
6613.7998       1.15854244E+01
6615.2002       1.15928211E+01
6616.6001       1.15766945E+01
6618.0000       1.15569296E+01
6619.3999       1.15569296E+01
6620.7998       1.15707531E+01
6622.2002       1.15765734E+01
6623.6001       1.15712376E+01
6625.0000       1.15640841E+01
6626.3999       1.15671158E+01
6627.7998       1.15850611E+01
6629.2002       1.15979147E+01
6630.6001       1.15968227E+01
6632.0000       1.15878506E+01
6633.3999       1.15756035E+01
6634.7998       1.15810604E+01
6636.2002       1.15982780E+01
6637.6001       1.16028862E+01
6639.0000       1.15993690E+01
6640.3999       1.15878506E+01
6641.7998       1.15771790E+01
6643.2002       1.15770588E+01
6644.6001       1.15822725E+01
6646.0000       1.15919724E+01
6647.3999       1.15980358E+01
6648.7998       1.15911236E+01
6650.2002       1.15885773E+01
6651.6001       1.15848188E+01
6653.0000       1.15821514E+01
6654.3999       1.15865164E+01
6655.7998       1.15924578E+01
6657.2002       1.15780287E+01
6658.6001       1.15626287E+01
6660.0000       1.15708742E+01
6661.3999       1.15709953E+01
6662.7998       1.15739059E+01
6664.2002       1.15740271E+01
6665.6001       1.15608101E+01
6667.0000       1.15549898E+01
6668.3999       1.15690556E+01
6669.7998       1.15769367E+01
6671.2002       1.15684490E+01
6672.6001       1.15682068E+01
6674.0000       1.15637207E+01
6675.3999       1.15495329E+01
6676.7998       1.15463810E+01
6678.2002       1.15491695E+01
6679.6001       1.15530491E+01
6681.0000       1.15580215E+01
6682.3999       1.15621433E+01
6683.7998       1.15764523E+01
6685.2002       1.15942764E+01
6686.6001       1.15939131E+01
6688.0000       1.15837269E+01
6689.3999       1.15762100E+01
6690.7998       1.15734205E+01
6692.2002       1.15758457E+01
6693.6001       1.15868797E+01
6695.0000       1.15934277E+01
6696.3999       1.15846977E+01
6697.7998       1.15707531E+01
6699.2002       1.15697832E+01
6700.6001       1.15792408E+01
6702.0000       1.15873652E+01
6703.3999       1.15853043E+01
6704.7998       1.15786343E+01
6706.2002       1.15717230E+01
6707.6001       1.15644474E+01
6709.0000       1.15555954E+01
6710.3999       1.15528069E+01
6711.7998       1.15587482E+01
6713.2002       1.15614166E+01
6714.6001       1.15575361E+01
6716.0000       1.15569296E+01
6717.3999       1.15580215E+01
6718.7998       1.15595970E+01
6720.2002       1.15632353E+01
6721.6001       1.15747547E+01
6723.0000       1.15779076E+01
6724.3999       1.15696621E+01
6725.7998       1.15661449E+01
6727.2002       1.15625076E+01
6728.6001       1.15517159E+01
6730.0000       1.15445614E+01
6731.3999       1.15492907E+01
6732.7998       1.15589914E+01
6734.2002       1.15570507E+01
6735.6001       1.15506248E+01
6737.0000       1.15557175E+01
6738.3999       1.15523224E+01
6739.7998       1.15490484E+01
6741.2002       1.15589914E+01
6742.6001       1.15609312E+01
6744.0000       1.15611734E+01
6745.3999       1.15635986E+01
6746.7998       1.15650539E+01
6748.2002       1.15566874E+01
6749.6001       1.15546265E+01
6751.0000       1.15520802E+01
6752.3999       1.15408030E+01
6753.7998       1.15468655E+01
6755.2002       1.15491695E+01
6756.6001       1.15429859E+01
6758.0000       1.15349827E+01
6759.3999       1.15409241E+01
6760.7998       1.15507460E+01
6762.2002       1.15591125E+01
6763.6001       1.15639629E+01
6765.0000       1.15623865E+01
6766.3999       1.15595970E+01
6767.7998       1.15530491E+01
6769.2002       1.15445614E+01
6770.6001       1.15456524E+01
6772.0000       1.15594759E+01
6773.3999       1.15701466E+01
6774.7998       1.15652962E+01
6776.2002       1.15542622E+01
6777.6001       1.15633564E+01
6779.0000       1.15748758E+01
6780.3999       1.15619011E+01
6781.7998       1.15412874E+01
6783.2002       1.15317087E+01
6784.6001       1.15381355E+01
6786.0000       1.15569296E+01
6787.3999       1.15751181E+01
6788.7998       1.15800896E+01
6790.2002       1.15702677E+01
6791.6001       1.15552320E+01
6793.0000       1.15410452E+01
6794.3999       1.15400753E+01
6795.7998       1.15532923E+01
6797.2002       1.15562019E+01
6798.6001       1.15480785E+01
6800.0000       1.15438347E+01
6801.3999       1.15489273E+01
6802.7998       1.15422573E+01
6804.2002       1.15417728E+01
6805.6001       1.15519581E+01
6807.0000       1.15586271E+01
6808.3999       1.15526857E+01
6809.7998       1.15523224E+01
6811.2002       1.15546265E+01
6812.6001       1.15559597E+01
6814.0000       1.15467443E+01
6815.3999       1.15528069E+01
6816.7998       1.15577784E+01
6818.2002       1.15421371E+01
6819.6001       1.15289192E+01
6821.0000       1.15296469E+01
6822.3999       1.15371647E+01
6823.7998       1.15411663E+01
6825.2002       1.15417728E+01
6826.6001       1.15455322E+01
6828.0000       1.15412874E+01
6829.3999       1.15318298E+01
6830.7998       1.15368013E+01
6832.2002       1.15478354E+01
6833.6001       1.15517159E+01
6835.0000       1.15541410E+01
6836.3999       1.15568085E+01
6837.7998       1.15575361E+01
6839.2002       1.15541410E+01
6840.6001       1.15462589E+01
6842.0000       1.15358315E+01
6843.3999       1.15260096E+01
6844.7998       1.15260096E+01
6846.2002       1.15406818E+01
6847.6001       1.15479565E+01
6849.0000       1.15433493E+01
6850.3999       1.15395899E+01
6851.7998       1.15472298E+01
6853.2002       1.15541410E+01
6854.6001       1.15540199E+01
6856.0000       1.15474720E+01
6857.3999       1.15366802E+01
6858.7998       1.15306168E+01
6860.2002       1.15271006E+01
6861.6001       1.15243120E+01
6863.0000       1.15221291E+01
6864.3999       1.15167942E+01
6865.7998       1.15075779E+01
6867.2002       1.14784775E+01
6868.6001       1.14254875E+01
6870.0000       1.13894749E+01
6871.3999       1.13800173E+01
6872.7998       1.13825636E+01
6874.2002       1.13877773E+01
6875.6001       1.14091187E+01
6877.0000       1.14349461E+01
6878.3999       1.14509516E+01
6879.7998       1.14656239E+01
6881.2002       1.14892693E+01
6882.6001       1.15058804E+01
6884.0000       1.15050316E+01
6885.3999       1.14918156E+01
6886.7998       1.14631987E+01
6888.2002       1.14454956E+01
6889.6001       1.14559231E+01
6891.0000       1.14681702E+01
6892.3999       1.14727783E+01
6893.7998       1.14708376E+01
6895.2002       1.14701099E+01
6896.6001       1.14765368E+01
6898.0000       1.14896326E+01
6899.3999       1.14964228E+01
6900.7998       1.14965439E+01
6902.2002       1.15061235E+01
6903.6001       1.15028496E+01
6905.0000       1.14893904E+01
6906.3999       1.14796896E+01
6907.7998       1.14765368E+01
6909.2002       1.14749603E+01
6910.6001       1.14898748E+01
6912.0000       1.15163088E+01
6913.3999       1.15188551E+01
6914.7998       1.15141258E+01
6916.2002       1.15164299E+01
6917.6001       1.15187340E+01
6919.0000       1.15097609E+01
6920.3999       1.15033340E+01
6921.7998       1.15085487E+01
6923.2002       1.15165520E+01
6924.6001       1.15170364E+01
6926.0000       1.15154600E+01
6927.3999       1.15175219E+01
6928.7998       1.15137625E+01
6930.2002       1.15069723E+01
6931.6001       1.15138836E+01
6933.0000       1.15189762E+01
6934.3999       1.15211592E+01
6935.7998       1.15319510E+01
6937.2002       1.15398331E+01
6938.6001       1.15363159E+01
6940.0000       1.15239487E+01
6941.3999       1.15160666E+01
6942.7998       1.15187340E+01
6944.2002       1.15220079E+01
6945.6001       1.15237055E+01
6947.0000       1.15269794E+01
6948.3999       1.15212803E+01
6949.7998       1.15149746E+01
6951.2002       1.15124283E+01
6952.6001       1.15081844E+01
6954.0000       1.15055170E+01
6955.3999       1.15049114E+01
6956.7998       1.15051537E+01
6958.2002       1.15020008E+01
6959.6001       1.14956951E+01
6961.0000       1.15058804E+01
6962.3999       1.15251608E+01
6963.7998       1.15355892E+01
6965.2002       1.15317087E+01
6966.6001       1.15271006E+01
6968.0000       1.15217657E+01
6969.3999       1.15146112E+01
6970.7998       1.15113373E+01
6972.2002       1.15133991E+01
6973.6001       1.15152178E+01
6975.0000       1.15126715E+01
6976.3999       1.15064869E+01
6977.7998       1.15027285E+01
6979.2002       1.15114584E+01
6980.6001       1.15283136E+01
6982.0000       1.15415306E+01
6983.3999       1.15425005E+01
6984.7998       1.15296469E+01
6986.2002       1.15171576E+01
6987.6001       1.15205526E+01
6989.0000       1.15292835E+01
6990.3999       1.15194616E+01
6991.7998       1.15066090E+01
6993.2002       1.15132771E+01
6994.6001       1.15281925E+01
6996.0000       1.15431061E+01
6997.3999       1.15410452E+01
6998.7998       1.15218868E+01
7000.2002       1.15107307E+01
7001.6001       1.15161877E+01
7003.0000       1.15221291E+01
7004.3999       1.15214014E+01
7005.7998       1.15230999E+01
7007.2002       1.15252819E+01
7008.6001       1.15278282E+01
7010.0000       1.15193405E+01
7011.3999       1.15023651E+01
7012.7998       1.15049114E+01
7014.2002       1.15083065E+01
7015.6001       1.15047894E+01
7017.0000       1.15114584E+01
7018.3999       1.15330429E+01
7019.7998       1.15263729E+01
7021.2002       1.15080633E+01
7022.6001       1.14933910E+01
7024.0000       1.14881773E+01
7025.3999       1.14909668E+01
7026.7998       1.14944830E+01
7028.2002       1.15085487E+01
7029.6001       1.15207958E+01
7031.0000       1.15186129E+01
7032.3999       1.15205526E+01
7033.7998       1.15132771E+01
7035.2002       1.15033340E+01
7036.6001       1.15061235E+01
7038.0000       1.15110950E+01
7039.3999       1.15181274E+01
7040.7998       1.15195827E+01
7042.2002       1.15097609E+01
7043.6001       1.15052748E+01
7045.0000       1.15161877E+01
7046.3999       1.15311022E+01
7047.7998       1.15364380E+01
7049.2002       1.15321941E+01
7050.6001       1.15172787E+01
7052.0000       1.15085487E+01
7053.3999       1.15131569E+01
7054.7998       1.15165520E+01
7056.2002       1.15081844E+01
7057.6001       1.14923000E+01
7059.0000       1.14895115E+01
7060.3999       1.15021219E+01
7061.7998       1.15086699E+01
7063.2002       1.15171576E+01
7064.6001       1.15140057E+01
7066.0000       1.15074577E+01
7067.3999       1.15047894E+01
7068.7998       1.14881773E+01
7070.2002       1.14844189E+01
7071.6001       1.14868431E+01
7073.0000       1.14943619E+01
7074.3999       1.15087910E+01
7075.7998       1.15087910E+01
7077.2002       1.15009098E+01
7078.6001       1.15005455E+01
7080.0000       1.15005455E+01
7081.3999       1.14907236E+01
7082.7998       1.14842968E+01
7084.2002       1.14932709E+01
7085.6001       1.15017586E+01
7087.0000       1.15033340E+01
7088.3999       1.15106096E+01
7089.7998       1.15160666E+01
7091.2002       1.15210381E+01
7092.6001       1.15198250E+01
7094.0000       1.14998178E+01
7095.3999       1.14835701E+01
7096.7998       1.14874496E+01
7098.2002       1.15057602E+01
7099.6001       1.15205526E+01
7101.0000       1.15198250E+01
7102.3999       1.15199471E+01
7103.7998       1.15257664E+01
7105.2002       1.15229778E+01
7106.6001       1.15064869E+01
7108.0000       1.14960594E+01
7109.3999       1.14935131E+01
7110.7998       1.14981203E+01
7112.2002       1.15063658E+01
7113.6001       1.15004244E+01
7115.0000       1.15027285E+01
7116.3999       1.15073357E+01
7117.7998       1.15015154E+01
7119.2002       1.14901180E+01
7120.6001       1.14998178E+01
7122.0000       1.15011520E+01
7123.3999       1.14986057E+01
7124.7998       1.15131569E+01
7126.2002       1.15346184E+01
7127.6001       1.15226145E+01
7129.0000       1.15203104E+01
7130.3999       1.15039406E+01
7131.7998       1.14813871E+01
7133.2002       1.14879351E+01
7134.6001       1.14977570E+01
7136.0000       1.15085487E+01
7137.3999       1.15163088E+01
7138.7998       1.15157032E+01
7140.2002       1.15144901E+01
7141.6001       1.15051537E+01
7143.0000       1.14893904E+01
7144.3999       1.14756880E+01
7145.7998       1.14783554E+01
7147.2002       1.14971504E+01
7148.6001       1.15016365E+01
7150.0000       1.14982414E+01
7151.3999       1.15017586E+01
7152.7998       1.15033340E+01
7154.2002       1.15127926E+01
7155.6001       1.15144901E+01
7157.0000       1.15091553E+01
7158.3999       1.15096397E+01
7159.7998       1.15063658E+01
7161.2002       1.14798107E+01
7162.6001       1.14662304E+01
7164.0000       1.14749603E+01
7165.3999       1.14793262E+01
7166.7998       1.14701099E+01
7168.2002       1.14789619E+01
7169.6001       1.14829636E+01
7171.0000       1.14749603E+01
7172.3999       1.14633198E+01
7173.7998       1.14593182E+01
7175.2002       1.14735050E+01
7176.6001       1.14674425E+01
7178.0000       1.14652596E+01
7179.3999       1.14652596E+01
7180.7998       1.14439192E+01
7182.2002       1.14366436E+01
7183.6001       1.14462223E+01
7185.0000       1.14391899E+01
7186.3999       1.14223356E+01
7187.7998       1.14274282E+01
7189.2002       1.14480419E+01
7190.6001       1.14401598E+01
7192.0000       1.14303379E+01
7193.3999       1.14394321E+01
7194.7998       1.14526491E+01
7196.2002       1.14722929E+01
7197.6001       1.14748392E+01
7199.0000       1.14527702E+01
7200.3999       1.14387054E+01
7201.7998       1.14424639E+01
7203.2002       1.14494972E+01
7204.6001       1.14479208E+01
7206.0000       1.14462223E+01
7207.3999       1.14628353E+01
7208.7998       1.14833279E+01
7210.2002       1.14758091E+01
7211.6001       1.14716864E+01
7213.0000       1.14830847E+01
7214.3999       1.14799318E+01
7215.7998       1.14727783E+01
7217.2002       1.14909668E+01
7218.6001       1.15046682E+01
7220.0000       1.14971504E+01
7221.3999       1.14778709E+01
7222.7998       1.14705954E+01
7224.2002       1.14685345E+01
7225.6001       1.14778709E+01
7227.0000       1.14842968E+01
7228.3999       1.14811449E+01
7229.7998       1.14841766E+01
7231.2002       1.14790831E+01
7232.6001       1.14605312E+01
7234.0000       1.14467077E+01
7235.3999       1.14498606E+01
7236.7998       1.14676857E+01
7238.2002       1.14795685E+01
7239.6001       1.14655027E+01
7241.0000       1.14619865E+01
7242.3999       1.14785986E+01
7243.7998       1.14785986E+01
7245.2002       1.14566507E+01
7246.6001       1.14445248E+01
7248.0000       1.14521646E+01
7249.3999       1.14625921E+01
7250.7998       1.14635620E+01
7252.2002       1.14542255E+01
7253.6001       1.14476776E+01
7255.0000       1.14565296E+01
7256.3999       1.14805384E+01
7257.7998       1.14967861E+01
7259.2002       1.14845400E+01
7260.6001       1.14719296E+01
7262.0000       1.14709587E+01
7263.3999       1.14662304E+01
7264.7998       1.14667149E+01
7266.2002       1.14731417E+01
7267.6001       1.14761734E+01
7269.0000       1.14699888E+01
7270.3999       1.14627132E+01
7271.7998       1.14622288E+01
7273.2002       1.14630775E+01
7274.6001       1.14657450E+01
7276.0000       1.14545898E+01
7277.3999       1.14427071E+01
7278.7998       1.14484053E+01
7280.2002       1.14511948E+01
7281.6001       1.14655027E+01
7283.0000       1.14801750E+01
7284.3999       1.14759312E+01
7285.7998       1.14613800E+01
7287.2002       1.14657450E+01
7288.6001       1.14681702E+01
7290.0000       1.14400387E+01
7291.3999       1.14258518E+01
7292.7998       1.14360371E+01
7294.2002       1.14410086E+01
7295.6001       1.14640474E+01
7297.0000       1.14730206E+01
7298.3999       1.14444046E+01
7299.7998       1.14291258E+01
7301.2002       1.14368858E+01
7302.6001       1.14476776E+01
7304.0000       1.14458590E+01
7305.3999       1.14454956E+01
7306.7998       1.14636841E+01
7308.2002       1.14655027E+01
7309.6001       1.14548321E+01
7311.0000       1.14519215E+01
7312.3999       1.14534988E+01
7313.7998       1.14548321E+01
7315.2002       1.14591970E+01
7316.6001       1.14551964E+01
7318.0000       1.14448891E+01
7319.3999       1.14334908E+01
7320.7998       1.14235477E+01
7322.2002       1.14430704E+01
7323.6001       1.14505882E+01
7325.0000       1.14461021E+01
7326.3999       1.14488907E+01
7327.7998       1.14534988E+01
7329.2002       1.14559231E+01
7330.6001       1.14544678E+01
7332.0000       1.14593182E+01
7333.3999       1.14661083E+01
7334.7998       1.14693832E+01
7336.2002       1.14656239E+01
7337.6001       1.14528923E+01
7339.0000       1.14543476E+01
7340.3999       1.14462223E+01
7341.7998       1.14310656E+01
7343.2002       1.14434338E+01
7344.6001       1.14485264E+01
7346.0000       1.14430704E+01
7347.3999       1.14451313E+01
7348.7998       1.14541044E+01
7350.2002       1.14690189E+01
7351.6001       1.14661083E+01
7353.0000       1.14490118E+01
7354.3999       1.14456167E+01
7355.7998       1.14468288E+01
7357.2002       1.14402809E+01
7358.6001       1.14405241E+01
7360.0000       1.14555597E+01
7361.3999       1.14613800E+01
7362.7998       1.14542255E+01
7364.2002       1.14522858E+01
7365.6001       1.14498606E+01
7367.0000       1.14440403E+01
7368.3999       1.14465866E+01
7369.7998       1.14300957E+01
7371.2002       1.14245186E+01
7372.6001       1.14325209E+01
7374.0000       1.14354305E+01
7375.3999       1.14368858E+01
7376.7998       1.14340973E+01
7378.2002       1.14309444E+01
7379.6001       1.14304600E+01
7381.0000       1.14345818E+01
7382.3999       1.14290047E+01
7383.7998       1.14193039E+01
7385.2002       1.14163933E+01
7386.6001       1.14247608E+01
7388.0000       1.14293680E+01
7389.3999       1.14126348E+01
7390.7998       1.14065723E+01
7392.2002       1.14212437E+01
7393.6001       1.14394321E+01
7395.0000       1.14486485E+01
7396.3999       1.14408875E+01
7397.7998       1.14345818E+01
7399.2002       1.14349461E+01
7400.6001       1.14379778E+01
7402.0000       1.14503460E+01
7403.3999       1.14548321E+01
7404.7998       1.14383411E+01
7406.2002       1.14235477E+01
7407.6001       1.14267006E+01
7409.0000       1.14362793E+01
7410.3999       1.14333696E+01
7411.7998       1.14160299E+01
7413.2002       1.14029341E+01
7414.6001       1.14008732E+01
7416.0000       1.14111795E+01
7417.3999       1.14222145E+01
7418.7998       1.14243965E+01
7420.2002       1.14163933E+01
7421.6001       1.14153023E+01
7423.0000       1.14137268E+01
7424.3999       1.14064503E+01
7425.7998       1.14114227E+01
7427.2002       1.14223356E+01
