#
# Spectrum of HD158659, spectral type B0v
# Source: Jacoby, Hunter, & Christian, 1984, ApJ, 56, 257
#         Scaled to flux=1.0 at 5500 Angstroms.
#
# Wave: wavelength in Angstroms
# Flux: scaled flux normalized to 1.0 at 5500A then shifted
#       in order of spectral type
Wave            Flux
3510.0000       1.77513905E+01
3511.3999       1.76457500E+01
3512.8000       1.74463863E+01
3514.2000       1.75139008E+01
3515.6001       1.77029381E+01
3517.0000       1.77569504E+01
3518.3999       1.76918182E+01
3519.8000       1.75250206E+01
3521.2000       1.73820496E+01
3522.6001       1.75075455E+01
3524.0000       1.74360600E+01
3525.3999       1.74630661E+01
3526.8000       1.75274029E+01
3528.2000       1.75091343E+01
3529.6001       1.75687065E+01
3531.0000       1.74853058E+01
3532.3999       1.73431301E+01
3533.8000       1.73542500E+01
3535.2000       1.74837170E+01
3536.6001       1.75067520E+01
3538.0000       1.73423347E+01
3539.3999       1.74249401E+01
3540.8000       1.74265289E+01
3542.2000       1.74853058E+01
3543.6001       1.76727562E+01
3545.0000       1.78347893E+01
3546.3999       1.78355827E+01
3547.8000       1.74773636E+01
3549.2000       1.74106426E+01
3550.6001       1.73502769E+01
3552.0000       1.74098492E+01
3553.3999       1.74169979E+01
3554.8000       1.72605247E+01
3556.2000       1.73367748E+01
3557.6001       1.72700558E+01
3559.0000       1.72652893E+01
3560.3999       1.73343925E+01
3561.8000       1.73113594E+01
3563.2000       1.73463058E+01
3564.6001       1.74225578E+01
3566.0000       1.73613968E+01
3567.3999       1.74297066E+01
3568.8000       1.75170765E+01
3570.2000       1.74146156E+01
3571.6001       1.72430496E+01
3573.0000       1.72946777E+01
3574.3999       1.73931694E+01
3575.8000       1.75067520E+01
3577.2000       1.75949173E+01
3578.6001       1.75536137E+01
3580.0000       1.73621922E+01
3581.3999       1.73105640E+01
3582.8000       1.75941219E+01
3584.2000       1.77410641E+01
3585.6001       1.76092148E+01
3587.0000       1.75528202E+01
3588.3999       1.75178719E+01
3589.8000       1.74209690E+01
3591.2000       1.73788719E+01
3592.6001       1.74797459E+01
3594.0000       1.75536137E+01
3595.3999       1.74924545E+01
3596.8000       1.75837975E+01
3598.2000       1.76624298E+01
3599.6001       1.75401115E+01
3601.0000       1.74964256E+01
3602.3999       1.75734711E+01
3603.8000       1.73407459E+01
3605.2000       1.71064339E+01
3606.6001       1.71437645E+01
3608.0000       1.70969028E+01
3609.3999       1.71731529E+01
3610.8000       1.71985703E+01
3612.2000       1.71509132E+01
3613.6001       1.72081013E+01
3615.0000       1.72184277E+01
3616.3999       1.72184277E+01
3617.8000       1.73590145E+01
3619.2000       1.74575062E+01
3620.6001       1.74646549E+01
3622.0000       1.74169979E+01
3623.3999       1.73923759E+01
3624.8000       1.73463058E+01
3626.2000       1.72779980E+01
3627.6001       1.71104050E+01
3629.0000       1.69436073E+01
3630.3999       1.69841156E+01
3631.8000       1.70635414E+01
3633.2000       1.69793491E+01
3634.6001       1.69610806E+01
3636.0000       1.71747417E+01
3637.3999       1.72049255E+01
3638.8000       1.71914215E+01
3640.2000       1.73343925E+01
3641.6001       1.73320103E+01
3643.0000       1.74201736E+01
3644.3999       1.73804607E+01
3645.8000       1.71302624E+01
3647.2000       1.71429710E+01
3648.6001       1.72359009E+01
3650.0000       1.72668781E+01
3651.3999       1.73272438E+01
3652.8000       1.73439236E+01
3654.2000       1.73796654E+01
3655.6001       1.71914215E+01
3657.0000       1.72303410E+01
3658.3999       1.74114380E+01
3659.8000       1.74090538E+01
3661.2000       1.72589359E+01
3662.6001       1.72605247E+01
3664.0000       1.72589359E+01
3665.3999       1.72192211E+01
3666.8000       1.72311363E+01
3668.2000       1.72216053E+01
3669.6001       1.71842728E+01
3671.0000       1.70373306E+01
3672.3999       1.71056404E+01
3673.8000       1.70905476E+01
3675.2000       1.70738678E+01
3676.6001       1.71477356E+01
3678.0000       1.71318512E+01
3679.3999       1.72041302E+01
3680.8000       1.72541695E+01
3682.2000       1.71810951E+01
3683.6001       1.71667995E+01
3685.0000       1.72692604E+01
3686.3999       1.73216839E+01
3687.8000       1.71787128E+01
3689.2000       1.71104050E+01
3690.6001       1.71127872E+01
3692.0000       1.71342335E+01
3693.3999       1.73081818E+01
3694.8000       1.73741074E+01
3696.2000       1.70325661E+01
3697.6001       1.67037334E+01
3699.0000       1.66989670E+01
3700.3999       1.68975372E+01
3701.8000       1.70357437E+01
3703.2000       1.68641777E+01
3704.6001       1.67053223E+01
3706.0000       1.66894360E+01
3707.3999       1.68673553E+01
3708.8000       1.70063553E+01
3710.2000       1.69070702E+01
3711.6001       1.69340744E+01
3713.0000       1.69634628E+01
3714.3999       1.68991261E+01
3715.8000       1.68983307E+01
3717.2000       1.69777603E+01
3718.6001       1.68308182E+01
3720.0000       1.68522644E+01
3721.3999       1.69181900E+01
3722.8000       1.68975372E+01
3724.2000       1.69062748E+01
3725.6001       1.69205723E+01
3727.0000       1.69396343E+01
3728.3999       1.69475784E+01
3729.8000       1.69356632E+01
3731.2000       1.69602852E+01
3732.6001       1.68888016E+01
3734.0000       1.68276405E+01
3735.3999       1.68729153E+01
3736.8000       1.69809380E+01
3738.2000       1.70532169E+01
3739.6001       1.69618740E+01
3741.0000       1.69960289E+01
3742.3999       1.72454338E+01
3743.8000       1.72327232E+01
3745.2000       1.69849091E+01
3746.6001       1.67903099E+01
3748.0000       1.66926136E+01
3749.3999       1.66076241E+01
3750.8000       1.66870537E+01
3752.2000       1.67680702E+01
3753.6001       1.67585373E+01
3755.0000       1.66814919E+01
3756.3999       1.67498016E+01
3757.8000       1.69563141E+01
3759.2000       1.71199360E+01
3760.6001       1.71612396E+01
3762.0000       1.70063553E+01
3763.3999       1.69189835E+01
3764.8000       1.69952354E+01
3766.2000       1.70413017E+01
3767.6001       1.69722004E+01
3769.0000       1.67124710E+01
3770.3999       1.63884029E+01
3771.8000       1.62779980E+01
3773.2000       1.64273224E+01
3774.6001       1.67513905E+01
3776.0000       1.69134235E+01
3777.3999       1.70492458E+01
3778.8000       1.72223988E+01
3780.2000       1.73621922E+01
3781.6001       1.74551239E+01
3783.0000       1.72565536E+01
3784.3999       1.71254959E+01
3785.8000       1.72049255E+01
3787.2000       1.71604443E+01
3788.6001       1.71207314E+01
3790.0000       1.71493244E+01
3791.3999       1.70000000E+01
3792.8000       1.67823677E+01
3794.2000       1.66695786E+01
3795.6001       1.65409050E+01
3797.0000       1.63979340E+01
3798.3999       1.64066715E+01
3799.8000       1.65623512E+01
3801.2000       1.67005558E+01
3802.6001       1.68276405E+01
3804.0000       1.68903885E+01
3805.3999       1.69594917E+01
3806.8000       1.70023823E+01
3808.2000       1.70659256E+01
3809.6001       1.72891178E+01
3811.0000       1.73081818E+01
3812.3999       1.71628265E+01
3813.8000       1.71477356E+01
3815.2000       1.72613182E+01
3816.6001       1.72184277E+01
3818.0000       1.68959503E+01
3819.3999       1.66020660E+01
3820.8000       1.65631447E+01
3822.2000       1.68117561E+01
3823.6001       1.71874504E+01
3825.0000       1.70976963E+01
3826.3999       1.68895950E+01
3827.8000       1.68506756E+01
3829.2000       1.68737087E+01
3830.6001       1.68435268E+01
3832.0000       1.65774422E+01
3833.3999       1.62660828E+01
3834.8000       1.59102459E+01
3836.2000       1.57966642E+01
3837.6001       1.60452728E+01
3839.0000       1.62644958E+01
3840.3999       1.65504379E+01
3841.8000       1.68705330E+01
3843.2000       1.71080227E+01
3844.6001       1.71540909E+01
3846.0000       1.69285145E+01
3847.3999       1.68641777E+01
3848.8000       1.69118347E+01
3850.2000       1.70262108E+01
3851.6001       1.71278801E+01
3853.0000       1.70905476E+01
3854.3999       1.71048450E+01
3855.8000       1.71080227E+01
3857.2000       1.70984917E+01
3858.6001       1.71493244E+01
3860.0000       1.72065125E+01
3861.3999       1.71660042E+01
3862.8000       1.70420971E+01
3864.2000       1.69745827E+01
3865.6001       1.69888802E+01
3867.0000       1.68856239E+01
3868.3999       1.68594131E+01
3869.8000       1.69078636E+01
3871.2000       1.68776817E+01
3872.6001       1.68578224E+01
3874.0000       1.68713264E+01
3875.3999       1.69030991E+01
3876.8000       1.69785538E+01
3878.2000       1.69293098E+01
3879.6001       1.67402706E+01
3881.0000       1.65361404E+01
3882.3999       1.64805412E+01
3883.8000       1.64916611E+01
3885.2000       1.63415413E+01
3886.6001       1.60675144E+01
3888.0000       1.57887211E+01
3889.3999       1.57172356E+01
3890.8000       1.59698172E+01
3892.2000       1.63050041E+01
3893.6001       1.64749794E+01
3895.0000       1.64876900E+01
3896.3999       1.65806198E+01
3897.8000       1.68633842E+01
3899.2000       1.70309772E+01
3900.6001       1.70301819E+01
3902.0000       1.69841156E+01
3903.3999       1.69650517E+01
3904.8000       1.69412231E+01
3906.2000       1.68784752E+01
3907.6001       1.69880867E+01
3909.0000       1.70587769E+01
3910.3999       1.69555206E+01
3911.8000       1.70834007E+01
3913.2000       1.70778389E+01
3914.6001       1.70476570E+01
3916.0000       1.69761715E+01
3917.3999       1.68594131E+01
3918.8000       1.69722004E+01
3920.2000       1.69007149E+01
3921.6001       1.67347107E+01
3923.0000       1.68165207E+01
3924.3999       1.68752975E+01
3925.8000       1.67736301E+01
3927.2000       1.68014297E+01
3928.6001       1.68562355E+01
3930.0000       1.67633038E+01
3931.3999       1.65965042E+01
3932.8000       1.65099297E+01
3934.2000       1.66687851E+01
3935.6001       1.67617149E+01
3937.0000       1.67466240E+01
3938.3999       1.69015083E+01
3939.8000       1.68300247E+01
3941.2000       1.67704525E+01
3942.6001       1.67831612E+01
3944.0000       1.67625103E+01
3945.3999       1.66981735E+01
3946.8000       1.67140579E+01
3948.2000       1.67934875E+01
3949.6001       1.68371735E+01
3951.0000       1.67958698E+01
3952.3999       1.66902313E+01
3953.8000       1.66965847E+01
3955.2000       1.68379669E+01
3956.6001       1.67434464E+01
3958.0000       1.66481323E+01
3959.3999       1.66703739E+01
3960.8000       1.65504379E+01
3962.2000       1.63542500E+01
3963.6001       1.62422562E+01
3965.0000       1.61040497E+01
3966.3999       1.58840351E+01
3967.8000       1.56473389E+01
3969.2000       1.55655279E+01
3970.6001       1.56147738E+01
3972.0000       1.57116756E+01
3973.3999       1.59070692E+01
3974.8000       1.61350288E+01
3976.2000       1.62652893E+01
3977.6001       1.63359814E+01
3979.0000       1.64241467E+01
3980.3999       1.65313740E+01
3981.8000       1.65798264E+01
3983.2000       1.65456715E+01
3984.6001       1.65051632E+01
3986.0000       1.65345516E+01
3987.3999       1.66155682E+01
3988.8000       1.66282768E+01
3990.2000       1.66362190E+01
3991.6001       1.67275620E+01
3993.0000       1.67513905E+01
3994.3999       1.66417789E+01
3995.8000       1.66052418E+01
3997.2000       1.65965042E+01
3998.6001       1.64964256E+01
4000.0000       1.65043678E+01
4001.3999       1.65297852E+01
4002.8000       1.65242252E+01
4004.2000       1.64916611E+01
4005.6001       1.65250206E+01
4007.0000       1.65448761E+01
4008.3999       1.64193802E+01
4009.8000       1.63208885E+01
4011.2000       1.63677521E+01
4012.6001       1.64312935E+01
4014.0000       1.65011902E+01
4015.3999       1.65814133E+01
4016.8000       1.65782356E+01
4018.2000       1.65043678E+01
4019.6001       1.64582996E+01
4021.0000       1.64765682E+01
4022.3999       1.63304214E+01
4023.8000       1.61366158E+01
4025.2000       1.59444008E+01
4026.6001       1.58808575E+01
4028.0000       1.60770454E+01
4029.3999       1.62637024E+01
4030.8000       1.63455124E+01
4032.2000       1.64185867E+01
4033.6001       1.64884834E+01
4035.0000       1.64058781E+01
4036.3999       1.63852272E+01
4037.8000       1.64042892E+01
4039.2000       1.64551239E+01
4040.6001       1.63685455E+01
4042.0000       1.62779980E+01
4043.3999       1.63050041E+01
4044.8000       1.63931694E+01
4046.2000       1.64654484E+01
4047.6001       1.64098492E+01
4049.0000       1.63677521E+01
4050.3999       1.63685455E+01
4051.8000       1.63153305E+01
4053.2000       1.63780785E+01
4054.6001       1.63566322E+01
4056.0000       1.62335186E+01
4057.3999       1.62557583E+01
4058.8000       1.62684669E+01
4060.2000       1.62819710E+01
4061.6001       1.63065929E+01
4063.0000       1.62470207E+01
4064.3999       1.62922955E+01
4065.8000       1.63145351E+01
4067.2000       1.61731529E+01
4068.6001       1.60238285E+01
4070.0000       1.59714060E+01
4071.3999       1.60969028E+01
4072.8000       1.61342335E+01
4074.2000       1.60079422E+01
4075.6001       1.60667191E+01
4077.0000       1.62517872E+01
4078.3999       1.63177128E+01
4079.8000       1.62597313E+01
4081.2000       1.61715660E+01
4082.6001       1.61556778E+01
4084.0000       1.61477356E+01
4085.3999       1.60555992E+01
4086.8000       1.60039711E+01
4088.2000       1.59992056E+01
4089.6001       1.59833202E+01
4091.0000       1.59189835E+01
4092.3999       1.58411436E+01
4093.8000       1.58316126E+01
4095.2000       1.58490868E+01
4096.6001       1.57196188E+01
4098.0000       1.55647335E+01
4099.3999       1.53812551E+01
4100.7998       1.52231932E+01
4102.2002       1.52676725E+01
4103.6001       1.53558378E+01
4105.0000       1.55083399E+01
4106.3999       1.56719618E+01
4107.7998       1.57569504E+01
4109.2002       1.59412231E+01
4110.6001       1.59253378E+01
4112.0000       1.58927717E+01
4113.3999       1.60325661E+01
4114.7998       1.59944401E+01
4116.2002       1.58697376E+01
4117.6001       1.59078636E+01
4119.0000       1.60063553E+01
4120.3999       1.59745827E+01
4121.7998       1.59412231E+01
4123.2002       1.59936457E+01
4124.6001       1.61382046E+01
4126.0000       1.61270847E+01
4127.3999       1.60921364E+01
4128.7998       1.60889587E+01
4130.2002       1.60841942E+01
4131.6001       1.60802231E+01
4133.0000       1.61008739E+01
4134.3999       1.60794277E+01
4135.7998       1.60270061E+01
4137.2002       1.59205723E+01
4138.6001       1.59555206E+01
4140.0000       1.59690228E+01
4141.3999       1.58443213E+01
4142.7998       1.57315331E+01
4144.2002       1.57045269E+01
4145.6001       1.57926922E+01
4147.0000       1.59023037E+01
4148.3999       1.58943605E+01
4149.7998       1.59539318E+01
4151.2002       1.60000000E+01
4152.6001       1.59642572E+01
4154.0000       1.59610806E+01
4155.3999       1.58578234E+01
4156.7998       1.57593327E+01
4158.2002       1.58014297E+01
4159.6001       1.58673553E+01
4161.0000       1.59134235E+01
4162.3999       1.59547262E+01
4163.7998       1.59523430E+01
4165.2002       1.59579029E+01
4166.6001       1.59920578E+01
4168.0000       1.59444008E+01
4169.3999       1.58562355E+01
4170.7998       1.58363781E+01
4172.2002       1.59038925E+01
4173.6001       1.59420176E+01
4175.0000       1.58951550E+01
4176.3999       1.58816519E+01
4177.7998       1.58824463E+01
4179.2002       1.58911839E+01
4180.6001       1.58768864E+01
4182.0000       1.58061953E+01
4183.3999       1.57934875E+01
4184.7998       1.58363781E+01
4186.2002       1.57934875E+01
4187.6001       1.56799049E+01
4189.0000       1.57410641E+01
4190.3999       1.58498802E+01
4191.7998       1.58800640E+01
4193.2002       1.58737087E+01
4194.6001       1.58649721E+01
4196.0000       1.58292294E+01
4197.3999       1.57498016E+01
4198.7998       1.57680702E+01
4200.2002       1.57799845E+01
4201.6001       1.57839556E+01
4203.0000       1.58395557E+01
4204.3999       1.58522635E+01
4205.7998       1.58300238E+01
4207.2002       1.58641777E+01
4208.6001       1.58776808E+01
4210.0000       1.58189039E+01
4211.3999       1.57315331E+01
4212.7998       1.57180300E+01
4214.2002       1.57911043E+01
4215.6001       1.58411436E+01
4217.0000       1.58347893E+01
4218.3999       1.58061953E+01
4219.7998       1.57720413E+01
4221.2002       1.57339153E+01
4222.6001       1.57370930E+01
4224.0000       1.58419380E+01
4225.3999       1.59229546E+01
4226.7998       1.58427324E+01
4228.2002       1.57728357E+01
4229.6001       1.57251787E+01
4231.0000       1.56544876E+01
4232.3999       1.56203337E+01
4233.7998       1.57045269E+01
4235.2002       1.57513905E+01
4236.6001       1.57434473E+01
4238.0000       1.57037334E+01
4239.3999       1.57061157E+01
4240.7998       1.56957903E+01
4242.2002       1.56989670E+01
4243.6001       1.57505960E+01
4245.0000       1.57426529E+01
4246.3999       1.57220020E+01
4247.7998       1.57108822E+01
4249.2002       1.56640186E+01
4250.6001       1.56608419E+01
4252.0000       1.57108822E+01
4253.3999       1.57204132E+01
4254.7998       1.56806984E+01
4256.2002       1.56568708E+01
4257.6001       1.56576653E+01
4259.0000       1.56751394E+01
4260.3999       1.56679907E+01
4261.7998       1.56393967E+01
4263.2002       1.56409855E+01
4264.6001       1.56640186E+01
4266.0000       1.56791105E+01
4267.3999       1.56711674E+01
4268.7998       1.56965847E+01
4270.2002       1.57243843E+01
4271.6001       1.56767273E+01
4273.0000       1.56052418E+01
4274.3999       1.55035744E+01
4275.7998       1.54440031E+01
4277.2002       1.54789515E+01
4278.6001       1.55401115E+01
4280.0000       1.56290703E+01
4281.3999       1.56759338E+01
4282.7998       1.56266880E+01
4284.2002       1.56068306E+01
4285.6001       1.56044483E+01
4287.0000       1.55972996E+01
4288.3999       1.56290703E+01
4289.7998       1.56417789E+01
4291.2002       1.55806198E+01
4292.6001       1.55496426E+01
4294.0000       1.55917397E+01
4295.3999       1.57100878E+01
4296.7998       1.57347107E+01
4298.2002       1.56926136E+01
4299.6001       1.56695786E+01
4301.0000       1.55782366E+01
4302.3999       1.55305796E+01
4303.7998       1.55512314E+01
4305.2002       1.55647335E+01
4306.6001       1.55615568E+01
4308.0000       1.55806198E+01
4309.3999       1.56179504E+01
4310.7998       1.56536932E+01
4312.2002       1.56386023E+01
4313.6001       1.55845909E+01
4315.0000       1.55488482E+01
4316.3999       1.55226374E+01
4317.7998       1.55281973E+01
4319.2002       1.55321684E+01
4320.6001       1.55123119E+01
4322.0000       1.54845114E+01
4323.3999       1.55075455E+01
4324.7998       1.56743450E+01
4326.2002       1.56211281E+01
4327.6001       1.54884834E+01
4329.0000       1.54575062E+01
4330.3999       1.54027004E+01
4331.7998       1.53693409E+01
4333.2002       1.53931694E+01
4334.6001       1.53796663E+01
4336.0000       1.52907066E+01
4337.3999       1.51127882E+01
4338.7998       1.49388409E+01
4340.2002       1.48046074E+01
4341.6001       1.47331219E+01
4343.0000       1.48387604E+01
4344.3999       1.50127087E+01
4345.7998       1.51382046E+01
4347.2002       1.52287531E+01
4348.6001       1.52565527E+01
4350.0000       1.52835579E+01
4351.3999       1.52851467E+01
4352.7998       1.52795868E+01
4354.2002       1.53852262E+01
4355.6001       1.54567118E+01
4357.0000       1.54328833E+01
4358.3999       1.54352665E+01
4359.7998       1.54694204E+01
4361.2002       1.55027800E+01
4362.6001       1.54861002E+01
4364.0000       1.54670372E+01
4365.3999       1.55003967E+01
4366.7998       1.54773636E+01
4368.2002       1.54082603E+01
4369.6001       1.54090548E+01
4371.0000       1.54670372E+01
4372.3999       1.55226374E+01
4373.7998       1.54749804E+01
4375.2002       1.54209690E+01
4376.6001       1.54861002E+01
4378.0000       1.54567118E+01
4379.3999       1.54376488E+01
4380.7998       1.54463863E+01
4382.2002       1.53907862E+01
4383.6001       1.54066715E+01
4385.0000       1.54058781E+01
4386.3999       1.53042097E+01
4387.7998       1.51818905E+01
4389.2002       1.51088161E+01
4390.6001       1.52287531E+01
4392.0000       1.54209690E+01
4393.3999       1.55154886E+01
4394.7998       1.55107231E+01
4396.2002       1.54503574E+01
4397.6001       1.54551229E+01
4399.0000       1.55059566E+01
4400.3999       1.54519463E+01
4401.7998       1.54050837E+01
4403.2002       1.54090548E+01
4404.6001       1.54146147E+01
4406.0000       1.53693409E+01
4407.3999       1.53320093E+01
4408.7998       1.54058781E+01
4410.2002       1.54265289E+01
4411.6001       1.53804607E+01
4413.0000       1.53772831E+01
4414.3999       1.53034153E+01
4415.7998       1.52557583E+01
4417.2002       1.52613182E+01
4418.6001       1.52930899E+01
4420.0000       1.53907862E+01
4421.3999       1.53455124E+01
4422.7998       1.52915010E+01
4424.2002       1.52827644E+01
4425.6001       1.52247820E+01
4427.0000       1.52200155E+01
4428.3999       1.52533760E+01
4429.7998       1.52597303E+01
4431.2002       1.52303410E+01
4432.6001       1.51961880E+01
4434.0000       1.52430496E+01
4435.3999       1.53200951E+01
4436.7998       1.53224783E+01
4438.2002       1.52907066E+01
4439.6001       1.52907066E+01
4441.0000       1.53550434E+01
4442.3999       1.53613977E+01
4443.7998       1.52827644E+01
4445.2002       1.52494049E+01
4446.6001       1.52073078E+01
4448.0000       1.52303410E+01
4449.3999       1.53375692E+01
4450.7998       1.53685465E+01
4452.2002       1.53169184E+01
4453.6001       1.52708502E+01
4455.0000       1.53447180E+01
4456.3999       1.53923750E+01
4457.7998       1.52565527E+01
4459.2002       1.52414618E+01
4460.6001       1.53550434E+01
4462.0000       1.53399525E+01
4463.3999       1.52803812E+01
4464.7998       1.51906281E+01
4466.2002       1.51151705E+01
4467.6001       1.50754566E+01
4469.0000       1.49531374E+01
4470.3999       1.48101673E+01
4471.7998       1.48006353E+01
4473.2002       1.49086580E+01
4474.6001       1.50317707E+01
4476.0000       1.51278791E+01
4477.3999       1.51842728E+01
4478.7998       1.52136612E+01
4480.2002       1.51930103E+01
4481.6001       1.51747417E+01
4483.0000       1.52192211E+01
4484.3999       1.52446384E+01
4485.7998       1.52088957E+01
4487.2002       1.51572676E+01
4488.6001       1.52081013E+01
4490.0000       1.52311363E+01
4491.3999       1.52374897E+01
4492.7998       1.52446384E+01
4494.2002       1.52382841E+01
4495.6001       1.52311363E+01
4497.0000       1.52533760E+01
4498.3999       1.52025414E+01
4499.7998       1.51810961E+01
4501.2002       1.52319298E+01
4502.6001       1.52486095E+01
4504.0000       1.51127882E+01
4505.3999       1.50818110E+01
4506.7998       1.52049246E+01
4508.2002       1.52740269E+01
4509.6001       1.52208099E+01
4511.0000       1.51755362E+01
4512.3999       1.51080227E+01
4513.7998       1.50619545E+01
4515.2002       1.51127882E+01
4516.6001       1.51540909E+01
4518.0000       1.51803017E+01
4519.3999       1.51906281E+01
4520.7998       1.52168388E+01
4522.2002       1.52160444E+01
4523.6001       1.51389990E+01
4525.0000       1.50921364E+01
4526.3999       1.50945196E+01
4527.7998       1.51286736E+01
4529.2002       1.51604443E+01
4530.6001       1.51485310E+01
4532.0000       1.50873709E+01
4533.3999       1.50587769E+01
4534.7998       1.51008739E+01
4536.2002       1.51143761E+01
4537.6001       1.51175537E+01
4539.0000       1.51096106E+01
4540.3999       1.50810165E+01
4541.7998       1.51223192E+01
4543.2002       1.52009535E+01
4544.6001       1.52033358E+01
4546.0000       1.51771250E+01
4547.3999       1.51254959E+01
4548.7998       1.50420971E+01
4550.2002       1.50158854E+01
4551.6001       1.50627480E+01
4553.0000       1.51366158E+01
4554.3999       1.51763306E+01
4555.7998       1.51660051E+01
4557.2002       1.51286736E+01
4558.6001       1.51818905E+01
4560.0000       1.52279587E+01
4561.3999       1.51104050E+01
4562.7998       1.50881653E+01
4564.2002       1.51286736E+01
4565.6001       1.50619545E+01
4567.0000       1.49729939E+01
4568.3999       1.49714060E+01
4569.7998       1.49475775E+01
4571.2002       1.49825258E+01
4572.6001       1.50516281E+01
4574.0000       1.50691023E+01
4575.3999       1.50309772E+01
4576.7998       1.50651312E+01
4578.2002       1.50619545E+01
4579.6001       1.50548058E+01
4581.0000       1.51183481E+01
4582.3999       1.51342335E+01
4583.7998       1.50905476E+01
4585.2002       1.50675144E+01
4586.6001       1.50587769E+01
4588.0000       1.50468626E+01
4589.3999       1.49992056E+01
4590.7998       1.50317707E+01
4592.2002       1.50714855E+01
4593.6001       1.50190630E+01
4595.0000       1.49714060E+01
4596.3999       1.49833202E+01
4597.7998       1.50142975E+01
4599.2002       1.50397139E+01
4600.6001       1.50730743E+01
4602.0000       1.51159649E+01
4603.3999       1.50611591E+01
4604.7998       1.50039711E+01
4606.2002       1.50135031E+01
4607.6001       1.50182686E+01
4609.0000       1.49976177E+01
4610.3999       1.49467831E+01
4611.7998       1.49237490E+01
4613.2002       1.49872913E+01
4614.6001       1.50293884E+01
4616.0000       1.49698172E+01
4617.3999       1.49189835E+01
4618.7998       1.50206509E+01
4620.2002       1.50976963E+01
4621.6001       1.50833998E+01
4623.0000       1.50103254E+01
4624.3999       1.49499607E+01
4625.7998       1.50007944E+01
4627.2002       1.49674339E+01
4628.6001       1.49062748E+01
4630.0000       1.48760920E+01
4631.3999       1.48808575E+01
4632.7998       1.49650517E+01
4634.2002       1.49857025E+01
4635.6001       1.49650517E+01
4637.0000       1.49189835E+01
4638.3999       1.48649721E+01
4639.7998       1.48570290E+01
4641.2002       1.48387604E+01
4642.6001       1.48721209E+01
4644.0000       1.49046860E+01
4645.3999       1.48776808E+01
4646.7998       1.48443203E+01
4648.2002       1.47561560E+01
4649.6001       1.47450352E+01
4651.0000       1.48204918E+01
4652.3999       1.48594122E+01
4653.7998       1.49404287E+01
4655.2002       1.50103254E+01
4656.6001       1.49872913E+01
4658.0000       1.49030972E+01
4659.3999       1.48943605E+01
4660.7998       1.49722004E+01
4662.2002       1.49888802E+01
4663.6001       1.49142170E+01
4665.0000       1.48808575E+01
4666.3999       1.49547262E+01
4667.7998       1.50540113E+01
4669.2002       1.50452738E+01
4670.6001       1.50770454E+01
4672.0000       1.50754566E+01
4673.3999       1.49483719E+01
4674.7998       1.49555206E+01
4676.2002       1.49173946E+01
4677.6001       1.49142170E+01
4679.0000       1.49277210E+01
4680.3999       1.48856239E+01
4681.7998       1.48546467E+01
4683.2002       1.47934875E+01
4684.6001       1.47529783E+01
4686.0000       1.47966642E+01
4687.3999       1.48689442E+01
4688.7998       1.49181890E+01
4690.2002       1.49110403E+01
4691.6001       1.48681488E+01
4693.0000       1.48641777E+01
4694.3999       1.48832407E+01
4695.7998       1.48975372E+01
4697.2002       1.49221601E+01
4698.6001       1.49245434E+01
4700.0000       1.49023037E+01
4701.3999       1.49070692E+01
4702.7998       1.49467831E+01
4704.2002       1.49007149E+01
4705.6001       1.48729153E+01
4707.0000       1.48347893E+01
4708.3999       1.48006353E+01
4709.7998       1.48355837E+01
4711.2002       1.48522644E+01
4712.6001       1.48284349E+01
4714.0000       1.48490868E+01
4715.3999       1.49038925E+01
4716.7998       1.48768864E+01
4718.2002       1.47768068E+01
4719.6001       1.48451157E+01
4721.0000       1.48784752E+01
4722.3999       1.48506756E+01
4723.7998       1.48625889E+01
4725.2002       1.48276405E+01
4726.6001       1.48101673E+01
4728.0000       1.48220806E+01
4729.3999       1.48594122E+01
4730.7998       1.48745041E+01
4732.2002       1.48292294E+01
4733.6001       1.48141384E+01
4735.0000       1.47974586E+01
4736.3999       1.47728357E+01
4737.7998       1.48069897E+01
4739.2002       1.48435268E+01
4740.6001       1.48347893E+01
4742.0000       1.48133440E+01
4743.3999       1.47950754E+01
4744.7998       1.48022242E+01
4746.2002       1.47982521E+01
4747.6001       1.47513905E+01
4749.0000       1.47410641E+01
4750.3999       1.47728357E+01
4751.7998       1.48014297E+01
4753.2002       1.47926922E+01
4754.6001       1.47839556E+01
4756.0000       1.47688637E+01
4757.3999       1.47466240E+01
4758.7998       1.47593327E+01
4760.2002       1.47513905E+01
4761.6001       1.47474184E+01
4763.0000       1.47712469E+01
4764.3999       1.47458305E+01
4765.7998       1.47180300E+01
4767.2002       1.47267666E+01
4768.6001       1.47529783E+01
4770.0000       1.47966642E+01
4771.3999       1.48117552E+01
4772.7998       1.48006353E+01
4774.2002       1.47664814E+01
4775.6001       1.47410641E+01
4777.0000       1.47474184E+01
4778.3999       1.47609215E+01
4779.7998       1.47807789E+01
4781.2002       1.48117552E+01
4782.6001       1.47831612E+01
4784.0000       1.47760124E+01
4785.3999       1.47791901E+01
4786.7998       1.48141384E+01
4788.2002       1.48443203E+01
4789.6001       1.48395557E+01
4791.0000       1.48284349E+01
4792.3999       1.48165207E+01
4793.7998       1.48339958E+01
4795.2002       1.47958698E+01
4796.6001       1.48220806E+01
4798.0000       1.48085785E+01
4799.3999       1.47633038E+01
4800.7998       1.48014297E+01
4802.2002       1.47776012E+01
4803.6001       1.47156467E+01
4805.0000       1.47347107E+01
4806.3999       1.47712469E+01
4807.7998       1.47783957E+01
4809.2002       1.46870537E+01
4810.6001       1.46799049E+01
4812.0000       1.47132645E+01
4813.3999       1.46521053E+01
4814.7998       1.45933285E+01
4816.2002       1.46687851E+01
4817.6001       1.47355042E+01
4819.0000       1.47005558E+01
4820.3999       1.46378078E+01
4821.7998       1.46822872E+01
4823.2002       1.47513905E+01
4824.6001       1.47791901E+01
4826.0000       1.47855434E+01
4827.3999       1.47140589E+01
4828.7998       1.46258936E+01
4830.2002       1.46513100E+01
4831.6001       1.47029390E+01
4833.0000       1.47720413E+01
4834.3999       1.48204918E+01
4835.7998       1.48006353E+01
4837.2002       1.47752190E+01
4838.6001       1.47275620E+01
4840.0000       1.46910248E+01
4841.3999       1.46814938E+01
4842.7998       1.46949959E+01
4844.2002       1.47013502E+01
4845.6001       1.47013502E+01
4847.0000       1.46981735E+01
4848.3999       1.46679907E+01
4849.7998       1.46378078E+01
4851.2002       1.46060371E+01
4852.6001       1.45496426E+01
4854.0000       1.45242252E+01
4855.3999       1.44964256E+01
4856.7998       1.44305000E+01
4858.2002       1.43312149E+01
4859.6001       1.42517872E+01
4861.0000       1.42629070E+01
4862.3999       1.43455124E+01
4863.7998       1.44519463E+01
4865.2002       1.45210485E+01
4866.6001       1.45337572E+01
4868.0000       1.45504370E+01
4869.3999       1.45695000E+01
4870.7998       1.45742655E+01
4872.2002       1.45837965E+01
4873.6001       1.45957108E+01
4875.0000       1.45949173E+01
4876.3999       1.45559969E+01
4877.7998       1.45528202E+01
4879.2002       1.45980940E+01
4880.6001       1.46330414E+01
4882.0000       1.46401901E+01
4883.3999       1.46123905E+01
4884.7998       1.45845909E+01
4886.2002       1.45734711E+01
4887.6001       1.46060371E+01
4889.0000       1.46544876E+01
4890.3999       1.46846704E+01
4891.7998       1.46799049E+01
4893.2002       1.46521053E+01
4894.6001       1.46338367E+01
4896.0000       1.46409855E+01
4897.3999       1.46409855E+01
4898.7998       1.46521053E+01
4900.2002       1.46624308E+01
4901.6001       1.46536932E+01
4903.0000       1.46497221E+01
4904.3999       1.46036539E+01
4905.7998       1.45782366E+01
4907.2002       1.45671167E+01
4908.6001       1.45965052E+01
4910.0000       1.45901508E+01
4911.3999       1.45877686E+01
4912.7998       1.46298656E+01
4914.2002       1.46314535E+01
4915.6001       1.46163616E+01
4917.0000       1.46115971E+01
4918.3999       1.45933285E+01
4919.7998       1.44908657E+01
4921.2002       1.43868151E+01
4922.6001       1.43828430E+01
4924.0000       1.44328833E+01
4925.3999       1.44868946E+01
4926.7998       1.45329628E+01
4928.2002       1.45830021E+01
4929.6001       1.46100082E+01
4931.0000       1.45972996E+01
4932.3999       1.45996819E+01
4933.7998       1.46163616E+01
4935.2002       1.46123905E+01
4936.6001       1.45917397E+01
4938.0000       1.45909452E+01
4939.3999       1.46171570E+01
4940.7998       1.46298656E+01
4942.2002       1.46179504E+01
4943.6001       1.45980940E+01
4945.0000       1.45996819E+01
4946.3999       1.46219225E+01
4947.7998       1.46298656E+01
4949.2002       1.46711674E+01
4950.6001       1.46378078E+01
4952.0000       1.46266880E+01
4953.3999       1.46203337E+01
4954.7998       1.46100082E+01
4956.2002       1.46131849E+01
4957.6001       1.46370134E+01
4959.0000       1.45623512E+01
4960.3999       1.45456715E+01
4961.7998       1.45512314E+01
4963.2002       1.45575848E+01
4964.6001       1.45488482E+01
4966.0000       1.45726767E+01
4967.3999       1.45750599E+01
4968.7998       1.45853853E+01
4970.2002       1.45782366E+01
4971.6001       1.45647335E+01
4973.0000       1.45567913E+01
4974.3999       1.45432882E+01
4975.7998       1.45313740E+01
4977.2002       1.45297852E+01
4978.6001       1.45599680E+01
4980.0000       1.46052418E+01
4981.3999       1.46076250E+01
4982.7998       1.45766487E+01
4984.2002       1.45504370E+01
4985.6001       1.45194597E+01
4987.0000       1.45035744E+01
4988.3999       1.45234318E+01
4989.7998       1.45671167E+01
4991.2002       1.46004763E+01
4992.6001       1.46060371E+01
4994.0000       1.45822086E+01
4995.3999       1.45536137E+01
4996.7998       1.45480537E+01
4998.2002       1.45448771E+01
4999.6001       1.45448771E+01
5001.0000       1.45361404E+01
5002.3999       1.45146942E+01
5003.7998       1.45051632E+01
5005.2002       1.44956312E+01
5006.6001       1.44972200E+01
5008.0000       1.45170765E+01
5009.3999       1.45297852E+01
5010.7998       1.45107231E+01
5012.2002       1.44853058E+01
5013.6001       1.44781570E+01
5015.0000       1.44662428E+01
5016.3999       1.44479752E+01
5017.7998       1.44511518E+01
5019.2002       1.44924545E+01
5020.6001       1.45258141E+01
5022.0000       1.44622717E+01
5023.3999       1.44710083E+01
5024.7998       1.44972200E+01
5026.2002       1.45194597E+01
5027.6001       1.45234318E+01
5029.0000       1.45067511E+01
5030.3999       1.44741859E+01
5031.7998       1.44670372E+01
5033.2002       1.44861002E+01
5034.6001       1.44916601E+01
5036.0000       1.44805403E+01
5037.3999       1.45289917E+01
5038.7998       1.45218430E+01
5040.2002       1.45154886E+01
5041.6001       1.44837170E+01
5043.0000       1.44432087E+01
5044.3999       1.44312944E+01
5045.7998       1.44384432E+01
5047.2002       1.43947582E+01
5048.6001       1.43804607E+01
5050.0000       1.44169979E+01
5051.3999       1.44463863E+01
5052.7998       1.44416199E+01
5054.2002       1.44114380E+01
5055.6001       1.44289112E+01
5057.0000       1.44559174E+01
5058.3999       1.44519463E+01
5059.7998       1.44559174E+01
5061.2002       1.44598885E+01
5062.6001       1.44598885E+01
5064.0000       1.44447975E+01
5065.3999       1.44241467E+01
5066.7998       1.44265289E+01
5068.2002       1.44511518E+01
5069.6001       1.44718027E+01
5071.0000       1.44694204E+01
5072.3999       1.44590950E+01
5073.7998       1.44575062E+01
5075.2002       1.44424152E+01
5076.6001       1.44217634E+01
5078.0000       1.44249401E+01
5079.3999       1.44320889E+01
5080.7998       1.43955517E+01
5082.2002       1.44106436E+01
5083.6001       1.44114380E+01
5085.0000       1.43963461E+01
5086.3999       1.43820496E+01
5087.7998       1.43868151E+01
5089.2002       1.43717232E+01
5090.6001       1.43693409E+01
5092.0000       1.44034948E+01
5093.3999       1.44217634E+01
5094.7998       1.44114380E+01
5096.2002       1.43749008E+01
5097.6001       1.44027004E+01
5099.0000       1.44066715E+01
5100.3999       1.44034948E+01
5101.7998       1.44122314E+01
5103.2002       1.44257345E+01
5104.6001       1.44185867E+01
5106.0000       1.44225578E+01
5107.3999       1.44146147E+01
5108.7998       1.43931694E+01
5110.2002       1.43788719E+01
5111.6001       1.44050837E+01
5113.0000       1.43987293E+01
5114.3999       1.43828430E+01
5115.7998       1.44098492E+01
5117.2002       1.44360600E+01
5118.6001       1.44217634E+01
5120.0000       1.43733120E+01
5121.3999       1.43788719E+01
5122.7998       1.44114380E+01
5124.2002       1.44058781E+01
5125.6001       1.43971405E+01
5127.0000       1.43836384E+01
5128.3999       1.43645744E+01
5129.7998       1.43518667E+01
5131.2002       1.43494835E+01
5132.6001       1.43415413E+01
5134.0000       1.43478947E+01
5135.3999       1.43685465E+01
5136.7998       1.43907862E+01
5138.2002       1.43852262E+01
5139.6001       1.44019070E+01
5141.0000       1.44090548E+01
5142.3999       1.43812551E+01
5143.7998       1.43105640E+01
5145.2002       1.43121529E+01
5146.6001       1.43177128E+01
5148.0000       1.43272438E+01
5149.3999       1.43502779E+01
5150.7998       1.44034948E+01
5152.2002       1.43447180E+01
5153.6001       1.43280382E+01
5155.0000       1.43375702E+01
5156.3999       1.43328037E+01
5157.7998       1.43113585E+01
5159.2002       1.42819700E+01
5160.6001       1.42915010E+01
5162.0000       1.43137417E+01
5163.3999       1.43280382E+01
5164.7998       1.43296261E+01
5166.2002       1.43391581E+01
5167.6001       1.43399525E+01
5169.0000       1.43256550E+01
5170.3999       1.43193016E+01
5171.7998       1.43264494E+01
5173.2002       1.43320093E+01
5174.6001       1.43272438E+01
5176.0000       1.43343925E+01
5177.3999       1.43471012E+01
5178.7998       1.43534546E+01
5180.2002       1.43471012E+01
5181.6001       1.43367748E+01
5183.0000       1.43240662E+01
5184.3999       1.43121529E+01
5185.7998       1.43097696E+01
5187.2002       1.43097696E+01
5188.6001       1.42915010E+01
5190.0000       1.42748213E+01
5191.3999       1.42899132E+01
5192.7998       1.43057985E+01
5194.2002       1.43050041E+01
5195.6001       1.43002377E+01
5197.0000       1.43042097E+01
5198.3999       1.42978554E+01
5199.7998       1.42891178E+01
5201.2002       1.42922955E+01
5202.6001       1.42867355E+01
5204.0000       1.42390785E+01
5205.3999       1.42390785E+01
5206.7998       1.42597294E+01
5208.2002       1.42795868E+01
5209.6001       1.42517872E+01
5211.0000       1.42652893E+01
5212.3999       1.42883244E+01
5213.7998       1.42875299E+01
5215.2002       1.42446384E+01
5216.6001       1.42684669E+01
5218.0000       1.42446384E+01
5219.3999       1.42621126E+01
5220.7998       1.42867355E+01
5222.2002       1.42827644E+01
5223.6001       1.43050041E+01
5225.0000       1.42851467E+01
5226.3999       1.42708492E+01
5227.7998       1.42668781E+01
5229.2002       1.42446384E+01
5230.6001       1.42652893E+01
5232.0000       1.42811756E+01
5233.3999       1.42684669E+01
5234.7998       1.42446384E+01
5236.2002       1.42684669E+01
5237.6001       1.42779980E+01
5239.0000       1.42644958E+01
5240.3999       1.42700558E+01
5241.7998       1.42859411E+01
5243.2002       1.42843533E+01
5244.6001       1.42668781E+01
5246.0000       1.42565527E+01
5247.3999       1.42565527E+01
5248.7998       1.42366962E+01
5250.2002       1.42176332E+01
5251.6001       1.42208099E+01
5253.0000       1.42168388E+01
5254.3999       1.42096901E+01
5255.7998       1.42200165E+01
5257.2002       1.42366962E+01
5258.6001       1.42382841E+01
5260.0000       1.42494049E+01
5261.3999       1.42406673E+01
5262.7998       1.42390785E+01
5264.2002       1.42446384E+01
5265.6001       1.41898327E+01
5267.0000       1.41739473E+01
5268.3999       1.41818905E+01
5269.7998       1.42009535E+01
5271.2002       1.42176332E+01
5272.6001       1.42073078E+01
5274.0000       1.41945992E+01
5275.3999       1.41938047E+01
5276.7998       1.41993647E+01
5278.2002       1.42096901E+01
5279.6001       1.42033358E+01
5281.0000       1.41985703E+01
5282.3999       1.42009535E+01
5283.7998       1.42025414E+01
5285.2002       1.42088957E+01
5286.6001       1.42088957E+01
5288.0000       1.42088957E+01
5289.3999       1.41985703E+01
5290.7998       1.41930103E+01
5292.2002       1.41985703E+01
5293.6001       1.42120733E+01
5295.0000       1.42319298E+01
5296.3999       1.42700558E+01
5297.7998       1.42867355E+01
5299.2002       1.42764101E+01
5300.6001       1.42533760E+01
5302.0000       1.42271643E+01
5303.3999       1.42001591E+01
5304.7998       1.41953926E+01
5306.2002       1.42025414E+01
5307.6001       1.41866560E+01
5309.0000       1.41747417E+01
5310.3999       1.41874504E+01
5311.7998       1.41953926E+01
5313.2002       1.41803017E+01
5314.6001       1.41747417E+01
5316.0000       1.41898327E+01
5317.3999       1.41898327E+01
5318.7998       1.41818905E+01
5320.2002       1.41834793E+01
5321.6001       1.41961880E+01
5323.0000       1.42088957E+01
5324.3999       1.42255764E+01
5325.7998       1.42327242E+01
5327.2002       1.42112789E+01
5328.6001       1.41699762E+01
5330.0000       1.41993647E+01
5331.3999       1.42136612E+01
5332.7998       1.42104845E+01
5334.2002       1.41985703E+01
5335.6001       1.41739473E+01
5337.0000       1.41683874E+01
5338.3999       1.41699762E+01
5339.7998       1.41842728E+01
5341.2002       1.42049246E+01
5342.6001       1.42009535E+01
5344.0000       1.41961880E+01
5345.3999       1.41890392E+01
5346.7998       1.41977758E+01
5348.2002       1.41969814E+01
5349.6001       1.41898327E+01
5351.0000       1.41755362E+01
5352.3999       1.41787128E+01
5353.7998       1.41771250E+01
5355.2002       1.41747417E+01
5356.6001       1.41731529E+01
5358.0000       1.41636219E+01
5359.3999       1.41874504E+01
5360.7998       1.42025414E+01
5362.2002       1.41993647E+01
5363.6001       1.41898327E+01
5365.0000       1.41421766E+01
5366.3999       1.41421766E+01
5367.7998       1.41564732E+01
5369.2002       1.41437645E+01
5370.6001       1.41477365E+01
5372.0000       1.41421766E+01
5373.3999       1.41270847E+01
5374.7998       1.41254959E+01
5376.2002       1.41151705E+01
5377.6001       1.41143761E+01
5379.0000       1.41207314E+01
5380.3999       1.41167593E+01
5381.7998       1.41262913E+01
5383.2002       1.41135826E+01
5384.6001       1.40984907E+01
5386.0000       1.41262913E+01
5387.3999       1.41215248E+01
5388.7998       1.41111994E+01
5390.2002       1.41104050E+01
5391.6001       1.41151705E+01
5393.0000       1.41175537E+01
5394.3999       1.41175537E+01
5395.7998       1.41088161E+01
5397.2002       1.41127882E+01
5398.6001       1.41397934E+01
5400.0000       1.41461477E+01
5401.3999       1.41239080E+01
5402.7998       1.41175537E+01
5404.2002       1.41223192E+01
5405.6001       1.41326447E+01
5407.0000       1.41278791E+01
5408.3999       1.41056395E+01
5409.7998       1.40802221E+01
5411.2002       1.40762510E+01
5412.6001       1.40953140E+01
5414.0000       1.40683079E+01
5415.3999       1.40810165E+01
5416.7998       1.40992851E+01
5418.2002       1.41104050E+01
5419.6001       1.41286736E+01
5421.0000       1.41048450E+01
5422.3999       1.41016674E+01
5423.7998       1.41191425E+01
5425.2002       1.41056395E+01
5426.6001       1.40841942E+01
5428.0000       1.40849876E+01
5429.3999       1.40969028E+01
5430.7998       1.41056395E+01
5432.2002       1.40889597E+01
5433.6001       1.40794277E+01
5435.0000       1.40826054E+01
5436.3999       1.40706911E+01
5437.7998       1.40738678E+01
5439.2002       1.40921364E+01
5440.6001       1.40929308E+01
5442.0000       1.40857830E+01
5443.3999       1.40833998E+01
5444.7998       1.40778399E+01
5446.2002       1.40587769E+01
5447.6001       1.40349483E+01
5449.0000       1.40349483E+01
5450.3999       1.40571880E+01
5451.7998       1.40540113E+01
5453.2002       1.40524225E+01
5454.6001       1.40468626E+01
5456.0000       1.40413027E+01
5457.3999       1.40484514E+01
5458.7998       1.40698967E+01
5460.2002       1.40762510E+01
5461.6001       1.40857830E+01
5463.0000       1.40921364E+01
5464.3999       1.40762510E+01
5465.7998       1.40516281E+01
5467.2002       1.40214453E+01
5468.6001       1.40476570E+01
5470.0000       1.40524225E+01
5471.3999       1.40492458E+01
5472.7998       1.40524225E+01
5474.2002       1.40698967E+01
5475.6001       1.40540113E+01
5477.0000       1.40381260E+01
5478.3999       1.40293884E+01
5479.7998       1.40166798E+01
5481.2002       1.40254173E+01
5482.6001       1.40325661E+01
5484.0000       1.40349483E+01
5485.3999       1.40119143E+01
5486.7998       1.40095310E+01
5488.2002       1.40150909E+01
5489.6001       1.40087376E+01
5491.0000       1.39952345E+01
5492.3999       1.40087376E+01
5493.7998       1.40214453E+01
5495.2002       1.40254173E+01
5496.6001       1.40460682E+01
5498.0000       1.40492458E+01
5499.3999       1.40563946E+01
5500.7998       1.40746622E+01
5502.2002       1.40738678E+01
5503.6001       1.40603657E+01
5505.0000       1.40357428E+01
5506.3999       1.40214453E+01
5507.7998       1.40198574E+01
5509.2002       1.40325661E+01
5510.6001       1.40452738E+01
5512.0000       1.40293884E+01
5513.3999       1.40150909E+01
5514.7998       1.40063543E+01
5516.2002       1.40079422E+01
5517.6001       1.40309772E+01
5519.0000       1.40444794E+01
5520.3999       1.40397139E+01
5521.7998       1.40182686E+01
5523.2002       1.39785547E+01
5524.6001       1.39864969E+01
5526.0000       1.40039711E+01
5527.3999       1.40246229E+01
5528.7998       1.40214453E+01
5530.2002       1.40174742E+01
5531.6001       1.40166798E+01
5533.0000       1.40142975E+01
5534.3999       1.39992056E+01
5535.7998       1.40103254E+01
5537.2002       1.40007944E+01
5538.6001       1.39793491E+01
5540.0000       1.39761715E+01
5541.3999       1.39777603E+01
5542.7998       1.39729948E+01
5544.2002       1.39698172E+01
5545.6001       1.39809370E+01
5547.0000       1.39825258E+01
5548.3999       1.39904690E+01
5549.7998       1.39960289E+01
5551.2002       1.39960289E+01
5552.6001       1.40047655E+01
5554.0000       1.40055599E+01
5555.3999       1.40000000E+01
5556.7998       1.39904690E+01
5558.2002       1.39777603E+01
5559.6001       1.39801426E+01
5561.0000       1.39841146E+01
5562.3999       1.39944401E+01
5563.7998       1.40103254E+01
5565.2002       1.40111198E+01
5566.6001       1.39968224E+01
5568.0000       1.39801426E+01
5569.3999       1.39817314E+01
5570.7998       1.40007944E+01
5572.2002       1.40182686E+01
5573.6001       1.40301828E+01
5575.0000       1.40214453E+01
5576.3999       1.40071487E+01
5577.7998       1.40103254E+01
5579.2002       1.40055599E+01
5580.6001       1.39984112E+01
5582.0000       1.39864969E+01
5583.3999       1.39666405E+01
5584.7998       1.39555206E+01
5586.2002       1.39602861E+01
5587.6001       1.39626684E+01
5589.0000       1.39618740E+01
5590.3999       1.39650517E+01
5591.7998       1.39737892E+01
5593.2002       1.39761715E+01
5594.6001       1.39928513E+01
5596.0000       1.39761715E+01
5597.3999       1.39555206E+01
5598.7998       1.39293089E+01
5600.2002       1.39221601E+01
5601.6001       1.39412231E+01
5603.0000       1.39515486E+01
5604.3999       1.39579029E+01
5605.7998       1.39594917E+01
5607.2002       1.39841146E+01
5608.6001       1.39722004E+01
5610.0000       1.39459887E+01
5611.3999       1.39396343E+01
5612.7998       1.39475775E+01
5614.2002       1.39499607E+01
5615.6001       1.39475775E+01
5617.0000       1.39356632E+01
5618.3999       1.39189835E+01
5619.7998       1.39277210E+01
5621.2002       1.39388409E+01
5622.6001       1.39404287E+01
5624.0000       1.39459887E+01
5625.3999       1.39324856E+01
5626.7998       1.39213657E+01
5628.2002       1.39293089E+01
5629.6001       1.39269257E+01
5631.0000       1.39150124E+01
5632.3999       1.39062748E+01
5633.7998       1.39102459E+01
5635.2002       1.39205723E+01
5636.6001       1.39436064E+01
5638.0000       1.39682293E+01
5639.3999       1.39523430E+01
5640.7998       1.39356632E+01
5642.2002       1.39301033E+01
5643.6001       1.39221601E+01
5645.0000       1.39308977E+01
5646.3999       1.39285145E+01
5647.7998       1.39229546E+01
5649.2002       1.39261322E+01
5650.6001       1.39189835E+01
5652.0000       1.39062748E+01
5653.3999       1.39038925E+01
5654.7998       1.39078636E+01
5656.2002       1.39110403E+01
5657.6001       1.39078636E+01
5659.0000       1.39038925E+01
5660.3999       1.39158058E+01
5661.7998       1.39388409E+01
5663.2002       1.39420176E+01
5664.6001       1.39221601E+01
5666.0000       1.38975372E+01
5667.3999       1.39007149E+01
5668.7998       1.39102459E+01
5670.2002       1.38975372E+01
5671.6001       1.38967438E+01
5673.0000       1.39062748E+01
5674.3999       1.39110403E+01
5675.7998       1.39142179E+01
5677.2002       1.39038925E+01
5678.6001       1.38967438E+01
5680.0000       1.38959494E+01
5681.3999       1.38895950E+01
5682.7998       1.38983326E+01
5684.2002       1.39126291E+01
5685.6001       1.39213657E+01
5687.0000       1.39062748E+01
5688.3999       1.39015093E+01
5689.7998       1.39094524E+01
5691.2002       1.39015093E+01
5692.6001       1.38943605E+01
5694.0000       1.39015093E+01
5695.3999       1.38919773E+01
5696.7998       1.38681488E+01
5698.2002       1.38617954E+01
5699.6001       1.38586178E+01
5701.0000       1.38625889E+01
5702.3999       1.38610010E+01
5703.7998       1.38546467E+01
5705.2002       1.38697376E+01
5706.6001       1.38888006E+01
5708.0000       1.38951550E+01
5709.3999       1.38935661E+01
5710.7998       1.38935661E+01
5712.2002       1.39054804E+01
5713.6001       1.38919773E+01
5715.0000       1.38625889E+01
5716.3999       1.38602066E+01
5717.7998       1.38602066E+01
5719.2002       1.38451157E+01
5720.6001       1.38490868E+01
5722.0000       1.38562355E+01
5723.3999       1.38665609E+01
5724.7998       1.38745041E+01
5726.2002       1.39134235E+01
5727.6001       1.38840351E+01
5729.0000       1.38562355E+01
5730.3999       1.38498812E+01
5731.7998       1.38546467E+01
5733.2002       1.38705320E+01
5734.6001       1.38617954E+01
5736.0000       1.38506756E+01
5737.3999       1.38554411E+01
5738.7998       1.38451157E+01
5740.2002       1.38347893E+01
5741.6001       1.38435268E+01
5743.0000       1.38514690E+01
5744.3999       1.38578234E+01
5745.7998       1.38538523E+01
5747.2002       1.38506756E+01
5748.6001       1.38586178E+01
5750.0000       1.38641777E+01
5751.3999       1.38625889E+01
5752.7998       1.38649721E+01
5754.2002       1.38689442E+01
5755.6001       1.38602066E+01
5757.0000       1.38419380E+01
5758.3999       1.38411436E+01
5759.7998       1.38451157E+01
5761.2002       1.38387604E+01
5762.6001       1.38459091E+01
5764.0000       1.38459091E+01
5765.3999       1.38371725E+01
5766.7998       1.38339958E+01
5768.2002       1.38411436E+01
5769.6001       1.38490868E+01
5771.0000       1.38419380E+01
5772.3999       1.38260527E+01
5773.7998       1.38371725E+01
5775.2002       1.38435268E+01
5776.6001       1.38260527E+01
5778.0000       1.38077841E+01
5779.3999       1.37733917E+01
5780.7998       1.37660046E+01
5782.2002       1.37698965E+01
5783.6001       1.37765684E+01
5785.0000       1.37918186E+01
5786.3999       1.37891979E+01
5787.7998       1.38109608E+01
5789.2002       1.38228750E+01
5790.6001       1.38308182E+01
5792.0000       1.38363781E+01
5793.3999       1.38276405E+01
5794.7998       1.38077841E+01
5796.2002       1.38046074E+01
5797.6001       1.38061953E+01
5799.0000       1.38093729E+01
5800.3999       1.37982521E+01
5801.7998       1.37888012E+01
5803.2002       1.37966642E+01
5804.6001       1.38085785E+01
5806.0000       1.38085785E+01
5807.3999       1.38173151E+01
5808.7998       1.38093729E+01
5810.2002       1.38038130E+01
5811.6001       1.38061953E+01
5813.0000       1.38085785E+01
5814.3999       1.38236694E+01
5815.7998       1.38228750E+01
5817.2002       1.38054008E+01
5818.6001       1.37982521E+01
5820.0000       1.38077841E+01
5821.3999       1.38236694E+01
5822.7998       1.38300238E+01
5824.2002       1.38284349E+01
5825.6001       1.38220806E+01
5827.0000       1.38077841E+01
5828.3999       1.38077841E+01
5829.7998       1.38276405E+01
5831.2002       1.38300238E+01
5832.6001       1.38173151E+01
5834.0000       1.38046074E+01
5835.3999       1.38054008E+01
5836.7998       1.38157272E+01
5838.2002       1.38363781E+01
5839.6001       1.38292294E+01
5841.0000       1.38141384E+01
5842.3999       1.37974586E+01
5843.7998       1.37789516E+01
5845.2002       1.37640190E+01
5846.6001       1.37735500E+01
5848.0000       1.37842731E+01
5849.3999       1.37939634E+01
5850.7998       1.37950754E+01
5852.2002       1.38133440E+01
5853.6001       1.37924538E+01
5855.0000       1.37760124E+01
5856.3999       1.37872124E+01
5857.7998       1.38157272E+01
5859.2002       1.38173151E+01
5860.6001       1.38149328E+01
5862.0000       1.37998409E+01
5863.3999       1.37966642E+01
5864.7998       1.38077841E+01
5866.2002       1.38220806E+01
5867.6001       1.38133440E+01
5869.0000       1.37938042E+01
5870.3999       1.37868147E+01
5871.7998       1.37704525E+01
5873.2002       1.37398729E+01
5874.6001       1.36899128E+01
5876.0000       1.36783953E+01
5877.3999       1.37166796E+01
5878.7998       1.37459888E+01
5880.2002       1.37536936E+01
5881.6001       1.37559967E+01
5883.0000       1.37508335E+01
5884.3999       1.37415409E+01
5885.7998       1.37291498E+01
5887.2002       1.36971407E+01
5888.6001       1.36775217E+01
5890.0000       1.36967430E+01
5891.3999       1.37137413E+01
5892.7998       1.37087374E+01
5894.2002       1.37081814E+01
5895.6001       1.37347097E+01
5897.0000       1.37511520E+01
5898.3999       1.37501192E+01
5899.7998       1.37632246E+01
5901.2002       1.37681494E+01
5902.6001       1.37611599E+01
5904.0000       1.37571888E+01
5905.3999       1.37851467E+01
5906.7998       1.37966642E+01
5908.2002       1.37810965E+01
5909.6001       1.37681494E+01
5911.0000       1.37671165E+01
5912.3999       1.37558384E+01
5913.7998       1.37675934E+01
5915.2002       1.37611599E+01
5916.6001       1.37594128E+01
5918.0000       1.37621126E+01
5919.3999       1.37608423E+01
5920.7998       1.37333603E+01
5922.2002       1.37218428E+01
5923.6001       1.37185860E+01
5925.0000       1.37110405E+01
5926.3999       1.37034149E+01
5927.7998       1.37241459E+01
5929.2002       1.37409058E+01
5930.6001       1.37386818E+01
5932.0000       1.37365370E+01
5933.3999       1.37496424E+01
5934.7998       1.37366962E+01
5936.2002       1.37436857E+01
5937.6001       1.37567911E+01
5939.0000       1.37505159E+01
5940.3999       1.37436066E+01
5941.7998       1.37177124E+01
5943.2002       1.37058773E+01
5944.6001       1.37081814E+01
5946.0000       1.37066717E+01
5947.3999       1.37197781E+01
5948.7998       1.37291498E+01
5950.2002       1.37200956E+01
5951.6001       1.37109613E+01
5953.0000       1.37191420E+01
5954.3999       1.37250195E+01
5955.7998       1.37294674E+01
5957.2002       1.37456713E+01
5958.6001       1.37625895E+01
5960.0000       1.37572680E+01
5961.3999       1.37447977E+01
5962.7998       1.37309771E+01
5964.2002       1.37178717E+01
5965.6001       1.37142181E+01
5967.0000       1.37142973E+01
5968.3999       1.37223196E+01
5969.7998       1.37239075E+01
5971.2002       1.37199364E+01
5972.6001       1.37191420E+01
5974.0000       1.37270050E+01
5975.3999       1.37425737E+01
5976.7998       1.37234316E+01
5978.2002       1.37124701E+01
5979.6001       1.37123909E+01
5981.0000       1.37218428E+01
5982.3999       1.37438440E+01
5983.7998       1.37333603E+01
5985.2002       1.37361393E+01
5986.6001       1.37216043E+01
5988.0000       1.37090549E+01
5989.3999       1.37218428E+01
5990.7998       1.37320099E+01
5992.2002       1.37466240E+01
5993.6001       1.37407465E+01
5995.0000       1.37311363E+01
5996.3999       1.37314539E+01
5997.7998       1.37298651E+01
5999.2002       1.37129469E+01
6000.6001       1.37073078E+01
6002.0000       1.37117558E+01
6003.3999       1.37133436E+01
6004.7998       1.37093725E+01
6006.2002       1.37007151E+01
6007.6001       1.36868944E+01
6009.0000       1.36757746E+01
6010.3999       1.36867352E+01
6011.7998       1.37066717E+01
6013.2002       1.37149324E+01
6014.6001       1.37102461E+01
6016.0000       1.37038918E+01
6017.3999       1.37099285E+01
6018.7998       1.37149324E+01
6020.2002       1.37147732E+01
6021.6001       1.37162828E+01
6023.0000       1.37151709E+01
6024.3999       1.37142181E+01
6025.7998       1.37146940E+01
6027.2002       1.37113581E+01
6028.6001       1.37015886E+01
6030.0000       1.36923752E+01
6031.3999       1.36910248E+01
6032.7998       1.36797457E+01
6034.2002       1.36973791E+01
6035.6001       1.36967430E+01
6037.0000       1.36962671E+01
6038.3999       1.37069101E+01
6039.7998       1.37011118E+01
6041.2002       1.36945992E+01
6042.6001       1.36976175E+01
6044.0000       1.37003174E+01
6045.3999       1.37061157E+01
6046.7998       1.37072277E+01
6048.2002       1.37123909E+01
6049.6001       1.37091341E+01
6051.0000       1.37291498E+01
6052.3999       1.37274027E+01
6053.7998       1.36983318E+01
6055.2002       1.36804609E+01
6056.6001       1.36805401E+01
6058.0000       1.36912632E+01
6059.3999       1.36942806E+01
6060.7998       1.36913424E+01
6062.2002       1.36941223E+01
6063.6001       1.36900711E+01
6065.0000       1.36856232E+01
6066.3999       1.36793489E+01
6067.7998       1.36703730E+01
6069.2002       1.36754570E+01
6070.6001       1.36807785E+01
6072.0000       1.36963463E+01
6073.3999       1.37052422E+01
6074.7998       1.36934872E+01
6076.2002       1.36821289E+01
6077.6001       1.36698170E+01
6079.0000       1.36817312E+01
6080.3999       1.36933279E+01
6081.7998       1.36875296E+01
6083.2002       1.36867352E+01
6084.6001       1.36931686E+01
6086.0000       1.36885624E+01
6087.3999       1.36907864E+01
6088.7998       1.37018270E+01
6090.2002       1.37102461E+01
6091.6001       1.37130260E+01
6093.0000       1.36972198E+01
6094.3999       1.36803818E+01
6095.7998       1.36734715E+01
6097.2002       1.36689434E+01
6098.6001       1.36633043E+01
6100.0000       1.36633835E+01
6101.3999       1.36765690E+01
6102.7998       1.36772041E+01
6104.2002       1.36629066E+01
6105.6001       1.36555996E+01
6107.0000       1.36535349E+01
6108.3999       1.36571083E+01
6109.7998       1.36627483E+01
6111.2002       1.36599684E+01
6112.6001       1.36641779E+01
6114.0000       1.36778393E+01
6115.3999       1.36725178E+01
6116.7998       1.36620331E+01
6118.2002       1.36745834E+01
6119.6001       1.36767273E+01
6121.0000       1.36648130E+01
6122.3999       1.36801434E+01
6123.7998       1.36895161E+01
6125.2002       1.36665611E+01
6126.6001       1.36502781E+01
6128.0000       1.36619539E+01
6129.3999       1.36520252E+01
6130.7998       1.36511517E+01
6132.2002       1.36528988E+01
6133.6001       1.36420975E+01
6135.0000       1.36301031E+01
6136.3999       1.36355839E+01
6137.7998       1.36582203E+01
6139.2002       1.36633835E+01
6140.6001       1.36617155E+01
6142.0000       1.36638603E+01
6143.3999       1.36606827E+01
6144.7998       1.36534548E+01
6146.2002       1.36427326E+01
6147.6001       1.36553612E+01
6149.0000       1.36688643E+01
6150.3999       1.36583796E+01
6151.7998       1.36509933E+01
6153.2002       1.36700554E+01
6154.6001       1.36801434E+01
6156.0000       1.36711674E+01
6157.3999       1.36583796E+01
6158.7998       1.36514692E+01
6160.2002       1.36619539E+01
6161.6001       1.36735506E+01
6163.0000       1.36675930E+01
6164.3999       1.36490870E+01
6165.7998       1.36399527E+01
6167.2002       1.36389198E+01
6168.6001       1.36226368E+01
6170.0000       1.36129465E+01
6171.3999       1.36157265E+01
6172.7998       1.36170769E+01
6174.2002       1.36281176E+01
6175.6001       1.36299448E+01
6177.0000       1.36432886E+01
6178.3999       1.36476574E+01
6179.7998       1.36428909E+01
6181.2002       1.36453533E+01
6182.6001       1.36425734E+01
6184.0000       1.36476574E+01
6185.3999       1.36348686E+01
6186.7998       1.36266079E+01
6188.2002       1.36328831E+01
6189.6001       1.36382847E+01
6191.0000       1.36328831E+01
6192.3999       1.36274033E+01
6193.7998       1.36331215E+01
6195.2002       1.36463861E+01
6196.6001       1.36575060E+01
6198.0000       1.36592531E+01
6199.3999       1.36478949E+01
6200.7998       1.36264496E+01
6202.2002       1.36154089E+01
6203.6001       1.36157265E+01
6205.0000       1.36227961E+01
6206.3999       1.36335182E+01
6207.7998       1.36363783E+01
6209.2002       1.36293888E+01
6210.6001       1.36265287E+01
6212.0000       1.36254168E+01
6213.3999       1.36228752E+01
6214.7998       1.36266880E+01
6216.2002       1.36283560E+01
6217.6001       1.36274033E+01
6219.0000       1.36312151E+01
6220.3999       1.36344719E+01
6221.7998       1.36285152E+01
6223.2002       1.36247025E+01
6224.6001       1.36246223E+01
6226.0000       1.36304207E+01
6227.3999       1.36459093E+01
6228.7998       1.36522636E+01
6230.2002       1.36265287E+01
6231.6001       1.36334391E+01
6233.0000       1.36467037E+01
6234.3999       1.36455917E+01
6235.7998       1.36343927E+01
6237.2002       1.36202545E+01
6238.6001       1.36066723E+01
6240.0000       1.36133442E+01
6241.3999       1.36254168E+01
6242.7998       1.36281967E+01
6244.2002       1.36243839E+01
6245.6001       1.36231928E+01
6247.0000       1.36253376E+01
6248.3999       1.36263704E+01
6249.7998       1.36354246E+01
6251.2002       1.36328831E+01
6252.6001       1.36158857E+01
6254.0000       1.36116762E+01
6255.3999       1.36281176E+01
6256.7998       1.36273232E+01
6258.2002       1.36077843E+01
6259.6001       1.35868149E+01
6261.0000       1.35632248E+01
6262.3999       1.35438442E+01
6263.7998       1.35431290E+01
6265.2002       1.35598888E+01
6266.6001       1.35770454E+01
6268.0000       1.35840349E+01
6269.3999       1.35822086E+01
6270.7998       1.35831614E+01
6272.2002       1.35938835E+01
6273.6001       1.36058779E+01
6275.0000       1.36017475E+01
6276.3999       1.35820494E+01
6277.7998       1.35643368E+01
6279.2002       1.35463066E+01
6280.6001       1.35417795E+01
6282.0000       1.35467834E+01
6283.3999       1.35398731E+01
6284.7998       1.35451155E+01
6286.2002       1.35602856E+01
6287.6001       1.35804605E+01
6289.0000       1.36010323E+01
6290.3999       1.36050835E+01
6291.7998       1.35908661E+01
6293.2002       1.36056395E+01
6294.6001       1.36063538E+01
6296.0000       1.35856237E+01
6297.3999       1.35729942E+01
6298.7998       1.35790310E+01
6300.2002       1.35827637E+01
6301.6001       1.35869741E+01
6303.0000       1.36003180E+01
6304.3999       1.35999203E+01
6305.7998       1.35845118E+01
6307.2002       1.35750599E+01
6308.6001       1.35705318E+01
6310.0000       1.35628281E+01
6311.3999       1.35667992E+01
6312.7998       1.35802221E+01
6314.2002       1.35827637E+01
6315.6001       1.35795870E+01
6317.0000       1.35857821E+01
6318.3999       1.35909452E+01
6319.7998       1.35857029E+01
6321.2002       1.35808582E+01
6322.6001       1.35801430E+01
6324.0000       1.35899124E+01
6325.3999       1.36011124E+01
6326.7998       1.36073074E+01
6328.2002       1.36042099E+01
6329.6001       1.35840349E+01
6331.0000       1.35780773E+01
6332.3999       1.35883236E+01
6333.7998       1.35961876E+01
6335.2002       1.35973787E+01
6336.6001       1.35993643E+01
6338.0000       1.35953140E+01
6339.3999       1.35931692E+01
6340.7998       1.35899925E+01
6342.2002       1.35767279E+01
6343.6001       1.35658455E+01
6345.0000       1.35667200E+01
6346.3999       1.35756159E+01
6347.7998       1.35780773E+01
6349.2002       1.35724382E+01
6350.6001       1.35772839E+01
6352.0000       1.35816517E+01
6353.3999       1.35741863E+01
6354.7998       1.35629072E+01
6356.2002       1.35636215E+01
6357.6001       1.35784750E+01
6359.0000       1.35865765E+01
6360.3999       1.35865765E+01
6361.7998       1.35934076E+01
6363.2002       1.35962667E+01
6364.6001       1.35821285E+01
6366.0000       1.35660839E+01
6367.3999       1.35648928E+01
6368.7998       1.35656872E+01
6370.2002       1.35618744E+01
6371.6001       1.35671167E+01
6373.0000       1.35714855E+01
6374.3999       1.35611591E+01
6375.7998       1.35534554E+01
6377.2002       1.35599680E+01
6378.6001       1.35531378E+01
6380.0000       1.35447979E+01
6381.3999       1.35538521E+01
6382.7998       1.35685463E+01
6384.2002       1.35656872E+01
6385.6001       1.35643368E+01
6387.0000       1.35620337E+01
6388.3999       1.35637016E+01
6389.7998       1.35679903E+01
6391.2002       1.35610800E+01
6392.6001       1.35664024E+01
6394.0000       1.35626688E+01
6395.3999       1.35605240E+01
6396.7998       1.35701351E+01
6398.2002       1.35752983E+01
6399.6001       1.35715647E+01
6401.0000       1.35752182E+01
6402.3999       1.35707703E+01
6403.7998       1.35660048E+01
6405.2002       1.35828438E+01
6406.6001       1.35852261E+01
6408.0000       1.35674343E+01
6409.3999       1.35456715E+01
6410.7998       1.35340748E+01
6412.2002       1.35392380E+01
6413.6001       1.35460682E+01
6415.0000       1.35459890E+01
6416.3999       1.35397139E+01
6417.7998       1.35420971E+01
6419.2002       1.35531378E+01
6420.6001       1.35040512E+01
6422.0000       1.33913422E+01
6423.3999       1.33737888E+01
6424.7998       1.34931688E+01
6426.2002       1.35657663E+01
6427.6001       1.35565529E+01
6429.0000       1.35649719E+01
6430.3999       1.35552816E+01
6431.7998       1.35471010E+01
6433.2002       1.35533752E+01
6434.6001       1.35610008E+01
6436.0000       1.35583801E+01
6437.3999       1.35628281E+01
6438.7998       1.35605240E+01
6440.2002       1.35620337E+01
6441.6001       1.35639400E+01
6443.0000       1.35573473E+01
6444.3999       1.35671167E+01
6445.7998       1.35513105E+01
6447.2002       1.35323277E+01
6448.6001       1.35293884E+01
6450.0000       1.35276413E+01
6451.3999       1.35320892E+01
6452.7998       1.35525017E+01
6454.2002       1.35658455E+01
6455.6001       1.35636215E+01
6457.0000       1.35559177E+01
6458.3999       1.35405874E+01
6459.7998       1.35309772E+01
6461.2002       1.35316916E+01
6462.6001       1.35332012E+01
6464.0000       1.35386810E+01
6465.3999       1.35600471E+01
6466.7998       1.35679111E+01
6468.2002       1.35578232E+01
6469.6001       1.35540113E+01
6471.0000       1.35441618E+01
6472.3999       1.35320892E+01
6473.7998       1.35345516E+01
6475.2002       1.35390787E+01
6476.6001       1.35362988E+01
6478.0000       1.35284348E+01
6479.3999       1.35281973E+01
6480.7998       1.35410643E+01
6482.2002       1.35436859E+01
6483.6001       1.35378075E+01
6485.0000       1.35331211E+01
6486.3999       1.35254173E+01
6487.7998       1.35165215E+01
6489.2002       1.35191422E+01
6490.6001       1.35186653E+01
6492.0000       1.35159645E+01
6493.3999       1.35284348E+01
6494.7998       1.35321684E+01
6496.2002       1.35381260E+01
6497.6001       1.35455914E+01
6499.0000       1.35443211E+01
6500.3999       1.35405083E+01
6501.7998       1.35313740E+01
6503.2002       1.35285149E+01
6504.6001       1.35277205E+01
6506.0000       1.35181093E+01
6507.3999       1.35163622E+01
6508.7998       1.35211277E+01
6510.2002       1.35244637E+01
6511.6001       1.35302620E+01
6513.0000       1.35294676E+01
6514.3999       1.35222397E+01
6515.7998       1.35169973E+01
6517.2002       1.35158062E+01
6518.6001       1.35177126E+01
6520.0000       1.35220814E+01
6521.3999       1.35212870E+01
6522.7998       1.35124702E+01
6524.2002       1.35052423E+01
6525.6001       1.35054016E+01
6527.0000       1.35063543E+01
6528.3999       1.34960289E+01
6529.7998       1.34877682E+01
6531.2002       1.34986496E+01
6532.6001       1.35041304E+01
6534.0000       1.35003967E+01
6535.3999       1.35130262E+01
6536.7998       1.35135822E+01
6538.2002       1.35127878E+01
6539.6001       1.35166006E+01
6541.0000       1.35165215E+01
6542.3999       1.35181093E+01
6543.7998       1.35153294E+01
6545.2002       1.35129471E+01
6546.6001       1.35082607E+01
6548.0000       1.34983320E+01
6549.3999       1.34938049E+01
6550.7998       1.34948368E+01
6552.2002       1.34962673E+01
6553.6001       1.35009537E+01
6555.0000       1.34982529E+01
6556.3999       1.34957104E+01
6557.7998       1.34941225E+01
6559.2002       1.34856234E+01
6560.6001       1.34671164E+01
6562.0000       1.34381256E+01
6563.3999       1.34163618E+01
6564.7998       1.34186659E+01
6566.2002       1.34409847E+01
6567.6001       1.34625101E+01
6569.0000       1.34704533E+01
6570.3999       1.34750595E+01
6571.7998       1.34870529E+01
6573.2002       1.34997616E+01
6574.6001       1.35002384E+01
6576.0000       1.34929314E+01
6577.3999       1.34959488E+01
6578.7998       1.35083399E+01
6580.2002       1.35163622E+01
6581.6001       1.35164413E+01
6583.0000       1.35106430E+01
6584.3999       1.35123110E+01
6585.7998       1.35227957E+01
6587.2002       1.35269260E+01
6588.6001       1.35165215E+01
6590.0000       1.34988089E+01
6591.3999       1.34888010E+01
6592.7998       1.34900713E+01
6594.2002       1.34975376E+01
6595.6001       1.35017471E+01
6597.0000       1.35007153E+01
6598.3999       1.35023031E+01
6599.7998       1.35032568E+01
6601.2002       1.35194597E+01
6602.6001       1.35321684E+01
6604.0000       1.35277205E+01
6605.3999       1.35227957E+01
6606.7998       1.35259733E+01
6608.2002       1.35247812E+01
6609.6001       1.35112791E+01
6611.0000       1.34852266E+01
6612.3999       1.34794283E+01
6613.7998       1.34882450E+01
6615.2002       1.34942808E+01
6616.6001       1.34930897E+01
6618.0000       1.34853058E+01
6619.3999       1.34845114E+01
6620.7998       1.34948368E+01
6622.2002       1.35050039E+01
6623.6001       1.35048447E+01
6625.0000       1.34950752E+01
6626.3999       1.34907074E+01
6627.7998       1.35011911E+01
6629.2002       1.35106430E+01
6630.6001       1.34992847E+01
6632.0000       1.34799843E+01
6633.3999       1.34773626E+01
6634.7998       1.34830027E+01
6636.2002       1.34837971E+01
6637.6001       1.34818106E+01
6639.0000       1.34774427E+01
6640.3999       1.34731531E+01
6641.7998       1.34818106E+01
6643.2002       1.34965048E+01
6644.6001       1.34857826E+01
6646.0000       1.34853058E+01
6647.3999       1.34968224E+01
6648.7998       1.34903097E+01
6650.2002       1.34841146E+01
6651.6001       1.34872913E+01
6653.0000       1.34934072E+01
6654.3999       1.34903889E+01
6655.7998       1.34852266E+01
6657.2002       1.34961872E+01
6658.6001       1.35107231E+01
6660.0000       1.35058775E+01
6661.3999       1.34948368E+01
6662.7998       1.34922953E+01
6664.2002       1.34984112E+01
6665.6001       1.35077839E+01
6667.0000       1.35119934E+01
6668.3999       1.35040512E+01
6669.7998       1.34962673E+01
6671.2002       1.34979343E+01
6672.6001       1.34931688E+01
6674.0000       1.34831610E+01
6675.3999       1.34700556E+01
6676.7998       1.34454327E+01
6678.2002       1.34193010E+01
6679.6001       1.34200954E+01
6681.0000       1.34422560E+01
6682.3999       1.34584589E+01
6683.7998       1.34772043E+01
6685.2002       1.34944401E+01
6686.6001       1.34982529E+01
6688.0000       1.34902306E+01
6689.3999       1.34849091E+01
6690.7998       1.34822083E+01
6692.2002       1.34772043E+01
6693.6001       1.34748211E+01
6695.0000       1.34806995E+01
6696.3999       1.34893570E+01
6697.7998       1.34876890E+01
6699.2002       1.34787922E+01
6700.6001       1.34865770E+01
6702.0000       1.34912624E+01
6703.3999       1.34773626E+01
6704.7998       1.34763308E+01
6706.2002       1.34841938E+01
6707.6001       1.34876890E+01
6709.0000       1.34785547E+01
6710.3999       1.34706907E+01
6711.7998       1.34727564E+01
6713.2002       1.34758539E+01
6714.6001       1.34735508E+01
6716.0000       1.34760132E+01
6717.3999       1.34750595E+01
6718.7998       1.34779186E+01
6720.2002       1.34897537E+01
6721.6001       1.34949961E+01
6723.0000       1.34806194E+01
6724.3999       1.34700556E+01
6725.7998       1.34805403E+01
6727.2002       1.34855442E+01
6728.6001       1.34761715E+01
6730.0000       1.34693413E+01
6731.3999       1.34687843E+01
6732.7998       1.34718828E+01
6734.2002       1.34685459E+01
6735.6001       1.34593325E+01
6737.0000       1.34628277E+01
6738.3999       1.34759331E+01
6739.7998       1.34861002E+01
6741.2002       1.34878473E+01
6742.6001       1.34842730E+01
6744.0000       1.34748211E+01
6745.3999       1.34671965E+01
6746.7998       1.34663219E+01
6748.2002       1.34666405E+01
6749.6001       1.34733124E+01
6751.0000       1.34846706E+01
6752.3999       1.34891186E+01
6753.7998       1.34768867E+01
6755.2002       1.34701347E+01
6756.6001       1.34679909E+01
6758.0000       1.34648132E+01
6759.3999       1.34612389E+01
6760.7998       1.34564734E+01
6762.2002       1.34555998E+01
6763.6001       1.34605246E+01
6765.0000       1.34678316E+01
6766.3999       1.34795074E+01
6767.7998       1.34848289E+01
6769.2002       1.34755363E+01
6770.6001       1.34602070E+01
6772.0000       1.34534550E+01
6773.3999       1.34583797E+01
6774.7998       1.34660053E+01
6776.2002       1.34652100E+01
6777.6001       1.34631453E+01
6779.0000       1.34640188E+01
6780.3999       1.34597301E+01
6781.7998       1.34567909E+01
6783.2002       1.34613981E+01
6784.6001       1.34660053E+01
6786.0000       1.34671164E+01
6787.3999       1.34686260E+01
6788.7998       1.34675932E+01
6790.2002       1.34658461E+01
6791.6001       1.34742651E+01
6793.0000       1.34781570E+01
6794.3999       1.34716444E+01
6795.7998       1.34592533E+01
6797.2002       1.34466248E+01
6798.6001       1.34451942E+01
6800.0000       1.34540901E+01
6801.3999       1.34638605E+01
6802.7998       1.34748211E+01
6804.2002       1.34710884E+01
6805.6001       1.34603653E+01
6807.0000       1.34580622E+01
6808.3999       1.34505157E+01
6809.7998       1.34544878E+01
6811.2002       1.34621124E+01
6812.6001       1.34630661E+01
6814.0000       1.34618740E+01
6815.3999       1.34564734E+01
6816.7998       1.34528198E+01
6818.2002       1.34544878E+01
6819.6001       1.34591742E+01
6821.0000       1.34699764E+01
6822.3999       1.34755363E+01
6823.7998       1.34698963E+01
6825.2002       1.34640188E+01
6826.6001       1.34575853E+01
6828.0000       1.34498014E+01
6829.3999       1.34459095E+01
6830.7998       1.34455919E+01
6832.2002       1.34481335E+01
6833.6001       1.34475775E+01
6835.0000       1.34399529E+01
6836.3999       1.34341545E+01
6837.7998       1.34355049E+01
6839.2002       1.34397936E+01
6840.6001       1.34482126E+01
6842.0000       1.34645748E+01
6843.3999       1.34664021E+01
6844.7998       1.34469423E+01
6846.2002       1.34369345E+01
6847.6001       1.34383640E+01
6849.0000       1.34435263E+01
6850.3999       1.34420967E+01
6851.7998       1.34393167E+01
6853.2002       1.34398727E+01
6854.6001       1.34389992E+01
6856.0000       1.34349480E+01
6857.3999       1.34343128E+01
6858.7998       1.34417791E+01
6860.2002       1.34451151E+01
6861.6001       1.34425735E+01
6863.0000       1.34483719E+01
6864.3999       1.34436855E+01
6865.7998       1.34219227E+01
6867.2002       1.33812551E+01
6868.6001       1.33320093E+01
6870.0000       1.33136616E+01
6871.3999       1.33151703E+01
6872.7998       1.33202543E+01
6874.2002       1.33287525E+01
6875.6001       1.33376484E+01
6877.0000       1.33573475E+01
6878.3999       1.33842735E+01
6879.7998       1.34019852E+01
6881.2002       1.34062748E+01
6882.6001       1.34052420E+01
6884.0000       1.34041300E+01
6885.3999       1.33998413E+01
6886.7998       1.33902302E+01
6888.2002       1.33795872E+01
6889.6001       1.33761711E+01
6891.0000       1.33806992E+01
6892.3999       1.33838758E+01
6893.7998       1.33856239E+01
6895.2002       1.33930101E+01
6896.6001       1.34043684E+01
6898.0000       1.34120731E+01
6899.3999       1.34040508E+01
6900.7998       1.33888006E+01
6902.2002       1.33936462E+01
6903.6001       1.34015884E+01
6905.0000       1.34081812E+01
6906.3999       1.34127884E+01
6907.7998       1.34088955E+01
6909.2002       1.34061956E+01
6910.6001       1.34114380E+01
6912.0000       1.34181099E+01
6913.3999       1.34146938E+01
6914.7998       1.34104052E+01
6916.2002       1.34132643E+01
6917.6001       1.34194603E+01
6919.0000       1.34196987E+01
6920.3999       1.34212866E+01
6921.7998       1.34213657E+01
6923.2002       1.34123116E+01
6924.6001       1.34038124E+01
6926.0000       1.34235897E+01
6927.3999       1.34369345E+01
6928.7998       1.34313736E+01
6930.2002       1.34243841E+01
6931.6001       1.34208899E+01
6933.0000       1.34214458E+01
6934.3999       1.34222403E+01
6935.7998       1.34208899E+01
6937.2002       1.34218426E+01
6938.6001       1.34241467E+01
6940.0000       1.34273233E+01
6941.3999       1.34276409E+01
6942.7998       1.34188242E+01
6944.2002       1.34162035E+01
6945.6001       1.34219227E+01
6947.0000       1.34216042E+01
6948.3999       1.34221601E+01
6949.7998       1.34211283E+01
6951.2002       1.34200153E+01
6952.6001       1.34209690E+01
6954.0000       1.34223194E+01
6955.3999       1.34231930E+01
6956.7998       1.34245434E+01
6958.2002       1.34260521E+01
6959.6001       1.34226370E+01
6961.0000       1.34186659E+01
6962.3999       1.34262905E+01
6963.7998       1.34400320E+01
6965.2002       1.34397144E+01
6966.6001       1.34339161E+01
6968.0000       1.34335184E+01
6969.3999       1.34320889E+01
6970.7998       1.34231138E+01
6972.2002       1.34124699E+01
6973.6001       1.34155674E+01
6975.0000       1.34252586E+01
6976.3999       1.34332008E+01
6977.7998       1.34487686E+01
6979.2002       1.34459887E+01
6980.6001       1.34349480E+01
6982.0000       1.34391584E+01
6983.3999       1.34473391E+01
6984.7998       1.34408264E+01
6986.2002       1.34239874E+01
6987.6001       1.34121523E+01
6989.0000       1.34100075E+01
6990.3999       1.34140587E+01
6991.7998       1.34149323E+01
6993.2002       1.34150915E+01
6994.6001       1.34185066E+01
6996.0000       1.34142179E+01
6997.3999       1.34138203E+01
6998.7998       1.34214458E+01
7000.2002       1.34207306E+01
7001.6001       1.34211283E+01
7003.0000       1.34247017E+01
7004.3999       1.34240665E+01
7005.7998       1.34162035E+01
7007.2002       1.34221601E+01
7008.6001       1.34316921E+01
7010.0000       1.34387608E+01
7011.3999       1.34428120E+01
7012.7998       1.34400320E+01
7014.2002       1.34320889E+01
7015.6001       1.34235106E+01
7017.0000       1.34197779E+01
7018.3999       1.34239082E+01
7019.7998       1.34298649E+01
7021.2002       1.34320889E+01
7022.6001       1.34262114E+01
7024.0000       1.34192219E+01
7025.3999       1.34216843E+01
7026.7998       1.34202538E+01
7028.2002       1.34182682E+01
7029.6001       1.34240665E+01
7031.0000       1.34320097E+01
7032.3999       1.34299440E+01
7033.7998       1.34202538E+01
7035.2002       1.34198570E+01
7036.6001       1.34299440E+01
7038.0000       1.34301825E+01
7039.3999       1.34081812E+01
7040.7998       1.33965054E+01
7042.2002       1.34094524E+01
7043.6001       1.34203339E+01
7045.0000       1.34285145E+01
7046.3999       1.34380465E+01
7047.7998       1.34383640E+01
7049.2002       1.34232721E+01
7050.6001       1.34105644E+01
7052.0000       1.34119940E+01
7053.3999       1.34185066E+01
7054.7998       1.34213657E+01
7056.2002       1.34337568E+01
7057.6001       1.34358215E+01
7059.0000       1.34166794E+01
7060.3999       1.33988876E+01
7061.7998       1.34147739E+01
7063.2002       1.34220018E+01
7064.6001       1.33966637E+01
7066.0000       1.33694992E+01
7067.3999       1.33731537E+01
7068.7998       1.33824463E+01
7070.2002       1.33873711E+01
7071.6001       1.33986492E+01
7073.0000       1.34191418E+01
7074.3999       1.34357424E+01
7075.7998       1.34351072E+01
7077.2002       1.34247017E+01
7078.6001       1.34104052E+01
7080.0000       1.34051628E+01
7081.3999       1.34146147E+01
7082.7998       1.34138203E+01
7084.2002       1.34146938E+01
7085.6001       1.34121523E+01
7087.0000       1.34030981E+01
7088.3999       1.34053221E+01
7089.7998       1.34077044E+01
7091.2002       1.34117556E+01
7092.6001       1.34212074E+01
7094.0000       1.34221601E+01
7095.3999       1.34198570E+01
7096.7998       1.34250202E+01
7098.2002       1.34299440E+01
7099.6001       1.34228754E+01
7101.0000       1.34158859E+01
7102.3999       1.34155674E+01
7103.7998       1.34176331E+01
7105.2002       1.34162827E+01
7106.6001       1.34193010E+01
7108.0000       1.34258938E+01
7109.3999       1.34193802E+01
7110.7998       1.34137411E+01
7112.2002       1.34251785E+01
7113.6001       1.34330425E+01
7115.0000       1.34273233E+01
7116.3999       1.34208107E+01
7117.7998       1.34218426E+01
7119.2002       1.34248610E+01
7120.6001       1.34240665E+01
7122.0000       1.34267673E+01
7123.3999       1.34249401E+01
7124.7998       1.34173155E+01
7126.2002       1.34123907E+01
7127.6001       1.34075460E+01
7129.0000       1.34111195E+01
7130.3999       1.34270849E+01
7131.7998       1.34320097E+01
7133.2002       1.34182682E+01
7134.6001       1.34189043E+01
7136.0000       1.34163618E+01
7137.3999       1.34128675E+01
7138.7998       1.34126291E+01
7140.2002       1.34011116E+01
7141.6001       1.33860207E+01
7143.0000       1.33807783E+01
7144.3999       1.33852262E+01
7145.7998       1.33965845E+01
7147.2002       1.34057188E+01
7148.6001       1.34004765E+01
7150.0000       1.33992853E+01
7151.3999       1.34119139E+01
7152.7998       1.34162035E+01
7154.2002       1.34146938E+01
7155.6001       1.34123907E+01
7157.0000       1.34080219E+01
7158.3999       1.33969822E+01
7159.7998       1.33846703E+01
7161.2002       1.33965845E+01
7162.6001       1.34066715E+01
7164.0000       1.33973789E+01
7165.3999       1.33889599E+01
7166.7998       1.33965054E+01
7168.2002       1.33878479E+01
7169.6001       1.33741856E+01
7171.0000       1.33606033E+01
7172.3999       1.33548050E+01
7173.7998       1.33601274E+01
7175.2002       1.33617954E+01
7176.6001       1.33536930E+01
7178.0000       1.33502779E+01
7179.3999       1.33573475E+01
7180.7998       1.33664017E+01
7182.2002       1.33713264E+01
7183.6001       1.33683081E+01
7185.0000       1.33471804E+01
7186.3999       1.33358221E+01
7187.7998       1.33553619E+01
7189.2002       1.33663225E+01
7190.6001       1.33498812E+01
7192.0000       1.33392372E+01
7193.3999       1.33520250E+01
7194.7998       1.33705320E+01
7196.2002       1.33757744E+01
7197.6001       1.33643370E+01
7199.0000       1.33513899E+01
7200.3999       1.33543291E+01
7201.7998       1.33613186E+01
7203.2002       1.33537731E+01
7204.6001       1.33499603E+01
7206.0000       1.33696585E+01
7207.3999       1.33846703E+01
7208.7998       1.33799839E+01
7210.2002       1.33959494E+01
7211.6001       1.34046068E+01
7213.0000       1.33896742E+01
7214.3999       1.33852262E+01
7215.7998       1.33911037E+01
7217.2002       1.33999996E+01
7218.6001       1.33988085E+01
7220.0000       1.33953133E+01
7221.3999       1.33943605E+01
7222.7998       1.33795071E+01
7224.2002       1.33861790E+01
7225.6001       1.33922958E+01
7227.0000       1.33899918E+01
7228.3999       1.33885622E+01
7229.7998       1.33830023E+01
7231.2002       1.33683872E+01
7232.6001       1.33613186E+01
7234.0000       1.33633833E+01
7235.3999       1.33740273E+01
7236.7998       1.33876095E+01
7238.2002       1.33817310E+01
7239.6001       1.33535347E+01
7241.0000       1.33486099E+01
7242.3999       1.33684673E+01
7243.7998       1.33867359E+01
7245.2002       1.33992853E+01
7246.6001       1.33809376E+01
7248.0000       1.33562355E+01
7249.3999       1.33553619E+01
7250.7998       1.33497219E+01
7252.2002       1.33461475E+01
7253.6001       1.33600473E+01
7255.0000       1.33699760E+01
7256.3999       1.33629074E+01
7257.7998       1.33593330E+01
7259.2002       1.33539314E+01
7260.6001       1.33553619E+01
7262.0000       1.33586979E+01
7263.3999       1.33528194E+01
7264.7998       1.33498011E+01
7266.2002       1.33714056E+01
7267.6001       1.33846703E+01
7269.0000       1.33831615E+01
7270.3999       1.33760128E+01
7271.7998       1.33645754E+01
7273.2002       1.33608418E+01
7274.6001       1.33326454E+01
7276.0000       1.33199368E+01
7277.3999       1.33421764E+01
7278.7998       1.33601274E+01
7280.2002       1.33591738E+01
7281.6001       1.33478947E+01
7283.0000       1.33471804E+01
7284.3999       1.33618746E+01
7285.7998       1.33725977E+01
7287.2002       1.33633041E+01
7288.6001       1.33501987E+01
7290.0000       1.33396349E+01
7291.3999       1.33453531E+01
7292.7998       1.33605242E+01
7294.2002       1.33654490E+01
7295.6001       1.33567915E+01
7297.0000       1.33522635E+01
7298.3999       1.33553619E+01
7299.7998       1.33567114E+01
7301.2002       1.33544874E+01
7302.6001       1.33423347E+01
7304.0000       1.33374901E+01
7305.3999       1.33487692E+01
7306.7998       1.33494043E+01
7308.2002       1.33451948E+01
7309.6001       1.33534546E+01
7311.0000       1.33688641E+01
7312.3999       1.33679905E+01
7313.7998       1.33545666E+01
7315.2002       1.33477364E+01
7316.6001       1.33382053E+01
7318.0000       1.33380461E+01
7319.3999       1.33424940E+01
7320.7998       1.33503571E+01
7322.2002       1.33800640E+01
7323.6001       1.33764896E+01
7325.0000       1.33805399E+01
7326.3999       1.33907862E+01
7327.7998       1.33757744E+01
7329.2002       1.33615570E+01
7330.6001       1.33663225E+01
7332.0000       1.33640985E+01
7333.3999       1.33552027E+01
7334.7998       1.33537731E+01
7336.2002       1.33633041E+01
7337.6001       1.33690233E+01
7339.0000       1.33723593E+01
7340.3999       1.33737888E+01
7341.7998       1.33684673E+01
7343.2002       1.33590946E+01
7344.6001       1.33613186E+01
7346.0000       1.33621130E+01
7347.3999       1.33563147E+01
7348.7998       1.33606033E+01
7350.2002       1.33766479E+01
7351.6001       1.33859415E+01
7353.0000       1.33787136E+01
7354.3999       1.33691816E+01
7355.7998       1.33629074E+01
7357.2002       1.33558378E+01
7358.6001       1.33529787E+01
7360.0000       1.33545666E+01
7361.3999       1.33579035E+01
7362.7998       1.33667994E+01
7364.2002       1.33686256E+01
7365.6001       1.33632250E+01
7367.0000       1.33617954E+01
7368.3999       1.33583794E+01
7369.7998       1.33489275E+01
7371.2002       1.33489275E+01
7372.6001       1.33547258E+01
7374.0000       1.33687849E+01
7375.3999       1.34026213E+01
7376.7998       1.33912630E+01
7378.2002       1.33640194E+01
7379.6001       1.33557587E+01
7381.0000       1.33613186E+01
7382.3999       1.33666401E+01
7383.7998       1.33696585E+01
7385.2002       1.33582211E+01
7386.6001       1.33532963E+01
7388.0000       1.33565531E+01
7389.3999       1.33532171E+01
7390.7998       1.33506756E+01
7392.2002       1.33478947E+01
7393.6001       1.33493252E+01
7395.0000       1.33584595E+01
7396.3999       1.33520250E+01
7397.7998       1.33524227E+01
7399.2002       1.33615570E+01
7400.6001       1.33568707E+01
7402.0000       1.33495636E+01
7403.3999       1.33433676E+01
7404.7998       1.33374109E+01
7406.2002       1.33339157E+01
7407.6001       1.33294678E+01
7409.0000       1.33272438E+01
7410.3999       1.33274822E+01
7411.7998       1.33324862E+01
7413.2002       1.33375692E+01
7414.6001       1.33343925E+01
7416.0000       1.33312950E+01
7417.3999       1.33329630E+01
7418.7998       1.33355045E+01
7420.2002       1.33281975E+01
7421.6001       1.33351870E+01
7423.0000       1.33462276E+01
7424.3999       1.33433676E+01
7425.7998       1.33508339E+01
7427.2002       1.33548851E+01
