#
# Spectrum of HD242908, spectral type O5v
# Source: Jacoby, Hunter, & Christian, 1984, ApJ, 56, 257
#         Scaled to flux=1.0 at 5500 Angstroms.
#
# Wave: wavelength in Angstroms
# Flux: scaled flux normalized to 1.0 at 5500A then shifted
#       in order of spectral type
Wave            Flux
3510.0000       1.95348473E+01
3511.3999       1.95756168E+01
3512.8000       1.96280327E+01
3514.2000       1.96357994E+01
3515.6001       1.96105614E+01
3517.0000       1.95989132E+01
3518.3999       1.96377411E+01
3519.8000       1.96823921E+01
3521.2000       1.96338577E+01
3522.6001       1.96241512E+01
3524.0000       1.96668606E+01
3525.3999       1.97755775E+01
3526.8000       1.98046989E+01
3528.2000       1.97969322E+01
3529.6001       1.97483978E+01
3531.0000       1.95697918E+01
3532.3999       1.95600853E+01
3533.8000       1.96726856E+01
3535.2000       1.97464561E+01
3536.6001       1.97716942E+01
3538.0000       1.96998634E+01
3539.3999       1.96280327E+01
3540.8000       1.95833817E+01
3542.2000       1.96940403E+01
3543.6001       1.97930489E+01
3545.0000       1.97891674E+01
3546.3999       1.96959820E+01
3547.8000       1.96396828E+01
3549.2000       1.97018051E+01
3550.6001       1.96668606E+01
3552.0000       1.96513290E+01
3553.3999       1.95717335E+01
3554.8000       1.96105614E+01
3556.2000       1.96493893E+01
3557.6001       1.96338577E+01
3559.0000       1.95193176E+01
3560.3999       1.94397202E+01
3561.8000       1.93892441E+01
3563.2000       1.93581829E+01
3564.6001       1.92882938E+01
3566.0000       1.92611141E+01
3567.3999       1.93271217E+01
3568.8000       1.93368282E+01
3570.2000       1.93193550E+01
3571.6001       1.92727623E+01
3573.0000       1.91931667E+01
3574.3999       1.91077461E+01
3575.8000       1.90106773E+01
3577.2000       1.89640846E+01
3578.6001       1.88941956E+01
3580.0000       1.89194336E+01
3581.3999       1.90242672E+01
3582.8000       1.91174526E+01
3584.2000       1.91446323E+01
3585.6001       1.91019211E+01
3587.0000       1.90766850E+01
3588.3999       1.90844498E+01
3589.8000       1.91174526E+01
3591.2000       1.90553284E+01
3592.6001       1.89466133E+01
3594.0000       1.88437195E+01
3595.3999       1.88243065E+01
3596.8000       1.89271984E+01
3598.2000       1.90145607E+01
3599.6001       1.89815559E+01
3601.0000       1.89233170E+01
3602.3999       1.88631325E+01
3603.8000       1.88301296E+01
3605.2000       1.88573093E+01
3606.6001       1.89213753E+01
3608.0000       1.89951477E+01
3609.3999       1.90320320E+01
3610.8000       1.90397987E+01
3612.2000       1.90475636E+01
3613.6001       1.90145607E+01
3615.0000       1.89155502E+01
3616.3999       1.88437195E+01
3617.8000       1.88417778E+01
3619.2000       1.88476028E+01
3620.6001       1.88573093E+01
3622.0000       1.88611927E+01
3623.3999       1.88359547E+01
3624.8000       1.88146000E+01
3626.2000       1.88320713E+01
3627.6001       1.88825474E+01
3629.0000       1.89213753E+01
3630.3999       1.88728409E+01
3631.8000       1.87971268E+01
3633.2000       1.88165398E+01
3634.6001       1.88747826E+01
3636.0000       1.88728409E+01
3637.3999       1.88495445E+01
3638.8000       1.88320713E+01
3640.2000       1.87350025E+01
3641.6001       1.87330627E+01
3643.0000       1.87757721E+01
3644.3999       1.88611927E+01
3645.8000       1.89097252E+01
3647.2000       1.88301296E+01
3648.6001       1.87893620E+01
3650.0000       1.88806057E+01
3651.3999       1.89136086E+01
3652.8000       1.90009708E+01
3654.2000       1.91562805E+01
3655.6001       1.92048149E+01
3657.0000       1.91038628E+01
3658.3999       1.89932060E+01
3659.8000       1.90320320E+01
3661.2000       1.90048523E+01
3662.6001       1.89582596E+01
3664.0000       1.89155502E+01
3665.3999       1.88553677E+01
3666.8000       1.88087749E+01
3668.2000       1.87874203E+01
3669.6001       1.88204231E+01
3671.0000       1.87641239E+01
3672.3999       1.87019997E+01
3673.8000       1.88010101E+01
3675.2000       1.87680054E+01
3676.6001       1.87485924E+01
3678.0000       1.87505341E+01
3679.3999       1.87000580E+01
3680.8000       1.86806450E+01
3682.2000       1.87078247E+01
3683.6001       1.87913017E+01
3685.0000       1.87019997E+01
3686.3999       1.86243439E+01
3687.8000       1.86592903E+01
3689.2000       1.87214127E+01
3690.6001       1.86049309E+01
3692.0000       1.84826241E+01
3693.3999       1.85777512E+01
3694.8000       1.87874203E+01
3696.2000       1.88786640E+01
3697.6001       1.88689575E+01
3699.0000       1.88456612E+01
3700.3999       1.87466507E+01
3701.8000       1.86651134E+01
3703.2000       1.85874596E+01
3704.6001       1.85602798E+01
3706.0000       1.85059204E+01
3707.3999       1.85447483E+01
3708.8000       1.85680447E+01
3710.2000       1.85447483E+01
3711.6001       1.85466900E+01
3713.0000       1.85758095E+01
3714.3999       1.86107559E+01
3715.8000       1.86185207E+01
3717.2000       1.86204624E+01
3718.6001       1.86107559E+01
3720.0000       1.85331001E+01
3721.3999       1.84418564E+01
3722.8000       1.84340897E+01
3724.2000       1.84709759E+01
3725.6001       1.84030285E+01
3727.0000       1.83040199E+01
3728.3999       1.83428459E+01
3729.8000       1.84263248E+01
3731.2000       1.84612694E+01
3732.6001       1.84806824E+01
3734.0000       1.85020390E+01
3735.3999       1.85020390E+01
3736.8000       1.84360313E+01
3738.2000       1.84010868E+01
3739.6001       1.84593277E+01
3741.0000       1.85000973E+01
3742.3999       1.85098038E+01
3743.8000       1.85428085E+01
3745.2000       1.85855179E+01
3746.6001       1.85738697E+01
3748.0000       1.85098038E+01
3749.3999       1.83525524E+01
3750.8000       1.82166576E+01
3752.2000       1.80147552E+01
3753.6001       1.78963318E+01
3755.0000       1.80438747E+01
3756.3999       1.81739464E+01
3757.8000       1.82030678E+01
3759.2000       1.82302475E+01
3760.6001       1.82185974E+01
3762.0000       1.82496605E+01
3763.3999       1.83253746E+01
3764.8000       1.84321480E+01
3766.2000       1.84185600E+01
3767.6001       1.81797714E+01
3769.0000       1.79895172E+01
3770.3999       1.79040966E+01
3771.8000       1.78575039E+01
3773.2000       1.78885651E+01
3774.6001       1.80496979E+01
3776.0000       1.82535439E+01
3777.3999       1.84224434E+01
3778.8000       1.84923325E+01
3780.2000       1.84981556E+01
3781.6001       1.85641632E+01
3783.0000       1.85369835E+01
3784.3999       1.85078621E+01
3785.8000       1.84981556E+01
3787.2000       1.85563965E+01
3788.6001       1.85408669E+01
3790.0000       1.84107933E+01
3791.3999       1.83428459E+01
3792.8000       1.82554855E+01
3794.2000       1.81331787E+01
3795.6001       1.79953403E+01
3797.0000       1.78905067E+01
3798.3999       1.79079781E+01
3799.8000       1.79856339E+01
3801.2000       1.81040573E+01
3802.6001       1.82360706E+01
3804.0000       1.83040199E+01
3805.3999       1.83913803E+01
3806.8000       1.84030285E+01
3808.2000       1.83913803E+01
3809.6001       1.83933220E+01
3811.0000       1.84340897E+01
3812.3999       1.85758095E+01
3813.8000       1.86107559E+01
3815.2000       1.85913410E+01
3816.6001       1.85855179E+01
3818.0000       1.85738697E+01
3819.3999       1.85680447E+01
3820.8000       1.85661049E+01
3822.2000       1.84496212E+01
3823.6001       1.83874969E+01
3825.0000       1.84321480E+01
3826.3999       1.84593277E+01
3827.8000       1.84224434E+01
3829.2000       1.83836155E+01
3830.6001       1.83253746E+01
3832.0000       1.81157055E+01
3833.3999       1.78458557E+01
3834.8000       1.76575432E+01
3836.2000       1.76051254E+01
3837.6001       1.77584934E+01
3839.0000       1.79817505E+01
3840.3999       1.81448269E+01
3841.8000       1.82807236E+01
3843.2000       1.83661423E+01
3844.6001       1.83836155E+01
3846.0000       1.83622589E+01
3847.3999       1.82962532E+01
3848.8000       1.82205391E+01
3850.2000       1.81817131E+01
3851.6001       1.81778297E+01
3853.0000       1.81894779E+01
3854.3999       1.81584167E+01
3855.8000       1.81448269E+01
3857.2000       1.81584167E+01
3858.6001       1.81176472E+01
3860.0000       1.81176472E+01
3861.3999       1.81642399E+01
3862.8000       1.81894779E+01
3864.2000       1.81953011E+01
3865.6001       1.81739464E+01
3867.0000       1.81525917E+01
3868.3999       1.81525917E+01
3869.8000       1.82205391E+01
3871.2000       1.82884884E+01
3872.6001       1.82477188E+01
3874.0000       1.81855946E+01
3875.3999       1.81312370E+01
3876.8000       1.81195889E+01
3878.2000       1.80729961E+01
3879.6001       1.80011654E+01
3881.0000       1.79623375E+01
3882.3999       1.78594437E+01
3883.8000       1.77487869E+01
3885.2000       1.76381283E+01
3886.6001       1.75197048E+01
3888.0000       1.74265194E+01
3889.3999       1.73702202E+01
3890.8000       1.74012814E+01
3892.2000       1.75546494E+01
3893.6001       1.77856731E+01
3895.0000       1.79079781E+01
3896.3999       1.79701023E+01
3897.8000       1.79817505E+01
3899.2000       1.80128136E+01
3900.6001       1.80652294E+01
3902.0000       1.80458164E+01
3903.3999       1.80477581E+01
3904.8000       1.80691128E+01
3906.2000       1.80419331E+01
3907.6001       1.80438747E+01
3909.0000       1.80166969E+01
3910.3999       1.79953403E+01
3911.8000       1.79875755E+01
3913.2000       1.79468060E+01
3914.6001       1.78963318E+01
3916.0000       1.79176865E+01
3917.3999       1.79332161E+01
3918.8000       1.78788586E+01
3920.2000       1.77623749E+01
3921.6001       1.77196655E+01
3923.0000       1.77449036E+01
3924.3999       1.77216072E+01
3925.8000       1.76944275E+01
3927.2000       1.76886044E+01
3928.6001       1.77274323E+01
3930.0000       1.77254906E+01
3931.3999       1.76672497E+01
3932.8000       1.75954189E+01
3934.2000       1.75488262E+01
3935.6001       1.76031837E+01
3937.0000       1.77235489E+01
3938.3999       1.78147926E+01
3939.8000       1.78613853E+01
3941.2000       1.78477974E+01
3942.6001       1.78128510E+01
3944.0000       1.78147926E+01
3945.3999       1.77992630E+01
3946.8000       1.77623749E+01
3948.2000       1.78109112E+01
3949.6001       1.78167343E+01
3951.0000       1.77449036E+01
3952.3999       1.76847210E+01
3953.8000       1.76497765E+01
3955.2000       1.76517181E+01
3956.6001       1.76536598E+01
3958.0000       1.76866627E+01
3959.3999       1.77060776E+01
3960.8000       1.76342468E+01
3962.2000       1.75235882E+01
3963.6001       1.74750538E+01
3965.0000       1.74265194E+01
3966.3999       1.72285004E+01
3967.8000       1.69741802E+01
3969.2000       1.68033390E+01
3970.6001       1.68033390E+01
3972.0000       1.69528236E+01
3973.3999       1.71159000E+01
3974.8000       1.73197441E+01
3976.2000       1.74886436E+01
3977.6001       1.75235882E+01
3979.0000       1.75371780E+01
3980.3999       1.75313530E+01
3981.8000       1.75352364E+01
3983.2000       1.75760040E+01
3984.6001       1.75818291E+01
3986.0000       1.75662975E+01
3987.3999       1.75352364E+01
3988.8000       1.75216465E+01
3990.2000       1.75197048E+01
3991.6001       1.74750538E+01
3993.0000       1.74769936E+01
3994.3999       1.75274696E+01
3995.8000       1.75468845E+01
3997.2000       1.75099983E+01
3998.6001       1.74459324E+01
4000.0000       1.74245777E+01
4001.3999       1.74459324E+01
4002.8000       1.74401093E+01
4004.2000       1.74536972E+01
4005.6001       1.74692307E+01
4007.0000       1.74847603E+01
4008.3999       1.74905853E+01
4009.8000       1.74536972E+01
4011.2000       1.74517574E+01
4012.6001       1.74556389E+01
4014.0000       1.74439926E+01
4015.3999       1.74925270E+01
4016.8000       1.75468845E+01
4018.2000       1.75546494E+01
4019.6001       1.75235882E+01
4021.0000       1.74731121E+01
4022.3999       1.73527470E+01
4023.8000       1.72847996E+01
4025.2000       1.72265587E+01
4026.6001       1.71954956E+01
4028.0000       1.72226753E+01
4029.3999       1.72537384E+01
4030.8000       1.72847996E+01
4032.2000       1.72789745E+01
4033.6001       1.71993790E+01
4035.0000       1.72168503E+01
4036.3999       1.72964478E+01
4037.8000       1.73508053E+01
4039.2000       1.73527470E+01
4040.6001       1.73799267E+01
4042.0000       1.73624535E+01
4043.3999       1.73255692E+01
4044.8000       1.73119774E+01
4046.2000       1.73178024E+01
4047.6001       1.73624535E+01
4049.0000       1.74245777E+01
4050.3999       1.74498158E+01
4051.8000       1.74245777E+01
4053.2000       1.74536972E+01
4054.6001       1.74459324E+01
4056.0000       1.73935165E+01
4057.3999       1.73566284E+01
4058.8000       1.73741016E+01
4060.2000       1.74109879E+01
4061.6001       1.74051647E+01
4063.0000       1.73993397E+01
4064.3999       1.74012814E+01
4065.8000       1.73741016E+01
4067.2000       1.73313923E+01
4068.6001       1.72983894E+01
4070.0000       1.72809162E+01
4071.3999       1.72886810E+01
4072.8000       1.72789745E+01
4074.2000       1.72634430E+01
4075.6001       1.72634430E+01
4077.0000       1.72576199E+01
4078.3999       1.72498550E+01
4079.8000       1.72382050E+01
4081.2000       1.72382050E+01
4082.6001       1.72362652E+01
4084.0000       1.72556782E+01
4085.3999       1.72750931E+01
4086.8000       1.72362652E+01
4088.2000       1.72168503E+01
4089.6001       1.72304420E+01
4091.0000       1.72382050E+01
4092.3999       1.71877308E+01
4093.8000       1.71702576E+01
4095.2000       1.71275482E+01
4096.6001       1.70557175E+01
4098.0000       1.69159393E+01
4099.3999       1.67062702E+01
4100.7998       1.65587273E+01
4102.2002       1.65140743E+01
4103.6001       1.65917301E+01
4105.0000       1.67353916E+01
4106.3999       1.69081726E+01
4107.7998       1.70324211E+01
4109.2002       1.70537758E+01
4110.6001       1.70751305E+01
4112.0000       1.71100769E+01
4113.3999       1.71081352E+01
4114.7998       1.71061935E+01
4116.2002       1.71178417E+01
4117.6001       1.71294899E+01
4119.0000       1.71566696E+01
4120.3999       1.71566696E+01
4121.7998       1.71275482E+01
4123.2002       1.71042519E+01
4124.6001       1.71139584E+01
4126.0000       1.71372547E+01
4127.3999       1.71236649E+01
4128.7998       1.71333733E+01
4130.2002       1.71139584E+01
4131.6001       1.71100769E+01
4133.0000       1.71256065E+01
4134.3999       1.71450195E+01
4135.7998       1.71411381E+01
4137.2002       1.71081352E+01
4138.6001       1.70401859E+01
4140.0000       1.70693073E+01
4141.3999       1.70906620E+01
4142.7998       1.70926037E+01
4144.2002       1.70945435E+01
4145.6001       1.70867805E+01
4147.0000       1.70770721E+01
4148.3999       1.70712471E+01
4149.7998       1.70557175E+01
4151.2002       1.70770721E+01
4152.6001       1.70887203E+01
4154.0000       1.70945435E+01
4155.3999       1.71023102E+01
4156.7998       1.70770721E+01
4158.2002       1.70615425E+01
4159.6001       1.70401859E+01
4161.0000       1.70168896E+01
4162.3999       1.70285378E+01
4163.7998       1.70091248E+01
4165.2002       1.69819450E+01
4166.6001       1.69567070E+01
4168.0000       1.69237041E+01
4169.3999       1.69450588E+01
4170.7998       1.69605904E+01
4172.2002       1.69353523E+01
4173.6001       1.69314690E+01
4175.0000       1.69877701E+01
4176.3999       1.70071831E+01
4177.7998       1.69838867E+01
4179.2002       1.69722385E+01
4180.6001       1.69935932E+01
4182.0000       1.69974766E+01
4183.3999       1.69722385E+01
4184.7998       1.69605904E+01
4186.2002       1.69392357E+01
4187.6001       1.69237041E+01
4189.0000       1.69217625E+01
4190.3999       1.68868179E+01
4191.7998       1.68305187E+01
4193.2002       1.67955742E+01
4194.6001       1.67761612E+01
4196.0000       1.67664528E+01
4197.3999       1.67412148E+01
4198.7998       1.66887989E+01
4200.2002       1.66402645E+01
4201.6001       1.66480293E+01
4203.0000       1.67179184E+01
4204.3999       1.68033390E+01
4205.7998       1.68674049E+01
4207.2002       1.68965244E+01
4208.6001       1.68868179E+01
4210.0000       1.68829346E+01
4211.3999       1.68848763E+01
4212.7998       1.68460503E+01
4214.2002       1.67819843E+01
4215.6001       1.67936325E+01
4217.0000       1.68285770E+01
4218.3999       1.68596382E+01
4219.7998       1.68674049E+01
4221.2002       1.68868179E+01
4222.6001       1.69062309E+01
4224.0000       1.69178810E+01
4225.3999       1.68693466E+01
4226.7998       1.68402252E+01
4228.2002       1.68344002E+01
4229.6001       1.68538151E+01
4231.0000       1.68887596E+01
4232.3999       1.68674049E+01
4233.7998       1.68227539E+01
4235.2002       1.67936325E+01
4236.6001       1.68188705E+01
4238.0000       1.68091621E+01
4239.3999       1.67936325E+01
4240.7998       1.67955742E+01
4242.2002       1.68169289E+01
4243.6001       1.68382835E+01
4245.0000       1.68149872E+01
4246.3999       1.68266354E+01
4247.7998       1.68266354E+01
4249.2002       1.68266354E+01
4250.6001       1.68363419E+01
4252.0000       1.68266354E+01
4253.3999       1.68130455E+01
4254.7998       1.68441086E+01
4256.2002       1.68382835E+01
4257.6001       1.68091621E+01
4259.0000       1.67994576E+01
4260.3999       1.67742195E+01
4261.7998       1.67392731E+01
4263.2002       1.67101536E+01
4264.6001       1.66926804E+01
4266.0000       1.66771507E+01
4267.3999       1.66926804E+01
4268.7998       1.66946220E+01
4270.2002       1.67043304E+01
4271.6001       1.67179184E+01
4273.0000       1.67237434E+01
4274.3999       1.67140350E+01
4275.7998       1.67062702E+01
4277.2002       1.66946220E+01
4278.6001       1.66810341E+01
4280.0000       1.66829739E+01
4281.3999       1.67120953E+01
4282.7998       1.67353916E+01
4284.2002       1.67567463E+01
4285.6001       1.67528648E+01
4287.0000       1.67373314E+01
4288.3999       1.67256851E+01
4289.7998       1.67140350E+01
4291.2002       1.66752090E+01
4292.6001       1.66635609E+01
4294.0000       1.66829739E+01
4295.3999       1.66849155E+01
4296.7998       1.66829739E+01
4298.2002       1.66674423E+01
4299.6001       1.66480293E+01
4301.0000       1.66363811E+01
4302.3999       1.66480293E+01
4303.7998       1.66693840E+01
4305.2002       1.66713257E+01
4306.6001       1.66771507E+01
4308.0000       1.66985054E+01
4309.3999       1.67198601E+01
4310.7998       1.67256851E+01
4312.2002       1.66887989E+01
4313.6001       1.66460876E+01
4315.0000       1.66150265E+01
4316.3999       1.65897884E+01
4317.7998       1.65917301E+01
4319.2002       1.66033783E+01
4320.6001       1.66402645E+01
4322.0000       1.66829739E+01
4323.3999       1.66907387E+01
4324.7998       1.66771507E+01
4326.2002       1.66422043E+01
4327.6001       1.66072617E+01
4329.0000       1.66130848E+01
4330.3999       1.65975533E+01
4331.7998       1.65703735E+01
4333.2002       1.65393124E+01
4334.6001       1.64752464E+01
4336.0000       1.63723545E+01
4337.3999       1.62131615E+01
4338.7998       1.60753250E+01
4340.2002       1.60267906E+01
4341.6001       1.60617352E+01
4343.0000       1.61355076E+01
4344.3999       1.62422829E+01
4345.7998       1.63354683E+01
4347.2002       1.63898277E+01
4348.6001       1.64538918E+01
4350.0000       1.65004845E+01
4351.3999       1.65548439E+01
4352.7998       1.65703735E+01
4354.2002       1.65975533E+01
4355.6001       1.66033783E+01
4357.0000       1.65975533E+01
4358.3999       1.65761986E+01
4359.7998       1.65820236E+01
4361.2002       1.65587273E+01
4362.6001       1.65567856E+01
4364.0000       1.65606689E+01
4365.3999       1.65606689E+01
4366.7998       1.65606689E+01
4368.2002       1.65490189E+01
4369.6001       1.65063095E+01
4371.0000       1.64480686E+01
4372.3999       1.64577751E+01
4373.7998       1.65160160E+01
4375.2002       1.65490189E+01
4376.6001       1.65296059E+01
4378.0000       1.64946613E+01
4379.3999       1.64674816E+01
4380.7998       1.64674816E+01
4382.2002       1.64674816E+01
4383.6001       1.64480686E+01
4385.0000       1.64500084E+01
4386.3999       1.64616585E+01
4387.7998       1.64733067E+01
4389.2002       1.64616585E+01
4390.6001       1.64752464E+01
4392.0000       1.64830132E+01
4393.3999       1.64674816E+01
4394.7998       1.64655418E+01
4396.2002       1.64713650E+01
4397.6001       1.64694233E+01
4399.0000       1.64674816E+01
4400.3999       1.64558334E+01
4401.7998       1.64597168E+01
4403.2002       1.64500084E+01
4404.6001       1.64325371E+01
4406.0000       1.64403038E+01
4407.3999       1.64267120E+01
4408.7998       1.64325371E+01
4410.2002       1.64500084E+01
4411.6001       1.64170074E+01
4413.0000       1.63684731E+01
4414.3999       1.63354683E+01
4415.7998       1.63179970E+01
4417.2002       1.63005238E+01
4418.6001       1.62869339E+01
4420.0000       1.62966423E+01
4421.3999       1.63102303E+01
4422.7998       1.62966423E+01
4424.2002       1.62655792E+01
4425.6001       1.62616959E+01
4427.0000       1.62830524E+01
4428.3999       1.62714043E+01
4429.7998       1.62112217E+01
4431.2002       1.61626873E+01
4432.6001       1.61646271E+01
4434.0000       1.61898651E+01
4435.3999       1.62131615E+01
4436.7998       1.62345181E+01
4438.2002       1.62345181E+01
4439.6001       1.62364578E+01
4441.0000       1.62578144E+01
4442.3999       1.62791691E+01
4443.7998       1.63141136E+01
4445.2002       1.63432350E+01
4446.6001       1.63645897E+01
4448.0000       1.63956509E+01
4449.3999       1.63937111E+01
4450.7998       1.63840027E+01
4452.2002       1.63878860E+01
4453.6001       1.64111824E+01
4455.0000       1.64189491E+01
4456.3999       1.63917694E+01
4457.7998       1.63451767E+01
4459.2002       1.63179970E+01
4460.6001       1.62947006E+01
4462.0000       1.63160553E+01
4463.3999       1.63509998E+01
4464.7998       1.63801193E+01
4466.2002       1.63529415E+01
4467.6001       1.63277035E+01
4469.0000       1.63024654E+01
4470.3999       1.62578144E+01
4471.7998       1.62034569E+01
4473.2002       1.62151031E+01
4474.6001       1.62733459E+01
4476.0000       1.63238201E+01
4477.3999       1.63063488E+01
4478.7998       1.62830524E+01
4480.2002       1.62675209E+01
4481.6001       1.62500496E+01
4483.0000       1.62383995E+01
4484.3999       1.62345181E+01
4485.7998       1.62714043E+01
4487.2002       1.63005238E+01
4488.6001       1.62888756E+01
4490.0000       1.62558727E+01
4491.3999       1.62733459E+01
4492.7998       1.62714043E+01
4494.2002       1.62791691E+01
4495.6001       1.63082886E+01
4497.0000       1.63296452E+01
4498.3999       1.63121719E+01
4499.7998       1.62694626E+01
4501.2002       1.62383995E+01
4502.6001       1.62092800E+01
4504.0000       1.62306347E+01
4505.3999       1.62461662E+01
4506.7998       1.62519894E+01
4508.2002       1.62597542E+01
4509.6001       1.62714043E+01
4511.0000       1.62694626E+01
4512.3999       1.62481079E+01
4513.7998       1.62209282E+01
4515.2002       1.62325764E+01
4516.6001       1.62442245E+01
4518.0000       1.62519894E+01
4519.3999       1.62539310E+01
4520.7998       1.62325764E+01
4522.2002       1.62170448E+01
4523.6001       1.62364578E+01
4525.0000       1.62325764E+01
4526.3999       1.61956902E+01
4527.7998       1.62015152E+01
4529.2002       1.62306347E+01
4530.6001       1.62481079E+01
4532.0000       1.62286930E+01
4533.3999       1.62015152E+01
4534.7998       1.62053967E+01
4536.2002       1.61859837E+01
4537.6001       1.61316261E+01
4539.0000       1.60772667E+01
4540.3999       1.60345573E+01
4541.7998       1.60306740E+01
4543.2002       1.60500870E+01
4544.6001       1.60908566E+01
4546.0000       1.61452141E+01
4547.3999       1.61723938E+01
4548.7998       1.61762772E+01
4550.2002       1.61762772E+01
4551.6001       1.61956902E+01
4553.0000       1.62151031E+01
4554.3999       1.62248116E+01
4555.7998       1.62209282E+01
4557.2002       1.62189865E+01
4558.6001       1.62286930E+01
4560.0000       1.62248116E+01
4561.3999       1.62170448E+01
4562.7998       1.62209282E+01
4564.2002       1.62228699E+01
4565.6001       1.61956902E+01
4567.0000       1.61588039E+01
4568.3999       1.61316261E+01
4569.7998       1.61102695E+01
4571.2002       1.61063881E+01
4572.6001       1.61296844E+01
4574.0000       1.61452141E+01
4575.3999       1.61490974E+01
4576.7998       1.61607456E+01
4578.2002       1.61859837E+01
4579.6001       1.61821003E+01
4581.0000       1.61801586E+01
4582.3999       1.61821003E+01
4583.7998       1.61898651E+01
4585.2002       1.61665688E+01
4586.6001       1.61685104E+01
4588.0000       1.61685104E+01
4589.3999       1.61490974E+01
4590.7998       1.61258011E+01
4592.2002       1.61025047E+01
4593.6001       1.61277428E+01
4595.0000       1.61471558E+01
4596.3999       1.61219177E+01
4597.7998       1.60869732E+01
4599.2002       1.60927963E+01
4600.6001       1.60908566E+01
4602.0000       1.60772667E+01
4603.3999       1.60578537E+01
4604.7998       1.60403805E+01
4606.2002       1.61083298E+01
4607.6001       1.61471558E+01
4609.0000       1.61471558E+01
4610.3999       1.61258011E+01
4611.7998       1.60850315E+01
4613.2002       1.60792084E+01
4614.6001       1.60811501E+01
4616.0000       1.61025047E+01
4617.3999       1.61277428E+01
4618.7998       1.61374493E+01
4620.2002       1.61063881E+01
4621.6001       1.60753250E+01
4623.0000       1.60500870E+01
4624.3999       1.60403805E+01
4625.7998       1.60384388E+01
4627.2002       1.60267906E+01
4628.6001       1.60151424E+01
4630.0000       1.60170841E+01
4631.3999       1.60267906E+01
4632.7998       1.60462036E+01
4634.2002       1.60753250E+01
4635.6001       1.60695000E+01
4637.0000       1.60617352E+01
4638.3999       1.60811501E+01
4639.7998       1.61005630E+01
4641.2002       1.60986214E+01
4642.6001       1.60695000E+01
4644.0000       1.60695000E+01
4645.3999       1.60927963E+01
4646.7998       1.60986214E+01
4648.2002       1.60986214E+01
4649.6001       1.60986214E+01
4651.0000       1.60850315E+01
4652.3999       1.60695000E+01
4653.7998       1.60636768E+01
4655.2002       1.60714417E+01
4656.6001       1.60792084E+01
4658.0000       1.60869732E+01
4659.3999       1.60850315E+01
4660.7998       1.60656185E+01
4662.2002       1.60792084E+01
4663.6001       1.61238594E+01
4665.0000       1.61180344E+01
4666.3999       1.60578537E+01
4667.7998       1.60326157E+01
4669.2002       1.60364990E+01
4670.6001       1.60442619E+01
4672.0000       1.60326157E+01
4673.3999       1.60306740E+01
4674.7998       1.60326157E+01
4676.2002       1.60326157E+01
4677.6001       1.60190258E+01
4679.0000       1.60132008E+01
4680.3999       1.59646673E+01
4681.7998       1.59108906E+01
4683.2002       1.58483791E+01
4684.6001       1.57800426E+01
4686.0000       1.57561636E+01
4687.3999       1.57889729E+01
4688.7998       1.58524561E+01
4690.2002       1.58932247E+01
4691.6001       1.59433117E+01
4693.0000       1.60015526E+01
4694.3999       1.60190258E+01
4695.7998       1.60578537E+01
4697.2002       1.60151424E+01
4698.6001       1.59782562E+01
4700.0000       1.59627256E+01
4701.3999       1.59627256E+01
4702.7998       1.60170841E+01
4704.2002       1.60170841E+01
4705.6001       1.59957294E+01
4707.0000       1.59918461E+01
4708.3999       1.59724321E+01
4709.7998       1.59301109E+01
4711.2002       1.59334106E+01
4712.6001       1.59303045E+01
4714.0000       1.59322462E+01
4715.3999       1.59287519E+01
4716.7998       1.59254513E+01
4718.2002       1.59283638E+01
4719.6001       1.59134150E+01
4721.0000       1.58932247E+01
4722.3999       1.58992424E+01
4723.7998       1.59200153E+01
4725.2002       1.59006023E+01
4726.6001       1.59009895E+01
4728.0000       1.59037075E+01
4729.3999       1.59006023E+01
4730.7998       1.59155502E+01
4732.2002       1.59215689E+01
4733.6001       1.59178801E+01
4735.0000       1.59221516E+01
4736.3999       1.59106970E+01
4737.7998       1.59044847E+01
4739.2002       1.59246750E+01
4740.6001       1.59549599E+01
4742.0000       1.59433117E+01
4743.3999       1.59258394E+01
4744.7998       1.59380703E+01
4746.2002       1.59332170E+01
4747.6001       1.58965244E+01
4749.0000       1.58609982E+01
4750.3999       1.58433313E+01
4751.7998       1.58326540E+01
4753.2002       1.58375072E+01
4754.6001       1.58625507E+01
4756.0000       1.58874006E+01
4757.3999       1.58856535E+01
4758.7998       1.58509026E+01
4760.2002       1.58223648E+01
4761.6001       1.58188705E+01
4763.0000       1.58266354E+01
4764.3999       1.58431377E+01
4765.7998       1.58493500E+01
4767.2002       1.58495436E+01
4768.6001       1.58394489E+01
4770.0000       1.58514853E+01
4771.3999       1.58901186E+01
4772.7998       1.58648806E+01
4774.2002       1.58466320E+01
4775.6001       1.58736172E+01
4777.0000       1.58877888E+01
4778.3999       1.58699284E+01
4779.7998       1.58476028E+01
4781.2002       1.58518734E+01
4782.6001       1.58726463E+01
4784.0000       1.58734226E+01
4785.3999       1.58611917E+01
4786.7998       1.58468256E+01
4788.2002       1.58534269E+01
4789.6001       1.58243055E+01
4791.0000       1.58112984E+01
4792.3999       1.58474083E+01
4793.7998       1.58431377E+01
4795.2002       1.58279943E+01
4796.6001       1.58326540E+01
4798.0000       1.58276062E+01
4799.3999       1.58025627E+01
4800.7998       1.57647057E+01
4802.2002       1.57658710E+01
4803.6001       1.57615995E+01
4805.0000       1.57835369E+01
4806.3999       1.58029509E+01
4807.7998       1.58046980E+01
4809.2002       1.58180933E+01
4810.6001       1.57796545E+01
4812.0000       1.57880020E+01
4813.3999       1.58010092E+01
4814.7998       1.57944088E+01
4816.2002       1.57800426E+01
4817.6001       1.57753830E+01
4819.0000       1.57596588E+01
4820.3999       1.57417974E+01
4821.7998       1.57460690E+01
4823.2002       1.57625704E+01
4824.6001       1.57761602E+01
4826.0000       1.57907200E+01
4827.3999       1.58126574E+01
4828.7998       1.58078041E+01
4830.2002       1.57860613E+01
4831.6001       1.57654819E+01
4833.0000       1.57596588E+01
4834.3999       1.57536402E+01
4835.7998       1.57549992E+01
4837.2002       1.57722769E+01
4838.6001       1.57959623E+01
4840.0000       1.57897491E+01
4841.3999       1.57493687E+01
4842.7998       1.57503395E+01
4844.2002       1.57606287E+01
4845.6001       1.57528639E+01
4847.0000       1.57371387E+01
4848.3999       1.57099590E+01
4849.7998       1.56917105E+01
4851.2002       1.56889925E+01
4852.6001       1.56833620E+01
4854.0000       1.56678314E+01
4855.3999       1.56177444E+01
4856.7998       1.55410595E+01
4858.2002       1.54764128E+01
4859.6001       1.54080763E+01
4861.0000       1.53579884E+01
4862.3999       1.53457584E+01
4863.7998       1.53764315E+01
4865.2002       1.54218597E+01
4866.6001       1.54653463E+01
4868.0000       1.55286350E+01
4869.3999       1.55985250E+01
4870.7998       1.56315279E+01
4872.2002       1.56385164E+01
4873.6001       1.56264801E+01
4875.0000       1.56274509E+01
4876.3999       1.56563778E+01
4877.7998       1.56691904E+01
4879.2002       1.56767616E+01
4880.6001       1.56831684E+01
4882.0000       1.56814213E+01
4883.3999       1.56771498E+01
4884.7998       1.56554070E+01
4886.2002       1.56526890E+01
4887.6001       1.56660843E+01
4889.0000       1.56519127E+01
4890.3999       1.56474476E+01
4891.7998       1.56544361E+01
4893.2002       1.56647253E+01
4894.6001       1.56517181E+01
4896.0000       1.56501656E+01
4897.3999       1.56488056E+01
4898.7998       1.56509418E+01
4900.2002       1.56573486E+01
4901.6001       1.56462822E+01
4903.0000       1.56402645E+01
4904.3999       1.56340513E+01
4905.7998       1.56394873E+01
4907.2002       1.56474476E+01
4908.6001       1.56451178E+01
4910.0000       1.56734619E+01
4911.3999       1.56620073E+01
4912.7998       1.56521063E+01
4914.2002       1.56511354E+01
4915.6001       1.56447296E+01
4917.0000       1.56268682E+01
4918.3999       1.56247330E+01
4919.7998       1.56192970E+01
4921.2002       1.56260920E+01
4922.6001       1.56480293E+01
4924.0000       1.56726847E+01
4925.3999       1.56860800E+01
4926.7998       1.56703548E+01
4928.2002       1.56532717E+01
4929.6001       1.56726847E+01
4931.0000       1.57140360E+01
4932.3999       1.57150068E+01
4933.7998       1.57173367E+01
4935.2002       1.56882162E+01
4936.6001       1.56732674E+01
4938.0000       1.56363811E+01
4939.3999       1.56148319E+01
4940.7998       1.56423998E+01
4942.2002       1.56800623E+01
4943.6001       1.56796741E+01
4945.0000       1.56126966E+01
4946.3999       1.56192970E+01
4947.7998       1.56154146E+01
4949.2002       1.56183262E+01
4950.6001       1.56266747E+01
4952.0000       1.56251211E+01
4953.3999       1.56068726E+01
4954.7998       1.56095905E+01
4956.2002       1.56497765E+01
4957.6001       1.56567659E+01
4959.0000       1.56806450E+01
4960.3999       1.56876335E+01
4961.7998       1.56754026E+01
4963.2002       1.56596775E+01
4964.6001       1.56299744E+01
4966.0000       1.56026011E+01
4967.3999       1.56002722E+01
4968.7998       1.55991068E+01
4970.2002       1.56041546E+01
4971.6001       1.55991068E+01
4973.0000       1.56072607E+01
4974.3999       1.55940590E+01
4975.7998       1.55822172E+01
4977.2002       1.55550375E+01
4978.6001       1.55296059E+01
4980.0000       1.55068922E+01
4981.3999       1.54995146E+01
4982.7998       1.55354300E+01
4984.2002       1.55740633E+01
4985.6001       1.55952244E+01
4987.0000       1.56117258E+01
4988.3999       1.55998840E+01
4989.7998       1.55824108E+01
4991.2002       1.55800819E+01
4992.6001       1.55839643E+01
4994.0000       1.55796928E+01
4995.3999       1.55433893E+01
4996.7998       1.55237818E+01
4998.2002       1.55461073E+01
4999.6001       1.55649385E+01
5001.0000       1.55550375E+01
5002.3999       1.55344591E+01
5003.7998       1.55228109E+01
5005.2002       1.55222292E+01
5006.6001       1.55472727E+01
5008.0000       1.55583382E+01
5009.3999       1.55377598E+01
5010.7998       1.55057268E+01
5012.2002       1.55002909E+01
5013.6001       1.55055332E+01
5015.0000       1.54969912E+01
5016.3999       1.55035915E+01
5017.7998       1.55140753E+01
5019.2002       1.55272760E+01
5020.6001       1.55319357E+01
5022.0000       1.55208702E+01
5023.3999       1.55325184E+01
5024.7998       1.55451365E+01
5026.2002       1.55239763E+01
5027.6001       1.55129099E+01
5029.0000       1.54931078E+01
5030.3999       1.54933023E+01
5031.7998       1.54793243E+01
5033.2002       1.54987383E+01
5034.6001       1.55082512E+01
5036.0000       1.55008736E+01
5037.3999       1.54820423E+01
5038.7998       1.54742765E+01
5040.2002       1.55189285E+01
5041.6001       1.55391188E+01
5043.0000       1.55395069E+01
5044.3999       1.55033970E+01
5045.7998       1.54750538E+01
5047.2002       1.54756355E+01
5048.6001       1.54536982E+01
5050.0000       1.54410791E+01
5051.3999       1.54529219E+01
5052.7998       1.54783535E+01
5054.2002       1.54981556E+01
5055.6001       1.55059214E+01
5057.0000       1.55094156E+01
5058.3999       1.54971848E+01
5059.7998       1.55053387E+01
5061.2002       1.55164051E+01
5062.6001       1.54999027E+01
5064.0000       1.54837894E+01
5065.3999       1.54668999E+01
5066.7998       1.54604931E+01
5068.2002       1.54725294E+01
5069.6001       1.54841776E+01
5071.0000       1.54797125E+01
5072.3999       1.54808779E+01
5073.7998       1.54962139E+01
5075.2002       1.55177631E+01
5076.6001       1.55142689E+01
5078.0000       1.54830132E+01
5079.3999       1.54624348E+01
5080.7998       1.54736948E+01
5082.2002       1.54820423E+01
5083.6001       1.54688406E+01
5085.0000       1.54680643E+01
5086.3999       1.54872837E+01
5087.7998       1.54966030E+01
5089.2002       1.54769945E+01
5090.6001       1.54665117E+01
5092.0000       1.54663172E+01
5093.3999       1.54492331E+01
5094.7998       1.54389439E+01
5096.2002       1.54304018E+01
5097.6001       1.54480686E+01
5099.0000       1.54954376E+01
5100.3999       1.54886427E+01
5101.7998       1.54688406E+01
5103.2002       1.54542809E+01
5104.6001       1.54447680E+01
5106.0000       1.54325371E+01
5107.3999       1.54236069E+01
5108.7998       1.54152594E+01
5110.2002       1.54179773E+01
5111.6001       1.54220543E+01
5113.0000       1.54150648E+01
5114.3999       1.54014759E+01
5115.7998       1.54129295E+01
5117.2002       1.54086590E+01
5118.6001       1.54018641E+01
5120.0000       1.54036112E+01
5121.3999       1.54191418E+01
5122.7998       1.54156475E+01
5124.2002       1.54090471E+01
5125.6001       1.54096289E+01
5127.0000       1.54208889E+01
5128.3999       1.54039993E+01
5129.7998       1.53962336E+01
5131.2002       1.53983688E+01
5132.6001       1.54144821E+01
5134.0000       1.54276838E+01
5135.3999       1.54222479E+01
5136.7998       1.53946810E+01
5138.2002       1.53890505E+01
5139.6001       1.53937101E+01
5141.0000       1.54024458E+01
5142.3999       1.53931274E+01
5143.7998       1.53737135E+01
5145.2002       1.53946810E+01
5146.6001       1.54076881E+01
5148.0000       1.53904095E+01
5149.3999       1.53907976E+01
5150.7998       1.53874979E+01
5152.2002       1.53661423E+01
5153.6001       1.53655605E+01
5155.0000       1.53871098E+01
5156.3999       1.54010868E+01
5157.7998       1.54140940E+01
5159.2002       1.54113770E+01
5160.6001       1.54164238E+01
5162.0000       1.54133177E+01
5163.3999       1.54003105E+01
5164.7998       1.54043875E+01
5166.2002       1.53801203E+01
5167.6001       1.53469229E+01
5169.0000       1.53492527E+01
5170.3999       1.53675013E+01
5171.7998       1.53742962E+01
5173.2002       1.53620653E+01
5174.6001       1.53626480E+01
5176.0000       1.53816738E+01
5177.3999       1.53756552E+01
5178.7998       1.53494473E+01
5180.2002       1.53445930E+01
5181.6001       1.53515825E+01
5183.0000       1.53529415E+01
5184.3999       1.53436222E+01
5185.7998       1.53244028E+01
5187.2002       1.53228502E+01
5188.6001       1.53282862E+01
5190.0000       1.53430405E+01
5191.3999       1.53391571E+01
5192.7998       1.53296452E+01
5194.2002       1.53469229E+01
5195.6001       1.53484764E+01
5197.0000       1.53476992E+01
5198.3999       1.53364391E+01
5199.7998       1.53296452E+01
5201.2002       1.53282862E+01
5202.6001       1.53179970E+01
5204.0000       1.53197441E+01
5205.3999       1.53311977E+01
5206.7998       1.52985830E+01
5208.2002       1.52780046E+01
5209.6001       1.52997475E+01
5211.0000       1.53133373E+01
5212.3999       1.53119783E+01
5213.7998       1.53181906E+01
5215.2002       1.53300333E+01
5216.6001       1.53135319E+01
5218.0000       1.53028536E+01
5219.3999       1.52929525E+01
5220.7998       1.52869349E+01
5222.2002       1.52964478E+01
5223.6001       1.52968359E+01
5225.0000       1.52879057E+01
5226.3999       1.53148899E+01
5227.7998       1.52929525E+01
5229.2002       1.52735386E+01
5230.6001       1.52747040E+01
5232.0000       1.52675209E+01
5233.3999       1.52601433E+01
5234.7998       1.52517958E+01
5236.2002       1.52580080E+01
5237.6001       1.52712097E+01
5239.0000       1.52545137E+01
5240.3999       1.52690735E+01
5241.7998       1.52719860E+01
5243.2002       1.52688799E+01
5244.6001       1.52781982E+01
5246.0000       1.52882938E+01
5247.3999       1.52673264E+01
5248.7998       1.52461662E+01
5250.2002       1.52440300E+01
5251.6001       1.52558727E+01
5253.0000       1.52781982E+01
5254.3999       1.52875175E+01
5255.7998       1.52906227E+01
5257.2002       1.53038244E+01
5258.6001       1.53172197E+01
5260.0000       1.53108139E+01
5261.3999       1.52882938E+01
5262.7998       1.52741213E+01
5264.2002       1.52748985E+01
5265.6001       1.52793636E+01
5267.0000       1.52811108E+01
5268.3999       1.52758684E+01
5269.7998       1.52605324E+01
5271.2002       1.52484951E+01
5272.6001       1.52541256E+01
5274.0000       1.52673264E+01
5275.3999       1.52644148E+01
5276.7998       1.52574253E+01
5278.2002       1.52506313E+01
5279.6001       1.52321882E+01
5281.0000       1.52290821E+01
5282.3999       1.52374296E+01
5283.7998       1.52469425E+01
5285.2002       1.52393713E+01
5286.6001       1.52304411E+01
5288.0000       1.52376242E+01
5289.3999       1.52411184E+01
5290.7998       1.52413120E+01
5292.2002       1.52387886E+01
5293.6001       1.52283049E+01
5295.0000       1.52073383E+01
5296.3999       1.51828766E+01
5297.7998       1.51875362E+01
5299.2002       1.51984081E+01
5300.6001       1.52096682E+01
5302.0000       1.52203455E+01
5303.3999       1.52267523E+01
5304.7998       1.52215099E+01
5306.2002       1.52141333E+01
5307.6001       1.52081146E+01
5309.0000       1.51958847E+01
5310.3999       1.51887016E+01
5311.7998       1.52232580E+01
5313.2002       1.52380123E+01
5314.6001       1.52298584E+01
5316.0000       1.52236462E+01
5317.3999       1.52125797E+01
5318.7998       1.52011261E+01
5320.2002       1.51914196E+01
5321.6001       1.51956902E+01
5323.0000       1.51850128E+01
5324.3999       1.51875362E+01
5325.7998       1.52055912E+01
5327.2002       1.52067556E+01
5328.6001       1.51949139E+01
5330.0000       1.51692877E+01
5331.3999       1.51673460E+01
5332.7998       1.51772470E+01
5334.2002       1.51857891E+01
5335.6001       1.51887016E+01
5337.0000       1.51838474E+01
5338.3999       1.51671524E+01
5339.7998       1.51597748E+01
5341.2002       1.51599693E+01
5342.6001       1.51601629E+01
5344.0000       1.51657934E+01
5345.3999       1.51609392E+01
5346.7998       1.51642399E+01
5348.2002       1.51733646E+01
5349.6001       1.51805477E+01
5351.0000       1.51871481E+01
5352.3999       1.52046204E+01
5353.7998       1.52139387E+01
5355.2002       1.52022905E+01
5356.6001       1.51941376E+01
5358.0000       1.51892834E+01
5359.3999       1.51712284E+01
5360.7998       1.51463795E+01
5362.2002       1.51424961E+01
5363.6001       1.51426907E+01
5365.0000       1.51584158E+01
5366.3999       1.51735582E+01
5367.7998       1.51584158E+01
5369.2002       1.51489029E+01
5370.6001       1.51436615E+01
5372.0000       1.51448259E+01
5373.3999       1.51698704E+01
5374.7998       1.51632690E+01
5376.2002       1.51457968E+01
5377.6001       1.51516209E+01
5379.0000       1.51444378E+01
5380.3999       1.51366730E+01
5381.7998       1.51240540E+01
5383.2002       1.51009512E+01
5384.6001       1.51147346E+01
5386.0000       1.51289072E+01
5387.3999       1.51401672E+01
5388.7998       1.51522036E+01
5390.2002       1.51683168E+01
5391.6001       1.51704521E+01
5393.0000       1.51681223E+01
5394.3999       1.51595802E+01
5395.7998       1.51551151E+01
5397.2002       1.51533680E+01
5398.6001       1.51502619E+01
5400.0000       1.51444378E+01
5401.3999       1.51252184E+01
5402.7998       1.51182299E+01
5404.2002       1.51129875E+01
5405.6001       1.50918264E+01
5407.0000       1.50605707E+01
5408.3999       1.50283442E+01
5409.7998       1.50133953E+01
5411.2002       1.50064068E+01
5412.6001       1.49972820E+01
5414.0000       1.50133953E+01
5415.3999       1.50355272E+01
5416.7998       1.50535822E+01
5418.2002       1.50762959E+01
5419.6001       1.50914383E+01
5421.0000       1.50960979E+01
5422.3999       1.51104641E+01
5423.7998       1.51151237E+01
5425.2002       1.51193943E+01
5426.6001       1.50978451E+01
5428.0000       1.50887203E+01
5429.3999       1.50974569E+01
5430.7998       1.50828962E+01
5432.2002       1.50947390E+01
5433.6001       1.51036692E+01
5435.0000       1.50951271E+01
5436.3999       1.51019220E+01
5437.7998       1.51188116E+01
5439.2002       1.51141529E+01
5440.6001       1.50992041E+01
5442.0000       1.50799847E+01
5443.3999       1.50782375E+01
5444.7998       1.50889149E+01
5446.2002       1.50794020E+01
5447.6001       1.50762959E+01
5449.0000       1.50809555E+01
5450.3999       1.50784311E+01
5451.7998       1.50737724E+01
5453.2002       1.50660067E+01
5454.6001       1.50411568E+01
5456.0000       1.50240726E+01
5457.3999       1.50304794E+01
5458.7998       1.50578527E+01
5460.2002       1.50819263E+01
5461.6001       1.50764904E+01
5463.0000       1.50594063E+01
5464.3999       1.50590172E+01
5465.7998       1.50636768E+01
5467.2002       1.50663948E+01
5468.6001       1.50605707E+01
5470.0000       1.50912447E+01
5471.3999       1.51100760E+01
5472.7998       1.51052227E+01
5474.2002       1.50947390E+01
5475.6001       1.50638714E+01
5477.0000       1.50512524E+01
5478.3999       1.50613470E+01
5479.7998       1.50650358E+01
5481.2002       1.50487289E+01
5482.6001       1.50423222E+01
5484.0000       1.50392160E+01
5485.3999       1.50359154E+01
5486.7998       1.50394096E+01
5488.2002       1.50361099E+01
5489.6001       1.50279560E+01
5491.0000       1.50363035E+01
5492.3999       1.50543585E+01
5493.7998       1.50850325E+01
5495.2002       1.50858088E+01
5496.6001       1.50762959E+01
5498.0000       1.50724134E+01
5499.3999       1.50830908E+01
5500.7998       1.50813437E+01
5502.2002       1.50716362E+01
5503.6001       1.50698891E+01
5505.0000       1.50537758E+01
5506.3999       1.50421276E+01
5507.7998       1.50238791E+01
5509.2002       1.50448456E+01
5510.6001       1.50483398E+01
5512.0000       1.50524168E+01
5513.3999       1.50570765E+01
5514.7998       1.50491171E+01
5516.2002       1.50407686E+01
5517.6001       1.50440693E+01
5519.0000       1.50520287E+01
5520.3999       1.50390215E+01
5521.7998       1.50213547E+01
5523.2002       1.50215492E+01
5524.6001       1.50182486E+01
5526.0000       1.50186367E+01
5527.3999       1.50260143E+01
5528.7998       1.50198021E+01
5530.2002       1.50069885E+01
5531.6001       1.49982529E+01
5533.0000       1.50027180E+01
5534.3999       1.50126190E+01
5535.7998       1.50130072E+01
5537.2002       1.50100956E+01
5538.6001       1.50071831E+01
5540.0000       1.50033007E+01
5541.3999       1.50031061E+01
5542.7998       1.50081539E+01
5544.2002       1.50217438E+01
5545.6001       1.50250435E+01
5547.0000       1.50048532E+01
5548.3999       1.50025234E+01
5549.7998       1.50009708E+01
5551.2002       1.49965057E+01
5552.6001       1.49922342E+01
5554.0000       1.49957294E+01
5555.3999       1.50000000E+01
5556.7998       1.50089302E+01
5558.2002       1.50112600E+01
5559.6001       1.50077658E+01
5561.0000       1.50003881E+01
5562.3999       1.49891281E+01
5563.7998       1.49935932E+01
5565.2002       1.49966993E+01
5566.6001       1.49953403E+01
5568.0000       1.50000000E+01
5569.3999       1.49945641E+01
5570.7998       1.49883518E+01
5572.2002       1.49846630E+01
5573.6001       1.49819450E+01
5575.0000       1.49792271E+01
5576.3999       1.49803925E+01
5577.7998       1.49796152E+01
5579.2002       1.49856339E+01
5580.6001       1.49776745E+01
5582.0000       1.49753447E+01
5583.3999       1.49794216E+01
5584.7998       1.49817514E+01
5586.2002       1.49860220E+01
5587.6001       1.49893227E+01
5589.0000       1.49887400E+01
5590.3999       1.49930115E+01
5591.7998       1.49815569E+01
5593.2002       1.49685497E+01
5594.6001       1.49656382E+01
5596.0000       1.49681616E+01
5597.3999       1.49862165E+01
5598.7998       1.49900990E+01
5600.2002       1.49745684E+01
5601.6001       1.49602022E+01
5603.0000       1.49516602E+01
5604.3999       1.49642792E+01
5605.7998       1.49695206E+01
5607.2002       1.49702969E+01
5608.6001       1.49763155E+01
5610.0000       1.49636965E+01
5611.3999       1.49516602E+01
5612.7998       1.49627256E+01
5614.2002       1.49699087E+01
5615.6001       1.49714622E+01
5617.0000       1.49687443E+01
5618.3999       1.49613667E+01
5619.7998       1.49642792E+01
5621.2002       1.49728212E+01
5622.6001       1.49695206E+01
5624.0000       1.49644728E+01
5625.3999       1.49594250E+01
5626.7998       1.49574842E+01
5628.2002       1.49623375E+01
5629.6001       1.49658318E+01
5631.0000       1.49697151E+01
5632.3999       1.49685497E+01
5633.7998       1.49648609E+01
5635.2002       1.49487476E+01
5636.6001       1.49390411E+01
5638.0000       1.49522419E+01
5639.3999       1.49549599E+01
5640.7998       1.49436998E+01
5642.2002       1.49398174E+01
5643.6001       1.49504948E+01
5645.0000       1.49561253E+01
5646.3999       1.49528246E+01
5647.7998       1.49297228E+01
5649.2002       1.49297228E+01
5650.6001       1.49326344E+01
5652.0000       1.49332170E+01
5653.3999       1.49440889E+01
5654.7998       1.49450588E+01
5656.2002       1.49367113E+01
5657.6001       1.49312754E+01
5659.0000       1.49299164E+01
5660.3999       1.49361286E+01
5661.7998       1.49477768E+01
5663.2002       1.49501066E+01
5664.6001       1.49537954E+01
5666.0000       1.49423409E+01
5667.3999       1.49409828E+01
5668.7998       1.49380703E+01
5670.2002       1.49268103E+01
5671.6001       1.49291401E+01
5673.0000       1.49182682E+01
5674.3999       1.49143858E+01
5675.7998       1.49192390E+01
5677.2002       1.49019604E+01
5678.6001       1.49091434E+01
5680.0000       1.49244804E+01
5681.3999       1.49343815E+01
5682.7998       1.49295282E+01
5684.2002       1.49289455E+01
5685.6001       1.49225397E+01
5687.0000       1.49153566E+01
5688.3999       1.49052610E+01
5689.7998       1.49040966E+01
5691.2002       1.49264221E+01
5692.6001       1.49532127E+01
5694.0000       1.49609785E+01
5695.3999       1.49357405E+01
5696.7998       1.49258394E+01
5698.2002       1.49258394E+01
5699.6001       1.49176855E+01
5701.0000       1.49134150E+01
5702.3999       1.48940010E+01
5703.7998       1.48652687E+01
5705.2002       1.48681812E+01
5706.6001       1.48901186E+01
5708.0000       1.49040966E+01
5709.3999       1.49044847E+01
5710.7998       1.49077854E+01
5712.2002       1.49211807E+01
5713.6001       1.49283638E+01
5715.0000       1.49223452E+01
5716.3999       1.49083672E+01
5717.7998       1.48920603E+01
5719.2002       1.48879833E+01
5720.6001       1.48955545E+01
5722.0000       1.48860416E+01
5723.3999       1.48714809E+01
5724.7998       1.48761406E+01
5726.2002       1.48811884E+01
5727.6001       1.48831291E+01
5729.0000       1.48848763E+01
5730.3999       1.48769169E+01
5731.7998       1.48755579E+01
5733.2002       1.48726463E+01
5734.6001       1.48759460E+01
5736.0000       1.48668222E+01
5737.3999       1.48639097E+01
5738.7998       1.48718700E+01
5740.2002       1.48905067E+01
5741.6001       1.49007959E+01
5743.0000       1.48969135E+01
5744.3999       1.48846827E+01
5745.7998       1.48829355E+01
5747.2002       1.48821592E+01
5748.6001       1.48710928E+01
5750.0000       1.48821592E+01
5751.3999       1.48897305E+01
5752.7998       1.48916712E+01
5754.2002       1.48839064E+01
5755.6001       1.48778877E+01
5757.0000       1.48815765E+01
5758.3999       1.48885651E+01
5759.7998       1.48874006E+01
5761.2002       1.48928366E+01
5762.6001       1.48974953E+01
5764.0000       1.49007959E+01
5765.3999       1.48699284E+01
5766.7998       1.48543968E+01
5768.2002       1.48588619E+01
5769.6001       1.48559504E+01
5771.0000       1.48563385E+01
5772.3999       1.48497381E+01
5773.7998       1.48569212E+01
5775.2002       1.48526497E+01
5776.6001       1.48423605E+01
5778.0000       1.48345947E+01
5779.3999       1.47843142E+01
5780.7998       1.47615995E+01
5782.2002       1.47819843E+01
5783.6001       1.48155699E+01
5785.0000       1.48433313E+01
5786.3999       1.48567266E+01
5787.7998       1.48573093E+01
5789.2002       1.48536205E+01
5790.6001       1.48470201E+01
5792.0000       1.48338184E+01
5793.3999       1.48239174E+01
5794.7998       1.48116875E+01
5796.2002       1.47967386E+01
5797.6001       1.47856731E+01
5799.0000       1.47808189E+01
5800.3999       1.47827606E+01
5801.7998       1.47860613E+01
5803.2002       1.47955742E+01
5804.6001       1.48153753E+01
5806.0000       1.48245001E+01
5807.3999       1.48186760E+01
5808.7998       1.48037271E+01
5810.2002       1.47938261E+01
5811.6001       1.48029509E+01
5813.0000       1.48064451E+01
5814.3999       1.48019800E+01
5815.7998       1.48043098E+01
5817.2002       1.48142109E+01
5818.6001       1.48272181E+01
5820.0000       1.48338184E+01
5821.3999       1.48320713E+01
5822.7998       1.48365364E+01
5824.2002       1.48384781E+01
5825.6001       1.48388662E+01
5827.0000       1.48340130E+01
5828.3999       1.48410015E+01
5829.7998       1.48443022E+01
5831.2002       1.48314896E+01
5832.6001       1.48204231E+01
5834.0000       1.48248882E+01
5835.3999       1.48233356E+01
5836.7998       1.48221703E+01
5838.2002       1.48311005E+01
5839.6001       1.48351774E+01
5841.0000       1.48225584E+01
5842.3999       1.48227530E+01
5843.7998       1.48347893E+01
5845.2002       1.48404198E+01
5846.6001       1.48373127E+01
5848.0000       1.48390608E+01
5849.3999       1.48285770E+01
5850.7998       1.48196468E+01
5852.2002       1.48027573E+01
5853.6001       1.47940207E+01
5855.0000       1.47922735E+01
5856.3999       1.47843142E+01
5857.7998       1.47850904E+01
5859.2002       1.47940207E+01
5860.6001       1.48045044E+01
5862.0000       1.48204231E+01
5863.3999       1.48196468E+01
5864.7998       1.48272181E+01
5866.2002       1.48415842E+01
5867.6001       1.48334303E+01
5869.0000       1.48206177E+01
5870.3999       1.48048925E+01
5871.7998       1.47792664E+01
5873.2002       1.47553873E+01
5874.6001       1.47569408E+01
5876.0000       1.47687826E+01
5877.3999       1.47757721E+01
5878.7998       1.47819843E+01
5880.2002       1.47833433E+01
5881.6001       1.48006210E+01
5883.0000       1.48192587E+01
5884.3999       1.48128519E+01
5885.7998       1.47880020E+01
5887.2002       1.47441273E+01
5888.6001       1.46823921E+01
5890.0000       1.46773443E+01
5891.3999       1.47163658E+01
5892.7998       1.47318964E+01
5894.2002       1.47097654E+01
5895.6001       1.46901569E+01
5897.0000       1.47252960E+01
5898.3999       1.47660646E+01
5899.7998       1.47744131E+01
5901.2002       1.47763538E+01
5902.6001       1.47763538E+01
5904.0000       1.47769365E+01
5905.3999       1.47796545E+01
5906.7998       1.47788782E+01
5908.2002       1.47841196E+01
5909.6001       1.47947969E+01
5911.0000       1.48006210E+01
5912.3999       1.48081923E+01
5913.7998       1.48087749E+01
5915.2002       1.48039217E+01
5916.6001       1.47942142E+01
5918.0000       1.47887793E+01
5919.3999       1.47878084E+01
5920.7998       1.47711124E+01
5922.2002       1.47652884E+01
5923.6001       1.47654819E+01
5925.0000       1.47781010E+01
5926.3999       1.47814016E+01
5927.7998       1.47744131E+01
5929.2002       1.47777128E+01
5930.6001       1.47782955E+01
5932.0000       1.47775192E+01
5933.3999       1.47635412E+01
5934.7998       1.47674236E+01
5936.2002       1.47845078E+01
5937.6001       1.48004274E+01
5939.0000       1.48010092E+01
5940.3999       1.47784901E+01
5941.7998       1.47810135E+01
5943.2002       1.47718887E+01
5944.6001       1.47746067E+01
5946.0000       1.47691708E+01
5947.3999       1.47468452E+01
5948.7998       1.47652884E+01
5950.2002       1.47695589E+01
5951.6001       1.47668419E+01
5953.0000       1.47592697E+01
5954.3999       1.47452927E+01
5955.7998       1.47581053E+01
5957.2002       1.47470398E+01
5958.6001       1.47416039E+01
5960.0000       1.47396622E+01
5961.3999       1.47482042E+01
5962.7998       1.47683945E+01
5964.2002       1.47687826E+01
5965.6001       1.47581053E+01
5967.0000       1.47497578E+01
5968.3999       1.47363615E+01
5969.7998       1.47309265E+01
5971.2002       1.47367496E+01
5972.6001       1.47501459E+01
5974.0000       1.47561636E+01
5975.3999       1.47534456E+01
5976.7998       1.47507277E+01
5978.2002       1.47509222E+01
5979.6001       1.47522812E+01
5981.0000       1.47548046E+01
5982.3999       1.47501459E+01
5983.7998       1.47456808E+01
5985.2002       1.47423801E+01
5986.6001       1.47274313E+01
5988.0000       1.47196665E+01
5989.3999       1.47435446E+01
5990.7998       1.47658710E+01
5992.2002       1.47598524E+01
5993.6001       1.47619877E+01
5995.0000       1.47674236E+01
5996.3999       1.47734423E+01
5997.7998       1.47726650E+01
5999.2002       1.47398567E+01
6000.6001       1.47274313E+01
6002.0000       1.47256842E+01
6003.3999       1.47330618E+01
6004.7998       1.47400503E+01
6006.2002       1.47245197E+01
6007.6001       1.47251015E+01
6009.0000       1.47218018E+01
6010.3999       1.47258787E+01
6011.7998       1.47398567E+01
6013.2002       1.47365561E+01
6014.6001       1.47124834E+01
6016.0000       1.47113180E+01
6017.3999       1.47202482E+01
6018.7998       1.47340326E+01
6020.2002       1.47373323E+01
6021.6001       1.47235489E+01
6023.0000       1.47210255E+01
6024.3999       1.47204428E+01
6025.7998       1.47295675E+01
6027.2002       1.47373323E+01
6028.6001       1.47493687E+01
6030.0000       1.47518930E+01
6031.3999       1.47478161E+01
6032.7998       1.47334499E+01
6034.2002       1.47138424E+01
6035.6001       1.47006407E+01
6037.0000       1.46897688E+01
6038.3999       1.47033587E+01
6039.7998       1.46917105E+01
6041.2002       1.47066593E+01
6042.6001       1.47204428E+01
6044.0000       1.47192774E+01
6045.3999       1.47258787E+01
6046.7998       1.47155895E+01
6048.2002       1.47035522E+01
6049.6001       1.46979227E+01
6051.0000       1.46994762E+01
6052.3999       1.47070475E+01
6053.7998       1.47140360E+01
6055.2002       1.47218018E+01
6056.6001       1.47233543E+01
6058.0000       1.47202482E+01
6059.3999       1.47219954E+01
6060.7998       1.47183075E+01
6062.2002       1.47099590E+01
6063.6001       1.47008352E+01
6065.0000       1.47082119E+01
6066.3999       1.47227726E+01
6067.7998       1.47206364E+01
6069.2002       1.47066593E+01
6070.6001       1.46957874E+01
6072.0000       1.47097654E+01
6073.3999       1.47175303E+01
6074.7998       1.47066593E+01
6076.2002       1.47058821E+01
6077.6001       1.47027760E+01
6079.0000       1.47049122E+01
6080.3999       1.47019997E+01
6081.7998       1.47086000E+01
6083.2002       1.46990871E+01
6084.6001       1.46884098E+01
6086.0000       1.46950111E+01
6087.3999       1.47047176E+01
6088.7998       1.47126770E+01
6090.2002       1.47035522E+01
6091.6001       1.46963692E+01
6093.0000       1.46953993E+01
6094.3999       1.47080173E+01
6095.7998       1.47235489E+01
6097.2002       1.47326736E+01
6098.6001       1.47266550E+01
6100.0000       1.46936522E+01
6101.3999       1.46674433E+01
6102.7998       1.46709375E+01
6104.2002       1.46886044E+01
6105.6001       1.46979227E+01
6107.0000       1.46985054E+01
6108.3999       1.46948166E+01
6109.7998       1.46897688E+01
6111.2002       1.46973400E+01
6112.6001       1.47002525E+01
6114.0000       1.47029705E+01
6115.3999       1.47093773E+01
6116.7998       1.47101536E+01
6118.2002       1.47014170E+01
6119.6001       1.46862745E+01
6121.0000       1.46866627E+01
6122.3999       1.47031641E+01
6123.7998       1.47171421E+01
6125.2002       1.47204428E+01
6126.6001       1.47155895E+01
6128.0000       1.47087946E+01
6129.3999       1.46975346E+01
6130.7998       1.46967583E+01
6132.2002       1.46994762E+01
6133.6001       1.46907396E+01
6135.0000       1.46988935E+01
6136.3999       1.47054939E+01
6137.7998       1.47058821E+01
6139.2002       1.47072411E+01
6140.6001       1.46948166E+01
6142.0000       1.46796741E+01
6143.3999       1.46794796E+01
6144.7998       1.46889925E+01
6146.2002       1.46975346E+01
6147.6001       1.46952047E+01
6149.0000       1.46934576E+01
6150.3999       1.46853037E+01
6151.7998       1.46849155E+01
6153.2002       1.46858864E+01
6154.6001       1.46872454E+01
6156.0000       1.46887980E+01
6157.3999       1.46917105E+01
6158.7998       1.46903515E+01
6160.2002       1.46876335E+01
6161.6001       1.46919041E+01
6163.0000       1.46705494E+01
6164.3999       1.46622019E+01
6165.7998       1.46602602E+01
6167.2002       1.46523008E+01
6168.6001       1.46511354E+01
6170.0000       1.46552124E+01
6171.3999       1.46569595E+01
6172.7998       1.46655016E+01
6174.2002       1.46695786E+01
6175.6001       1.46608429E+01
6177.0000       1.46515236E+01
6178.3999       1.46583185E+01
6179.7998       1.46546307E+01
6181.2002       1.46456995E+01
6182.6001       1.46468649E+01
6184.0000       1.46513300E+01
6185.3999       1.46532707E+01
6186.7998       1.46517181E+01
6188.2002       1.46577368E+01
6189.6001       1.46623955E+01
6191.0000       1.46633663E+01
6192.3999       1.46573477E+01
6193.7998       1.46515236E+01
6195.2002       1.46612310E+01
6196.6001       1.46693850E+01
6198.0000       1.46697731E+01
6199.3999       1.46689968E+01
6200.7998       1.46649199E+01
6202.2002       1.46581249E+01
6203.6001       1.46499710E+01
6205.0000       1.46499710E+01
6206.3999       1.46563778E+01
6207.7998       1.46689968E+01
6209.2002       1.46876335E+01
6210.6001       1.46761789E+01
6212.0000       1.46637545E+01
6213.3999       1.46653080E+01
6214.7998       1.46540480E+01
6216.2002       1.46528826E+01
6217.6001       1.46519127E+01
6219.0000       1.46515236E+01
6220.3999       1.46495829E+01
6221.7998       1.46511354E+01
6223.2002       1.46546307E+01
6224.6001       1.46614246E+01
6226.0000       1.46604538E+01
6227.3999       1.46385164E+01
6228.7998       1.46476412E+01
6230.2002       1.46631718E+01
6231.6001       1.46637545E+01
6233.0000       1.46631718E+01
6234.3999       1.46682196E+01
6235.7998       1.46829739E+01
6237.2002       1.46616192E+01
6238.6001       1.46418171E+01
6240.0000       1.46321106E+01
6241.3999       1.46348286E+01
6242.7998       1.46515236E+01
6244.2002       1.46625900E+01
6245.6001       1.46804504E+01
6247.0000       1.46920986E+01
6248.3999       1.46851101E+01
6249.7998       1.46767616E+01
6251.2002       1.46641426E+01
6252.6001       1.46604538E+01
6254.0000       1.46548243E+01
6255.3999       1.46453114E+01
6256.7998       1.46437588E+01
6258.2002       1.46511354E+01
6259.6001       1.46691904E+01
6261.0000       1.46705494E+01
6262.3999       1.46486120E+01
6263.7998       1.46495829E+01
6265.2002       1.46645308E+01
6266.6001       1.46676369E+01
6268.0000       1.46684141E+01
6269.3999       1.46552124E+01
6270.7998       1.46346340E+01
6272.2002       1.46297808E+01
6273.6001       1.46323042E+01
6275.0000       1.46270628E+01
6276.3999       1.46115322E+01
6277.7998       1.46078434E+01
6279.2002       1.46092024E+01
6280.6001       1.45882349E+01
6282.0000       1.45690155E+01
6283.3999       1.45486317E+01
6284.7998       1.45433893E+01
6286.2002       1.45713453E+01
6287.6001       1.46041546E+01
6289.0000       1.46161909E+01
6290.3999       1.46202679E+01
6291.7998       1.46210442E+01
6293.2002       1.46163855E+01
6294.6001       1.46144438E+01
6296.0000       1.46165791E+01
6297.3999       1.46220150E+01
6298.7998       1.46324987E+01
6300.2002       1.46328869E+01
6301.6001       1.46225977E+01
6303.0000       1.46027956E+01
6304.3999       1.46227913E+01
6305.7998       1.46338577E+01
6307.2002       1.46247330E+01
6308.6001       1.46093960E+01
6310.0000       1.46107550E+01
6311.3999       1.46049309E+01
6312.7998       1.46066780E+01
6314.2002       1.46109495E+01
6315.6001       1.46134729E+01
6317.0000       1.46165791E+01
6318.3999       1.46216269E+01
6319.7998       1.46194916E+01
6321.2002       1.46192970E+01
6322.6001       1.46313334E+01
6324.0000       1.46416225E+01
6325.3999       1.46449232E+01
6326.7998       1.46460876E+01
6328.2002       1.46418171E+01
6329.6001       1.46321106E+01
6331.0000       1.46175499E+01
6332.3999       1.46196852E+01
6333.7998       1.46295862E+01
6335.2002       1.46311398E+01
6336.6001       1.46264801E+01
6338.0000       1.46258984E+01
6339.3999       1.46206560E+01
6340.7998       1.46148319E+01
6342.2002       1.46074553E+01
6343.6001       1.45975542E+01
6345.0000       1.46002722E+01
6346.3999       1.46070662E+01
6347.7998       1.46084251E+01
6349.2002       1.46126966E+01
6350.6001       1.46245394E+01
6352.0000       1.46270628E+01
6353.3999       1.46136675E+01
6354.7998       1.46010485E+01
6356.2002       1.46049309E+01
6357.6001       1.45993013E+01
6359.0000       1.45977478E+01
6360.3999       1.45983305E+01
6361.7998       1.46043491E+01
6363.2002       1.45994949E+01
6364.6001       1.45958071E+01
6366.0000       1.46027956E+01
6367.3999       1.46163855E+01
6368.7998       1.46192970E+01
6370.2002       1.46059017E+01
6371.6001       1.45942535E+01
6373.0000       1.45909529E+01
6374.3999       1.45888176E+01
6375.7998       1.45927000E+01
6377.2002       1.46059017E+01
6378.6001       1.46066780E+01
6380.0000       1.46002722E+01
6381.3999       1.45897884E+01
6382.7998       1.45901766E+01
6384.2002       1.45831881E+01
6385.6001       1.45932827E+01
6387.0000       1.46035719E+01
6388.3999       1.46057072E+01
6389.7998       1.46041546E+01
6391.2002       1.45944481E+01
6392.6001       1.45967770E+01
6394.0000       1.45987186E+01
6395.3999       1.45837698E+01
6396.7998       1.45717335E+01
6398.2002       1.45802755E+01
6399.6001       1.45932827E+01
6401.0000       1.46039600E+01
6402.3999       1.46080370E+01
6403.7998       1.45911474E+01
6405.2002       1.45855179E+01
6406.6001       1.45915356E+01
6408.0000       1.45967770E+01
6409.3999       1.45952244E+01
6410.7998       1.45989132E+01
6412.2002       1.46033783E+01
6413.6001       1.45979424E+01
6415.0000       1.45888176E+01
6416.3999       1.45899830E+01
6417.7998       1.45950298E+01
6419.2002       1.45954180E+01
6420.6001       1.45979424E+01
6422.0000       1.46008539E+01
6423.3999       1.46076488E+01
6424.7998       1.46082315E+01
6426.2002       1.46060963E+01
6427.6001       1.46090078E+01
6429.0000       1.46008539E+01
6430.3999       1.45874586E+01
6431.7998       1.45884295E+01
6433.2002       1.45942535E+01
6434.6001       1.45888176E+01
6436.0000       1.45872650E+01
6437.3999       1.46074553E+01
6438.7998       1.46064844E+01
6440.2002       1.45975542E+01
6441.6001       1.45911474E+01
6443.0000       1.45886240E+01
6444.3999       1.45950298E+01
6445.7998       1.45870705E+01
6447.2002       1.45785284E+01
6448.6001       1.45781403E+01
6450.0000       1.45730925E+01
6451.3999       1.45833817E+01
6452.7998       1.45894003E+01
6454.2002       1.45857115E+01
6455.6001       1.45723162E+01
6457.0000       1.45707626E+01
6458.3999       1.45707626E+01
6459.7998       1.45748396E+01
6461.2002       1.45794992E+01
6462.6001       1.45859060E+01
6464.0000       1.45954180E+01
6465.3999       1.45831881E+01
6466.7998       1.45754223E+01
6468.2002       1.45793047E+01
6469.6001       1.45835762E+01
6471.0000       1.45752277E+01
6472.3999       1.45686274E+01
6473.7998       1.45695982E+01
6475.2002       1.45756168E+01
6476.6001       1.45748396E+01
6478.0000       1.45783348E+01
6479.3999       1.45870705E+01
6480.7998       1.45960007E+01
6482.2002       1.45903711E+01
6483.6001       1.45868759E+01
6485.0000       1.45864878E+01
6486.3999       1.45794992E+01
6487.7998       1.45744514E+01
6489.2002       1.45758104E+01
6490.6001       1.45738688E+01
6492.0000       1.45670748E+01
6493.3999       1.45655212E+01
6494.7998       1.45701809E+01
6496.2002       1.45791111E+01
6497.6001       1.45831881E+01
6499.0000       1.45849352E+01
6500.3999       1.45872650E+01
6501.7998       1.45796928E+01
6503.2002       1.45668802E+01
6504.6001       1.45629978E+01
6506.0000       1.45662975E+01
6507.3999       1.45727043E+01
6508.7998       1.45692101E+01
6510.2002       1.45760050E+01
6511.6001       1.45771694E+01
6513.0000       1.45791111E+01
6514.3999       1.45812464E+01
6515.7998       1.45651331E+01
6517.2002       1.45583382E+01
6518.6001       1.45596972E+01
6520.0000       1.45622206E+01
6521.3999       1.45546494E+01
6522.7998       1.45589209E+01
6524.2002       1.45595026E+01
6525.6001       1.45556202E+01
6527.0000       1.45470781E+01
6528.3999       1.45422249E+01
6529.7998       1.45459137E+01
6531.2002       1.45476608E+01
6532.6001       1.45583382E+01
6534.0000       1.45653267E+01
6535.3999       1.45672684E+01
6536.7998       1.45688219E+01
6538.2002       1.45717335E+01
6539.6001       1.45785284E+01
6541.0000       1.45785284E+01
6542.3999       1.45752277E+01
6543.7998       1.45727043E+01
6545.2002       1.45707626E+01
6546.6001       1.45674629E+01
6548.0000       1.45732870E+01
6549.3999       1.45734806E+01
6550.7998       1.45587263E+01
6552.2002       1.45445547E+01
6553.6001       1.45391188E+01
6555.0000       1.45315475E+01
6556.3999       1.45123272E+01
6557.7998       1.44896135E+01
6559.2002       1.44723358E+01
6560.6001       1.44564161E+01
6562.0000       1.44399147E+01
6563.3999       1.44366140E+01
6564.7998       1.44478741E+01
6566.2002       1.44688406E+01
6567.6001       1.44933023E+01
6569.0000       1.45138807E+01
6570.3999       1.45383425E+01
6571.7998       1.45567856E+01
6573.2002       1.45614443E+01
6574.6001       1.45608616E+01
6576.0000       1.45565910E+01
6577.3999       1.45579500E+01
6578.7998       1.45618324E+01
6580.2002       1.45699863E+01
6581.6001       1.45701809E+01
6583.0000       1.45470781E+01
6584.3999       1.45422249E+01
6585.7998       1.45373716E+01
6587.2002       1.45400896E+01
6588.6001       1.45591145E+01
6590.0000       1.45697918E+01
6591.3999       1.45591145E+01
6592.7998       1.45513496E+01
6594.2002       1.45430012E+01
6595.6001       1.45538731E+01
6597.0000       1.45548439E+01
6598.3999       1.45560083E+01
6599.7998       1.45569792E+01
6601.2002       1.45629978E+01
6602.6001       1.45631914E+01
6604.0000       1.45620270E+01
6605.3999       1.45595026E+01
6606.7998       1.45579500E+01
6608.2002       1.45633860E+01
6609.6001       1.45639687E+01
6611.0000       1.45645504E+01
6612.3999       1.45484371E+01
6613.7998       1.45414486E+01
6615.2002       1.45433893E+01
6616.6001       1.45466900E+01
6618.0000       1.45515432E+01
6619.3999       1.45503788E+01
6620.7998       1.45457191E+01
6622.2002       1.45476608E+01
6623.6001       1.45480490E+01
6625.0000       1.45430012E+01
6626.3999       1.45443602E+01
6627.7998       1.45416422E+01
6629.2002       1.45414486E+01
6630.6001       1.45402832E+01
6632.0000       1.45476608E+01
6633.3999       1.45629978E+01
6634.7998       1.45664921E+01
6636.2002       1.45666857E+01
6637.6001       1.45575619E+01
6639.0000       1.45431957E+01
6640.3999       1.45459137E+01
6641.7998       1.45525141E+01
6643.2002       1.45507669E+01
6644.6001       1.45474663E+01
6646.0000       1.45431957E+01
6647.3999       1.45412540E+01
6648.7998       1.45435839E+01
6650.2002       1.45404778E+01
6651.6001       1.45350418E+01
6653.0000       1.45340710E+01
6654.3999       1.45364008E+01
6655.7998       1.45459137E+01
6657.2002       1.45402832E+01
6658.6001       1.45230055E+01
6660.0000       1.45086393E+01
6661.3999       1.45105801E+01
6662.7998       1.45121336E+01
6664.2002       1.45177631E+01
6665.6001       1.45175695E+01
6667.0000       1.45218401E+01
6668.3999       1.45247526E+01
6669.7998       1.45264997E+01
6671.2002       1.45259171E+01
6672.6001       1.45288296E+01
6674.0000       1.45278587E+01
6675.3999       1.45272760E+01
6676.7998       1.45197048E+01
6678.2002       1.45173750E+01
6679.6001       1.45022326E+01
6681.0000       1.45123272E+01
6682.3999       1.45216465E+01
6683.7998       1.45132980E+01
6685.2002       1.45072803E+01
6686.6001       1.45148516E+01
6688.0000       1.45195112E+01
6689.3999       1.45228109E+01
6690.7998       1.45233936E+01
6692.2002       1.45195112E+01
6693.6001       1.45208702E+01
6695.0000       1.45270824E+01
6696.3999       1.45249462E+01
6697.7998       1.45198994E+01
6699.2002       1.45148516E+01
6700.6001       1.45123272E+01
6702.0000       1.45197048E+01
6703.3999       1.45228109E+01
6704.7998       1.45142689E+01
6706.2002       1.45074739E+01
6707.6001       1.45088329E+01
6709.0000       1.45136871E+01
6710.3999       1.45179577E+01
6711.7998       1.45220346E+01
6713.2002       1.45200930E+01
6714.6001       1.45078621E+01
6716.0000       1.45026207E+01
6717.3999       1.45070858E+01
6718.7998       1.45041742E+01
6720.2002       1.45084448E+01
6721.6001       1.45212584E+01
6723.0000       1.45220346E+01
6724.3999       1.45224228E+01
6725.7998       1.45185404E+01
6727.2002       1.45125217E+01
6728.6001       1.45092211E+01
6730.0000       1.45121336E+01
6731.3999       1.45140753E+01
6732.7998       1.45051451E+01
6734.2002       1.45088329E+01
6735.6001       1.45156279E+01
6737.0000       1.45177631E+01
6738.3999       1.45117455E+01
6739.7998       1.45200930E+01
6741.2002       1.45169868E+01
6742.6001       1.45148516E+01
6744.0000       1.45136871E+01
6745.3999       1.45117455E+01
6746.7998       1.45094156E+01
6748.2002       1.45053387E+01
6749.6001       1.45076685E+01
6751.0000       1.45096102E+01
6752.3999       1.45173750E+01
6753.7998       1.45152397E+01
6755.2002       1.45039797E+01
6756.6001       1.45072803E+01
6758.0000       1.45037861E+01
6759.3999       1.45059214E+01
6760.7998       1.45103865E+01
6762.2002       1.45162106E+01
6763.6001       1.45181522E+01
6765.0000       1.45140753E+01
6766.3999       1.45088329E+01
6767.7998       1.45059214E+01
6769.2002       1.45045624E+01
6770.6001       1.45072803E+01
6772.0000       1.45127163E+01
6773.3999       1.45132980E+01
6774.7998       1.45063095E+01
6776.2002       1.45072803E+01
6777.6001       1.45107746E+01
6779.0000       1.45111628E+01
6780.3999       1.45094156E+01
6781.7998       1.45101919E+01
6783.2002       1.45082512E+01
6784.6001       1.44964085E+01
6786.0000       1.44857311E+01
6787.3999       1.44845657E+01
6788.7998       1.44909725E+01
6790.2002       1.44975729E+01
6791.6001       1.44967966E+01
6793.0000       1.44929142E+01
6794.3999       1.44929142E+01
6795.7998       1.44929142E+01
6797.2002       1.44952440E+01
6798.6001       1.45018444E+01
6800.0000       1.45084448E+01
6801.3999       1.45078621E+01
6802.7998       1.45010681E+01
6804.2002       1.44950495E+01
6805.6001       1.44962139E+01
6807.0000       1.44934959E+01
6808.3999       1.44892254E+01
6809.7998       1.44775772E+01
6811.2002       1.44610758E+01
6812.6001       1.44719477E+01
6814.0000       1.44907789E+01
6815.3999       1.44993210E+01
6816.7998       1.44987383E+01
6818.2002       1.44882545E+01
6819.6001       1.44894199E+01
6821.0000       1.44967966E+01
6822.3999       1.44989319E+01
6823.7998       1.44991264E+01
6825.2002       1.44948549E+01
6826.6001       1.44880610E+01
6828.0000       1.44890308E+01
6829.3999       1.45026207E+01
6830.7998       1.45057268E+01
6832.2002       1.45049505E+01
6833.6001       1.45008736E+01
6835.0000       1.45008736E+01
6836.3999       1.45045624E+01
6837.7998       1.45090275E+01
6839.2002       1.45082512E+01
6840.6001       1.45008736E+01
6842.0000       1.44946613E+01
6843.3999       1.44931078E+01
6844.7998       1.44882545E+01
6846.2002       1.44859247E+01
6847.6001       1.44936905E+01
6849.0000       1.44977674E+01
6850.3999       1.44993210E+01
6851.7998       1.44997091E+01
6853.2002       1.44940786E+01
6854.6001       1.44830132E+01
6856.0000       1.44818478E+01
6857.3999       1.44919434E+01
6858.7998       1.44938850E+01
6860.2002       1.44936905E+01
6861.6001       1.44921379E+01
6863.0000       1.44818478E+01
6864.3999       1.44688406E+01
6865.7998       1.44383612E+01
6867.2002       1.43909922E+01
6868.6001       1.43597355E+01
6870.0000       1.43537178E+01
6871.3999       1.43593473E+01
6872.7998       1.43729372E+01
6874.2002       1.43855562E+01
6875.6001       1.43985634E+01
6877.0000       1.44105997E+01
6878.3999       1.44251604E+01
6879.7998       1.44408855E+01
6881.2002       1.44441853E+01
6882.6001       1.44420500E+01
6884.0000       1.44344788E+01
6885.3999       1.44154530E+01
6886.7998       1.44057465E+01
6888.2002       1.44022522E+01
6889.6001       1.43995342E+01
6891.0000       1.43940983E+01
6892.3999       1.43851681E+01
6893.7998       1.43890505E+01
6895.2002       1.44003105E+01
6896.6001       1.44107943E+01
6898.0000       1.44232187E+01
6899.3999       1.44267130E+01
6900.7998       1.44313726E+01
6902.2002       1.44296255E+01
6903.6001       1.44183655E+01
6905.0000       1.44214716E+01
6906.3999       1.44288483E+01
6907.7998       1.44290428E+01
6909.2002       1.44271011E+01
6910.6001       1.44379730E+01
6912.0000       1.44389439E+01
6913.3999       1.44412737E+01
6914.7998       1.44494276E+01
6916.2002       1.44637938E+01
6917.6001       1.44740829E+01
6919.0000       1.44649582E+01
6920.3999       1.44536982E+01
6921.7998       1.44478741E+01
6923.2002       1.44469032E+01
6924.6001       1.44587460E+01
6926.0000       1.44630165E+01
6927.3999       1.44550571E+01
6928.7998       1.44441853E+01
6930.2002       1.44385557E+01
6931.6001       1.44364204E+01
6933.0000       1.44338961E+01
6934.3999       1.44352551E+01
6935.7998       1.44370022E+01
6937.2002       1.44397202E+01
6938.6001       1.44401083E+01
6940.0000       1.44364204E+01
6941.3999       1.44424381E+01
6942.7998       1.44536982E+01
6944.2002       1.44571924E+01
6945.6001       1.44597168E+01
6947.0000       1.44521456E+01
6948.3999       1.44566107E+01
6949.7998       1.44785480E+01
6951.2002       1.44793243E+01
6952.6001       1.44630165E+01
6954.0000       1.44478741E+01
6955.3999       1.44404974E+01
6956.7998       1.44472914E+01
6958.2002       1.44568043E+01
6959.6001       1.44536982E+01
6961.0000       1.44525337E+01
6962.3999       1.44593287E+01
6963.7998       1.44649582E+01
6965.2002       1.44744711E+01
6966.6001       1.44810715E+01
6968.0000       1.44773827E+01
6969.3999       1.44746647E+01
6970.7998       1.44754419E+01
6972.2002       1.44771891E+01
6973.6001       1.44735003E+01
6975.0000       1.44793243E+01
6976.3999       1.44785480E+01
6977.7998       1.44756355E+01
6979.2002       1.44744711E+01
6980.6001       1.44713650E+01
6982.0000       1.44764128E+01
6983.3999       1.44688406E+01
6984.7998       1.44670935E+01
6986.2002       1.44713650E+01
6987.6001       1.44595222E+01
6989.0000       1.44486504E+01
6990.3999       1.44449625E+01
6991.7998       1.44459324E+01
6993.2002       1.44505920E+01
6994.6001       1.44492331E+01
6996.0000       1.44401083E+01
6997.3999       1.44399147E+01
6998.7998       1.44505920E+01
7000.2002       1.44585514E+01
7001.6001       1.44668999E+01
7003.0000       1.44599104E+01
7004.3999       1.44496212E+01
7005.7998       1.44486504E+01
7007.2002       1.44480686E+01
7008.6001       1.44548635E+01
7010.0000       1.44540863E+01
7011.3999       1.44451561E+01
7012.7998       1.44428263E+01
7014.2002       1.44399147E+01
7015.6001       1.44406910E+01
7017.0000       1.44457388E+01
7018.3999       1.44490395E+01
7019.7998       1.44538927E+01
7021.2002       1.44614639E+01
7022.6001       1.44634056E+01
7024.0000       1.44544744E+01
7025.3999       1.44428263E+01
7026.7998       1.44416618E+01
7028.2002       1.44482622E+01
7029.6001       1.44626284E+01
7031.0000       1.44696178E+01
7032.3999       1.44663172E+01
7033.7998       1.44602985E+01
7035.2002       1.44498158E+01
7036.6001       1.44379730E+01
7038.0000       1.44476805E+01
7039.3999       1.44523392E+01
7040.7998       1.44560280E+01
7042.2002       1.44513683E+01
7043.6001       1.44300137E+01
7045.0000       1.44228306E+01
7046.3999       1.44193363E+01
7047.7998       1.44172001E+01
7049.2002       1.44164238E+01
7050.6001       1.44234133E+01
7052.0000       1.44368086E+01
7053.3999       1.44447680E+01
7054.7998       1.44560280E+01
7056.2002       1.44661226E+01
7057.6001       1.44591341E+01
7059.0000       1.44385557E+01
7060.3999       1.44346733E+01
7061.7998       1.44410791E+01
7063.2002       1.44391384E+01
7064.6001       1.44327316E+01
7066.0000       1.44344788E+01
7067.3999       1.44408855E+01
7068.7998       1.44492331E+01
7070.2002       1.44457388E+01
7071.6001       1.44325371E+01
7073.0000       1.44309845E+01
7074.3999       1.44381676E+01
7075.7998       1.44445744E+01
7077.2002       1.44486504E+01
7078.6001       1.44391384E+01
7080.0000       1.44327316E+01
7081.3999       1.44424381E+01
7082.7998       1.44502039E+01
7084.2002       1.44503984E+01
7085.6001       1.44461269E+01
7087.0000       1.44472914E+01
7088.3999       1.44498158E+01
7089.7998       1.44486504E+01
7091.2002       1.44482622E+01
7092.6001       1.44480686E+01
7094.0000       1.44573870E+01
7095.3999       1.44566107E+01
7096.7998       1.44503984E+01
7098.2002       1.44461269E+01
7099.6001       1.44368086E+01
7101.0000       1.44284601E+01
7102.3999       1.44385557E+01
7103.7998       1.44391384E+01
7105.2002       1.44418564E+01
7106.6001       1.44416618E+01
7108.0000       1.44358377E+01
7109.3999       1.44259367E+01
7110.7998       1.44315662E+01
7112.2002       1.44453506E+01
7113.6001       1.44540863E+01
7115.0000       1.44486504E+01
7116.3999       1.44397202E+01
7117.7998       1.44434090E+01
7119.2002       1.44509802E+01
7120.6001       1.44550571E+01
7122.0000       1.44564161E+01
7123.3999       1.44558334E+01
7124.7998       1.44661226E+01
7126.2002       1.44628229E+01
7127.6001       1.44469032E+01
7129.0000       1.44370022E+01
7130.3999       1.44360323E+01
7131.7998       1.44461269E+01
7133.2002       1.44535046E+01
7134.6001       1.44523392E+01
7136.0000       1.44548635E+01
7137.3999       1.44639874E+01
7138.7998       1.44802952E+01
7140.2002       1.44661226E+01
7141.6001       1.44564161E+01
7143.0000       1.44589405E+01
7144.3999       1.44593287E+01
7145.7998       1.44591341E+01
7147.2002       1.44492331E+01
7148.6001       1.44436035E+01
7150.0000       1.44472914E+01
7151.3999       1.44505920E+01
7152.7998       1.44560280E+01
7154.2002       1.44515629E+01
7155.6001       1.44418564E+01
7157.0000       1.44352551E+01
7158.3999       1.44259367E+01
7159.7998       1.44236069E+01
7161.2002       1.44288483E+01
7162.6001       1.44342842E+01
7164.0000       1.44329252E+01
7165.3999       1.44257421E+01
7166.7998       1.44154530E+01
7168.2002       1.44045820E+01
7169.6001       1.43991461E+01
7171.0000       1.44006987E+01
7172.3999       1.43979807E+01
7173.7998       1.43962336E+01
7175.2002       1.43925447E+01
7176.6001       1.43871098E+01
7178.0000       1.43863325E+01
7179.3999       1.43830328E+01
7180.7998       1.43832264E+01
7182.2002       1.43913803E+01
7183.6001       1.43840027E+01
7185.0000       1.43678894E+01
7186.3999       1.43667250E+01
7187.7998       1.43859444E+01
7189.2002       1.43838091E+01
7190.6001       1.43882742E+01
7192.0000       1.43985634E+01
7193.3999       1.43997278E+01
7194.7998       1.43962336E+01
7196.2002       1.44071054E+01
7197.6001       1.44038048E+01
7199.0000       1.43964281E+01
7200.3999       1.43906040E+01
7201.7998       1.43950691E+01
7203.2002       1.44014759E+01
7204.6001       1.44028339E+01
7206.0000       1.44123468E+01
7207.3999       1.44203072E+01
7208.7998       1.44220543E+01
7210.2002       1.44224424E+01
7211.6001       1.44325371E+01
7213.0000       1.44373913E+01
7214.3999       1.44418564E+01
7215.7998       1.44472914E+01
7217.2002       1.44434090E+01
7218.6001       1.44404974E+01
7220.0000       1.44412737E+01
7221.3999       1.44443798E+01
7222.7998       1.44418564E+01
7224.2002       1.44325371E+01
7225.6001       1.44284601E+01
7227.0000       1.44284601E+01
7228.3999       1.44325371E+01
7229.7998       1.44379730E+01
7231.2002       1.44294310E+01
7232.6001       1.44121532E+01
7234.0000       1.44051638E+01
7235.3999       1.44245777E+01
7236.7998       1.44422445E+01
7238.2002       1.44276838E+01
7239.6001       1.44236069E+01
7241.0000       1.44230251E+01
7242.3999       1.44158421E+01
7243.7998       1.44038048E+01
7245.2002       1.43995342E+01
7246.6001       1.44100170E+01
7248.0000       1.44086590E+01
7249.3999       1.44105997E+01
7250.7998       1.44047756E+01
7252.2002       1.43909922E+01
7253.6001       1.43968163E+01
7255.0000       1.44140940E+01
7256.3999       1.44055519E+01
7257.7998       1.43999224E+01
7259.2002       1.44034166E+01
7260.6001       1.44140940E+01
7262.0000       1.44020576E+01
7263.3999       1.43865271E+01
7264.7998       1.43838091E+01
7266.2002       1.43991461E+01
7267.6001       1.44187536E+01
7269.0000       1.44236069E+01
7270.3999       1.44177828E+01
7271.7998       1.44039993E+01
7273.2002       1.43950691E+01
7274.6001       1.43894386E+01
7276.0000       1.43873034E+01
7277.3999       1.43913803E+01
7278.7998       1.43906040E+01
7280.2002       1.43960400E+01
7281.6001       1.44008932E+01
7283.0000       1.44034166E+01
7284.3999       1.44010868E+01
7285.7998       1.43840027E+01
7287.2002       1.43774023E+01
7288.6001       1.43731318E+01
7290.0000       1.43675013E+01
7291.3999       1.43739080E+01
7292.7998       1.43900213E+01
7294.2002       1.44067173E+01
7295.6001       1.44111824E+01
7297.0000       1.44109879E+01
7298.3999       1.44080763E+01
7299.7998       1.43983688E+01
7301.2002       1.43867207E+01
7302.6001       1.43715782E+01
7304.0000       1.43744907E+01
7305.3999       1.43952627E+01
7306.7998       1.44038048E+01
7308.2002       1.44022522E+01
7309.6001       1.43970098E+01
7311.0000       1.43970098E+01
7312.3999       1.44026403E+01
7313.7998       1.44006987E+01
7315.2002       1.43906040E+01
7316.6001       1.43775969E+01
7318.0000       1.43733253E+01
7319.3999       1.43799267E+01
7320.7998       1.43832264E+01
7322.2002       1.43822556E+01
7323.6001       1.43787613E+01
7325.0000       1.43824501E+01
7326.3999       1.43886623E+01
7327.7998       1.43816738E+01
7329.2002       1.43906040E+01
7330.6001       1.43962336E+01
7332.0000       1.43985634E+01
7333.3999       1.43970098E+01
7334.7998       1.43975925E+01
7336.2002       1.44094353E+01
7337.6001       1.44071054E+01
7339.0000       1.43997278E+01
7340.3999       1.43975925E+01
7341.7998       1.43946810E+01
7343.2002       1.43857508E+01
7344.6001       1.43859444E+01
7346.0000       1.43884678E+01
7347.3999       1.43917685E+01
7348.7998       1.43886623E+01
7350.2002       1.43851681E+01
7351.6001       1.43902159E+01
7353.0000       1.43991461E+01
7354.3999       1.44018641E+01
7355.7998       1.43960400E+01
7357.2002       1.43927393E+01
7358.6001       1.43917685E+01
7360.0000       1.43915749E+01
7361.3999       1.43896332E+01
7362.7998       1.43857508E+01
7364.2002       1.43832264E+01
7365.6001       1.43830328E+01
7367.0000       1.43812847E+01
7368.3999       1.43793440E+01
7369.7998       1.43812847E+01
7371.2002       1.43855562E+01
7372.6001       1.43865271E+01
7374.0000       1.43849735E+01
7375.3999       1.43832264E+01
7376.7998       1.43799267E+01
7378.2002       1.43760433E+01
7379.6001       1.43774023E+01
7381.0000       1.43770142E+01
7382.3999       1.43723545E+01
7383.7998       1.43727436E+01
7385.2002       1.43723545E+01
7386.6001       1.43721609E+01
7388.0000       1.43713846E+01
7389.3999       1.43680840E+01
7390.7998       1.43682775E+01
7392.2002       1.43702192E+01
7393.6001       1.43702192E+01
7395.0000       1.43686666E+01
7396.3999       1.43715782E+01
7397.7998       1.43692484E+01
7399.2002       1.43673077E+01
7400.6001       1.43692484E+01
7402.0000       1.43694429E+01
7403.3999       1.43653660E+01
7404.7998       1.43671131E+01
7406.2002       1.43692484E+01
7407.6001       1.43597355E+01
7409.0000       1.43595419E+01
7410.3999       1.43614836E+01
7411.7998       1.43649778E+01
7413.2002       1.43620653E+01
7414.6001       1.43744907E+01
7416.0000       1.43816738E+01
7417.3999       1.43843918E+01
7418.7998       1.43904095E+01
7420.2002       1.43820620E+01
7421.6001       1.43799267E+01
7423.0000       1.43836145E+01
7424.3999       1.43787613E+01
7425.7998       1.43725491E+01
7427.2002       1.43741016E+01
