#
# Spectrum of HD30584, spectral type B5v
# Source: Jacoby, Hunter, & Christian, 1984, ApJ, 56, 257
#         Scaled to flux=1.0 at 5500 Angstroms.
#
# Wave: wavelength in Angstroms
# Flux: scaled flux normalized to 1.0 at 5500A then shifted
#       in order of spectral type
Wave            Flux
3510.0000       1.35632820E+01
3511.3999       1.36268711E+01
3512.8000       1.36404104E+01
3514.2000       1.35801029E+01
3515.6001       1.35355892E+01
3517.0000       1.35122051E+01
3518.3999       1.35312824E+01
3519.8000       1.35202045E+01
3521.2000       1.35284100E+01
3522.6001       1.34972305E+01
3524.0000       1.34445133E+01
3525.3999       1.34545641E+01
3526.8000       1.34816408E+01
3528.2000       1.34892311E+01
3529.6001       1.35534363E+01
3531.0000       1.36229744E+01
3532.3999       1.36166153E+01
3533.8000       1.35671797E+01
3535.2000       1.35655384E+01
3536.6001       1.35940514E+01
3538.0000       1.36293335E+01
3539.3999       1.36756926E+01
3540.8000       1.36845131E+01
3542.2000       1.36523075E+01
3543.6001       1.36201019E+01
3545.0000       1.36256409E+01
3546.3999       1.36268711E+01
3547.8000       1.36043072E+01
3549.2000       1.35702562E+01
3550.6001       1.35641022E+01
3552.0000       1.35522051E+01
3553.3999       1.35095387E+01
3554.8000       1.34785643E+01
3556.2000       1.34654360E+01
3557.6001       1.34761028E+01
3559.0000       1.35148716E+01
3560.3999       1.35413332E+01
3561.8000       1.35304613E+01
3563.2000       1.34984617E+01
3564.6001       1.35156918E+01
3566.0000       1.35150766E+01
3567.3999       1.34914875E+01
3568.8000       1.35105639E+01
3570.2000       1.35214357E+01
3571.6001       1.35161028E+01
3573.0000       1.35191793E+01
3574.3999       1.35702562E+01
3575.8000       1.35852308E+01
3577.2000       1.35573330E+01
3578.6001       1.35532303E+01
3580.0000       1.35263596E+01
3581.3999       1.34886150E+01
3582.8000       1.34732304E+01
3584.2000       1.35140514E+01
3585.6001       1.35714874E+01
3587.0000       1.35889225E+01
3588.3999       1.35762053E+01
3589.8000       1.35288200E+01
3591.2000       1.34783592E+01
3592.6001       1.34830770E+01
3594.0000       1.34793844E+01
3595.3999       1.34596920E+01
3596.8000       1.35015383E+01
3598.2000       1.35386667E+01
3599.6001       1.35563078E+01
3601.0000       1.35563078E+01
3602.3999       1.35321026E+01
3603.8000       1.34687176E+01
3605.2000       1.34518976E+01
3606.6001       1.34902563E+01
3608.0000       1.34781532E+01
3609.3999       1.34875898E+01
3610.8000       1.35078974E+01
3612.2000       1.34863586E+01
3613.6001       1.34949741E+01
3615.0000       1.35747690E+01
3616.3999       1.35522051E+01
3617.8000       1.35019493E+01
3619.2000       1.34631796E+01
3620.6001       1.34406147E+01
3622.0000       1.34543591E+01
3623.3999       1.35025635E+01
3624.8000       1.35095387E+01
3626.2000       1.35357952E+01
3627.6001       1.35083075E+01
3629.0000       1.34648209E+01
3630.3999       1.34196920E+01
3631.8000       1.33887177E+01
3633.2000       1.34129229E+01
3634.6001       1.34882050E+01
3636.0000       1.34998970E+01
3637.3999       1.34703588E+01
3638.8000       1.34738464E+01
3640.2000       1.35275898E+01
3641.6001       1.35193844E+01
3643.0000       1.35144615E+01
3644.3999       1.35089226E+01
3645.8000       1.34941540E+01
3647.2000       1.34555893E+01
3648.6001       1.34194870E+01
3650.0000       1.34402046E+01
3651.3999       1.34594870E+01
3652.8000       1.34281025E+01
3654.2000       1.34272823E+01
3655.6001       1.34262562E+01
3657.0000       1.34266663E+01
3658.3999       1.34352818E+01
3659.8000       1.34289227E+01
3661.2000       1.34293327E+01
3662.6001       1.34633846E+01
3664.0000       1.34810257E+01
3665.3999       1.34763079E+01
3666.8000       1.35111790E+01
3668.2000       1.35261536E+01
3669.6001       1.35409231E+01
3671.0000       1.35587692E+01
3672.3999       1.35458460E+01
3673.8000       1.35095387E+01
3675.2000       1.34941540E+01
3676.6001       1.35392818E+01
3678.0000       1.34951801E+01
3679.3999       1.34410257E+01
3680.8000       1.33948717E+01
3682.2000       1.34080000E+01
3683.6001       1.34295387E+01
3685.0000       1.34375381E+01
3686.3999       1.34447174E+01
3687.8000       1.35177441E+01
3689.2000       1.35388718E+01
3690.6001       1.34951801E+01
3692.0000       1.34783592E+01
3693.3999       1.35177441E+01
3694.8000       1.34886150E+01
3696.2000       1.34377441E+01
3697.6001       1.34537430E+01
3699.0000       1.34861536E+01
3700.3999       1.34685125E+01
3701.8000       1.34143591E+01
3703.2000       1.33772306E+01
3704.6001       1.34094353E+01
3706.0000       1.34945641E+01
3707.3999       1.35308723E+01
3708.8000       1.34533329E+01
3710.2000       1.34201031E+01
3711.6001       1.34207182E+01
3713.0000       1.34603081E+01
3714.3999       1.35766153E+01
3715.8000       1.37122049E+01
3717.2000       1.37439995E+01
3718.6001       1.36075897E+01
3720.0000       1.34685125E+01
3721.3999       1.34133339E+01
3722.8000       1.34639997E+01
3724.2000       1.35942564E+01
3725.6001       1.37842045E+01
3727.0000       1.39749737E+01
3728.3999       1.39316921E+01
3729.8000       1.37803078E+01
3731.2000       1.36045132E+01
3732.6001       1.34693336E+01
3734.0000       1.34018459E+01
3735.3999       1.34506664E+01
3736.8000       1.36071796E+01
3738.2000       1.38211279E+01
3739.6001       1.40289230E+01
3741.0000       1.41476917E+01
3742.3999       1.42071791E+01
3743.8000       1.40861540E+01
3745.2000       1.38797951E+01
3746.6001       1.36791792E+01
3748.0000       1.34898462E+01
3749.3999       1.33382568E+01
3750.8000       1.33839998E+01
3752.2000       1.35915899E+01
3753.6001       1.38334360E+01
3755.0000       1.40656414E+01
3756.3999       1.42482052E+01
3757.8000       1.43487177E+01
3759.2000       1.43712826E+01
3760.6001       1.44082050E+01
3762.0000       1.43938465E+01
3763.3999       1.42625637E+01
3764.8000       1.40984612E+01
3766.2000       1.38882046E+01
3767.6001       1.36110764E+01
3769.0000       1.33995895E+01
3770.3999       1.33478975E+01
3771.8000       1.34512825E+01
3773.2000       1.37183590E+01
3774.6001       1.39954872E+01
3776.0000       1.42441025E+01
3777.3999       1.44820509E+01
3778.8000       1.46625643E+01
3780.2000       1.47158976E+01
3781.6001       1.47548714E+01
3783.0000       1.47835903E+01
3784.3999       1.48061543E+01
3785.8000       1.48184614E+01
3787.2000       1.47651281E+01
3788.6001       1.46584616E+01
3790.0000       1.45066662E+01
3791.3999       1.43323078E+01
3792.8000       1.41087179E+01
3794.2000       1.38559999E+01
3795.6001       1.35234871E+01
3797.0000       1.33561020E+01
3798.3999       1.34295387E+01
3799.8000       1.36315899E+01
3801.2000       1.39247179E+01
3802.6001       1.42071791E+01
3804.0000       1.44471798E+01
3805.3999       1.46215382E+01
3806.8000       1.47548714E+01
3808.2000       1.48984613E+01
3809.6001       1.50010262E+01
3811.0000       1.50317945E+01
3812.3999       1.50564098E+01
3813.8000       1.50912819E+01
3815.2000       1.51179485E+01
3816.6001       1.51384621E+01
3818.0000       1.51712818E+01
3819.3999       1.51528206E+01
3820.8000       1.50482054E+01
3822.2000       1.49558973E+01
3823.6001       1.48369226E+01
3825.0000       1.47733335E+01
3826.3999       1.47097435E+01
3827.8000       1.44943590E+01
3829.2000       1.42399998E+01
3830.6001       1.39435902E+01
3832.0000       1.36752815E+01
3833.3999       1.34966154E+01
3834.8000       1.34162054E+01
3836.2000       1.34951801E+01
3837.6001       1.36836929E+01
3839.0000       1.39251280E+01
3840.3999       1.41558971E+01
3841.8000       1.43364105E+01
3843.2000       1.45046158E+01
3844.6001       1.47056408E+01
3846.0000       1.48758974E+01
3847.3999       1.49641027E+01
3848.8000       1.49969234E+01
3850.2000       1.49969234E+01
3851.6001       1.49907694E+01
3853.0000       1.49887180E+01
3854.3999       1.49805126E+01
3855.8000       1.49907694E+01
3857.2000       1.50871792E+01
3858.6001       1.51425648E+01
3860.0000       1.50851288E+01
3861.3999       1.50071793E+01
3862.8000       1.49784613E+01
3864.2000       1.50194874E+01
3865.6001       1.50810251E+01
3867.0000       1.51097431E+01
3868.3999       1.51323080E+01
3869.8000       1.51056414E+01
3871.2000       1.50400000E+01
3872.6001       1.49989738E+01
3874.0000       1.49374361E+01
3875.3999       1.48615379E+01
3876.8000       1.47938461E+01
3878.2000       1.46912823E+01
3879.6001       1.45579491E+01
3881.0000       1.43856411E+01
3882.3999       1.42379494E+01
3883.8000       1.40233841E+01
3885.2000       1.37497435E+01
3886.6001       1.34785643E+01
3888.0000       1.33349743E+01
3889.3999       1.33856411E+01
3890.8000       1.35247183E+01
3892.2000       1.37370262E+01
3893.6001       1.39866667E+01
3895.0000       1.42153845E+01
3896.3999       1.43589745E+01
3897.8000       1.45025635E+01
3899.2000       1.46358976E+01
3900.6001       1.47446156E+01
3902.0000       1.48184614E+01
3903.3999       1.48861542E+01
3904.8000       1.49107695E+01
3906.2000       1.49148722E+01
3907.6001       1.49743595E+01
3909.0000       1.49682045E+01
3910.3999       1.49641027E+01
3911.8000       1.49517946E+01
3913.2000       1.49353848E+01
3914.6001       1.50379486E+01
3916.0000       1.50461540E+01
3917.3999       1.50215387E+01
3918.8000       1.49969234E+01
3920.2000       1.49702568E+01
3921.6001       1.50092306E+01
3923.0000       1.50379486E+01
3924.3999       1.50194874E+01
3925.8000       1.49825640E+01
3927.2000       1.49846153E+01
3928.6001       1.49784613E+01
3930.0000       1.49374361E+01
3931.3999       1.48594875E+01
3932.8000       1.48369226E+01
3934.2000       1.48553848E+01
3935.6001       1.48882046E+01
3937.0000       1.49230766E+01
3938.3999       1.49661541E+01
3939.8000       1.50215387E+01
3941.2000       1.49846153E+01
3942.6001       1.49620514E+01
3944.0000       1.50010262E+01
3945.3999       1.50051279E+01
3946.8000       1.49764099E+01
3948.2000       1.49456406E+01
3949.6001       1.49005127E+01
3951.0000       1.48902569E+01
3952.3999       1.48512821E+01
3953.8000       1.47569227E+01
3955.2000       1.47138462E+01
3956.6001       1.46441021E+01
3958.0000       1.45969229E+01
3959.3999       1.45046158E+01
3960.8000       1.43589745E+01
3962.2000       1.42174358E+01
3963.6001       1.40367184E+01
3965.0000       1.38135386E+01
3966.3999       1.35403080E+01
3967.8000       1.32937431E+01
3969.2000       1.31983585E+01
3970.6001       1.32855387E+01
3972.0000       1.35101538E+01
3973.3999       1.37522049E+01
3974.8000       1.39569225E+01
3976.2000       1.41497440E+01
3977.6001       1.42933331E+01
3979.0000       1.44082050E+01
3980.3999       1.45271797E+01
3981.8000       1.46502562E+01
3983.2000       1.47241030E+01
3984.6001       1.47712822E+01
3986.0000       1.48061543E+01
3987.3999       1.48307695E+01
3988.8000       1.48205128E+01
3990.2000       1.48512821E+01
3991.6001       1.48307695E+01
3993.0000       1.48266668E+01
3994.3999       1.48307695E+01
3995.8000       1.48369226E+01
3997.2000       1.47958975E+01
3998.6001       1.48082047E+01
4000.0000       1.48656406E+01
4001.3999       1.48861542E+01
4002.8000       1.48697433E+01
4004.2000       1.48738461E+01
4005.6001       1.48882046E+01
4007.0000       1.49025640E+01
4008.3999       1.49333334E+01
4009.8000       1.49148722E+01
4011.2000       1.48635902E+01
4012.6001       1.48738461E+01
4014.0000       1.48882046E+01
4015.3999       1.48738461E+01
4016.8000       1.48471794E+01
4018.2000       1.48225641E+01
4019.6001       1.47692308E+01
4021.0000       1.47671795E+01
4022.3999       1.47815380E+01
4023.8000       1.48143587E+01
4025.2000       1.48451281E+01
4026.6001       1.48574362E+01
4028.0000       1.48492308E+01
4029.3999       1.48287182E+01
4030.8000       1.48287182E+01
4032.2000       1.48410254E+01
4033.6001       1.48082047E+01
4035.0000       1.47794876E+01
4036.3999       1.48266668E+01
4037.8000       1.48676929E+01
4039.2000       1.48779488E+01
4040.6001       1.48492308E+01
4042.0000       1.47897434E+01
4043.3999       1.47979488E+01
4044.8000       1.47917948E+01
4046.2000       1.47610254E+01
4047.6001       1.47466669E+01
4049.0000       1.47835903E+01
4050.3999       1.48225641E+01
4051.8000       1.48020515E+01
4053.2000       1.47487183E+01
4054.6001       1.47138462E+01
4056.0000       1.46974354E+01
4057.3999       1.46994877E+01
4058.8000       1.46892309E+01
4060.2000       1.46666670E+01
4061.6001       1.46666670E+01
4063.0000       1.46830769E+01
4064.3999       1.47097435E+01
4065.8000       1.47158976E+01
4067.2000       1.47323074E+01
4068.6001       1.47405128E+01
4070.0000       1.47241030E+01
4071.3999       1.47015381E+01
4072.8000       1.46789742E+01
4074.2000       1.46400003E+01
4075.6001       1.45825644E+01
4077.0000       1.45538464E+01
4078.3999       1.45702562E+01
4079.8000       1.46379490E+01
4081.2000       1.46317949E+01
4082.6001       1.45476923E+01
4084.0000       1.44964104E+01
4085.3999       1.44553843E+01
4086.8000       1.44369230E+01
4088.2000       1.44328203E+01
4089.6001       1.43938465E+01
4091.0000       1.42933331E+01
4092.3999       1.41394873E+01
4093.8000       1.39757948E+01
4095.2000       1.38143597E+01
4096.6001       1.36410255E+01
4098.0000       1.34334354E+01
4099.3999       1.32244101E+01
4100.7998       1.31251278E+01
4102.2002       1.31725130E+01
4103.6001       1.33522053E+01
4105.0000       1.35753841E+01
4106.3999       1.37718973E+01
4107.7998       1.39390774E+01
4109.2002       1.41005125E+01
4110.6001       1.42215385E+01
4112.0000       1.42892303E+01
4113.3999       1.43610258E+01
4114.7998       1.43917952E+01
4116.2002       1.43692303E+01
4117.6001       1.43835897E+01
4119.0000       1.44082050E+01
4120.3999       1.44266663E+01
4121.7998       1.44287186E+01
4123.2002       1.44512825E+01
4124.6001       1.44205132E+01
4126.0000       1.43692303E+01
4127.3999       1.43138466E+01
4128.7998       1.43097439E+01
4130.2002       1.43364105E+01
4131.6001       1.43979492E+01
4133.0000       1.44594870E+01
4134.3999       1.44594870E+01
4135.7998       1.44820509E+01
4137.2002       1.45128202E+01
4138.6001       1.45517950E+01
4140.0000       1.45333328E+01
4141.3999       1.45148716E+01
4142.7998       1.44984617E+01
4144.2002       1.45066662E+01
4145.6001       1.45230770E+01
4147.0000       1.45025635E+01
4148.3999       1.44841022E+01
4149.7998       1.45312824E+01
4151.2002       1.45928211E+01
4152.6001       1.45620518E+01
4154.0000       1.45353851E+01
4155.3999       1.45046158E+01
4156.7998       1.45107689E+01
4158.2002       1.45087185E+01
4159.6001       1.45210257E+01
4161.0000       1.45189743E+01
4162.3999       1.45066662E+01
4163.7998       1.44841022E+01
4165.2002       1.44799995E+01
4166.6001       1.44656410E+01
4168.0000       1.45087185E+01
4169.3999       1.45292311E+01
4170.7998       1.44635897E+01
4172.2002       1.44061537E+01
4173.6001       1.43794870E+01
4175.0000       1.44246159E+01
4176.3999       1.44328203E+01
4177.7998       1.44041023E+01
4179.2002       1.43774357E+01
4180.6001       1.43958969E+01
4182.0000       1.43917952E+01
4183.3999       1.43876925E+01
4184.7998       1.44061537E+01
4186.2002       1.44266663E+01
4187.6001       1.44266663E+01
4189.0000       1.43999996E+01
4190.3999       1.43856411E+01
4191.7998       1.43917952E+01
4193.2002       1.44143591E+01
4194.6001       1.44430771E+01
4196.0000       1.44246159E+01
4197.3999       1.44020510E+01
4198.7998       1.43897438E+01
4200.2002       1.43876925E+01
4201.6001       1.43589745E+01
4203.0000       1.43630772E+01
4204.3999       1.43466663E+01
4205.7998       1.43589745E+01
4207.2002       1.43569231E+01
4208.6001       1.43610258E+01
4210.0000       1.43733330E+01
4211.3999       1.43794870E+01
4212.7998       1.43835897E+01
4214.2002       1.43979492E+01
4215.6001       1.44041023E+01
4217.0000       1.44041023E+01
4218.3999       1.43876925E+01
4219.7998       1.44041023E+01
4221.2002       1.44082050E+01
4222.6001       1.44102564E+01
4224.0000       1.44061537E+01
4225.3999       1.43794870E+01
4226.7998       1.43507690E+01
4228.2002       1.43343592E+01
4229.6001       1.43282051E+01
4231.0000       1.43241024E+01
4232.3999       1.42912817E+01
4233.7998       1.42851286E+01
4235.2002       1.43097439E+01
4236.6001       1.43323078E+01
4238.0000       1.43241024E+01
4239.3999       1.43179493E+01
4240.7998       1.43179493E+01
4242.2002       1.43282051E+01
4243.6001       1.43425636E+01
4245.0000       1.42912817E+01
4246.3999       1.42687178E+01
4247.7998       1.42789745E+01
4249.2002       1.43138466E+01
4250.6001       1.42892303E+01
4252.0000       1.42584610E+01
4253.3999       1.42482052E+01
4254.7998       1.42810259E+01
4256.2002       1.42933331E+01
4257.6001       1.42994871E+01
4259.0000       1.42830772E+01
4260.3999       1.42687178E+01
4261.7998       1.42728205E+01
4263.2002       1.42769232E+01
4264.6001       1.42687178E+01
4266.0000       1.42523079E+01
4267.3999       1.42564106E+01
4268.7998       1.42564106E+01
4270.2002       1.42502565E+01
4271.6001       1.42420511E+01
4273.0000       1.42297440E+01
4274.3999       1.42523079E+01
4275.7998       1.42728205E+01
4277.2002       1.42769232E+01
4278.6001       1.42728205E+01
4280.0000       1.42461538E+01
4281.3999       1.42502565E+01
4282.7998       1.42728205E+01
4284.2002       1.42543592E+01
4285.6001       1.42379494E+01
4287.0000       1.42338467E+01
4288.3999       1.42338467E+01
4289.7998       1.42502565E+01
4291.2002       1.42256413E+01
4292.6001       1.42215385E+01
4294.0000       1.42379494E+01
4295.3999       1.42338467E+01
4296.7998       1.42215385E+01
4298.2002       1.42010260E+01
4299.6001       1.41846151E+01
4301.0000       1.41641026E+01
4302.3999       1.42010260E+01
4303.7998       1.42399998E+01
4305.2002       1.42482052E+01
4306.6001       1.42399998E+01
4308.0000       1.42194872E+01
4309.3999       1.41907692E+01
4310.7998       1.41764107E+01
4312.2002       1.41641026E+01
4313.6001       1.41517944E+01
4315.0000       1.41435900E+01
4316.3999       1.41353846E+01
4317.7998       1.41292305E+01
4319.2002       1.41230774E+01
4320.6001       1.41066666E+01
4322.0000       1.41107693E+01
4323.3999       1.41189747E+01
4324.7998       1.40738459E+01
4326.2002       1.40313845E+01
4327.6001       1.40018463E+01
4329.0000       1.39470768E+01
4330.3999       1.38707695E+01
4331.7998       1.37946663E+01
4333.2002       1.37138462E+01
4334.6001       1.35735378E+01
4336.0000       1.33829746E+01
4337.3999       1.32036924E+01
4338.7998       1.30539484E+01
4340.2002       1.29883080E+01
4341.6001       1.30438976E+01
4343.0000       1.31696415E+01
4344.3999       1.33318977E+01
4345.7998       1.34921026E+01
4347.2002       1.36153851E+01
4348.6001       1.37245131E+01
4350.0000       1.38094358E+01
4351.3999       1.38488207E+01
4352.7998       1.38908720E+01
4354.2002       1.39503593E+01
4355.6001       1.39813328E+01
4357.0000       1.40285130E+01
4358.3999       1.40656414E+01
4359.7998       1.40882053E+01
4361.2002       1.41292305E+01
4362.6001       1.41415386E+01
4364.0000       1.41374359E+01
4365.3999       1.41271791E+01
4366.7998       1.41230774E+01
4368.2002       1.41333332E+01
4369.6001       1.41497440E+01
4371.0000       1.41497440E+01
4372.3999       1.41312819E+01
4373.7998       1.41312819E+01
4375.2002       1.41251278E+01
4376.6001       1.41128206E+01
4378.0000       1.40984612E+01
4379.3999       1.41005125E+01
4380.7998       1.41107693E+01
4382.2002       1.41148720E+01
4383.6001       1.40594873E+01
4385.0000       1.40635891E+01
4386.3999       1.40902567E+01
4387.7998       1.41169233E+01
4389.2002       1.41435900E+01
4390.6001       1.41558971E+01
4392.0000       1.41374359E+01
4393.3999       1.41066666E+01
4394.7998       1.41148720E+01
4396.2002       1.41661539E+01
4397.6001       1.41723080E+01
4399.0000       1.41579485E+01
4400.3999       1.41312819E+01
4401.7998       1.40841026E+01
4403.2002       1.40676918E+01
4404.6001       1.40820513E+01
4406.0000       1.40984612E+01
4407.3999       1.41169233E+01
4408.7998       1.40758972E+01
4410.2002       1.40697441E+01
4411.6001       1.40841026E+01
4413.0000       1.40902567E+01
4414.3999       1.40594873E+01
4415.7998       1.40262566E+01
4417.2002       1.40276928E+01
4418.6001       1.40533333E+01
4420.0000       1.40594873E+01
4421.3999       1.39866667E+01
4422.7998       1.39891281E+01
4424.2002       1.40077953E+01
4425.6001       1.40328207E+01
4427.0000       1.40533333E+01
4428.3999       1.40615387E+01
4429.7998       1.40574360E+01
4431.2002       1.40340519E+01
4432.6001       1.40400000E+01
4434.0000       1.40488205E+01
4435.3999       1.40387688E+01
4436.7998       1.40198975E+01
4438.2002       1.40266666E+01
4439.6001       1.40574360E+01
4441.0000       1.40426664E+01
4442.3999       1.40240002E+01
4443.7998       1.39946671E+01
4445.2002       1.39706669E+01
4446.6001       1.39796925E+01
4448.0000       1.39850254E+01
4449.3999       1.39981537E+01
4450.7998       1.40293331E+01
4452.2002       1.40248203E+01
4453.6001       1.40281029E+01
4455.0000       1.40151796E+01
4456.3999       1.40258465E+01
4457.7998       1.40219488E+01
4459.2002       1.40145645E+01
4460.6001       1.39961023E+01
4462.0000       1.40067692E+01
4463.3999       1.40233841E+01
4464.7998       1.40254364E+01
4466.2002       1.40123081E+01
4467.6001       1.39928207E+01
4469.0000       1.39991798E+01
4470.3999       1.40002050E+01
4471.7998       1.40051279E+01
4473.2002       1.39864616E+01
4474.6001       1.40045128E+01
4476.0000       1.40235901E+01
4477.3999       1.40012302E+01
4478.7998       1.39329224E+01
4480.2002       1.38910770E+01
4481.6001       1.38976412E+01
4483.0000       1.39255390E+01
4484.3999       1.39612312E+01
4485.7998       1.39983587E+01
4487.2002       1.39878979E+01
4488.6001       1.39641027E+01
4490.0000       1.39710770E+01
4491.3999       1.39355898E+01
4492.7998       1.39657440E+01
4494.2002       1.39901543E+01
4495.6001       1.39825640E+01
4497.0000       1.39673843E+01
4498.3999       1.39458466E+01
4499.7998       1.39452305E+01
4501.2002       1.39487181E+01
4502.6001       1.39630775E+01
4504.0000       1.39926147E+01
4505.3999       1.39647179E+01
4506.7998       1.39169235E+01
4508.2002       1.39204102E+01
4509.6001       1.39476929E+01
4511.0000       1.39581537E+01
4512.3999       1.39370251E+01
4513.7998       1.39333334E+01
4515.2002       1.39626665E+01
4516.6001       1.39532309E+01
4518.0000       1.39130259E+01
4519.3999       1.39027691E+01
4520.7998       1.39140511E+01
4522.2002       1.39185638E+01
4523.6001       1.39302559E+01
4525.0000       1.39608212E+01
4526.3999       1.39446154E+01
4527.7998       1.40002050E+01
4529.2002       1.40194874E+01
4530.6001       1.39725132E+01
4532.0000       1.39380512E+01
4533.3999       1.39169235E+01
4534.7998       1.39177437E+01
4536.2002       1.39296417E+01
4537.6001       1.39382563E+01
4539.0000       1.39191799E+01
4540.3999       1.38939486E+01
4541.7998       1.39325123E+01
4543.2002       1.39368210E+01
4544.6001       1.38982563E+01
4546.0000       1.38773336E+01
4547.3999       1.38650255E+01
4548.7998       1.38531284E+01
4550.2002       1.38740511E+01
4551.6001       1.38861542E+01
4553.0000       1.38607178E+01
4554.3999       1.38164101E+01
4555.7998       1.37958975E+01
4557.2002       1.38172302E+01
4558.6001       1.38512821E+01
4560.0000       1.38923073E+01
4561.3999       1.38738461E+01
4562.7998       1.38603077E+01
4564.2002       1.38664618E+01
4565.6001       1.38434868E+01
4567.0000       1.38447180E+01
4568.3999       1.38633842E+01
4569.7998       1.38750763E+01
4571.2002       1.38584614E+01
4572.6001       1.38311796E+01
4574.0000       1.38252306E+01
4575.3999       1.38361025E+01
4576.7998       1.38473845E+01
4578.2002       1.38678970E+01
4579.6001       1.38713846E+01
4581.0000       1.38276920E+01
4582.3999       1.37790775E+01
4583.7998       1.37907696E+01
4585.2002       1.38379488E+01
4586.6001       1.38375387E+01
4588.0000       1.38289232E+01
4589.3999       1.38451281E+01
4590.7998       1.38494358E+01
4592.2002       1.38293333E+01
4593.6001       1.38121033E+01
4595.0000       1.38086157E+01
4596.3999       1.38164101E+01
4597.7998       1.38322048E+01
4599.2002       1.38453331E+01
4600.6001       1.38346672E+01
4602.0000       1.38034878E+01
4603.3999       1.37926159E+01
4604.7998       1.38096409E+01
4606.2002       1.38192825E+01
4607.6001       1.38041029E+01
4609.0000       1.37975388E+01
4610.3999       1.37979488E+01
4611.7998       1.38182564E+01
4613.2002       1.38043079E+01
4614.6001       1.37885132E+01
4616.0000       1.38135386E+01
4617.3999       1.37946663E+01
4618.7998       1.37630768E+01
4620.2002       1.37567177E+01
4621.6001       1.37554874E+01
4623.0000       1.37997952E+01
4624.3999       1.38299484E+01
4625.7998       1.38198977E+01
4627.2002       1.38028717E+01
4628.6001       1.37868719E+01
4630.0000       1.37899485E+01
4631.3999       1.37928200E+01
4632.7998       1.37893333E+01
4634.2002       1.37796917E+01
4635.6001       1.37396927E+01
4637.0000       1.37398968E+01
4638.3999       1.37755899E+01
4639.7998       1.37723083E+01
4641.2002       1.37595901E+01
4642.6001       1.37489233E+01
4644.0000       1.37661533E+01
4645.3999       1.38166161E+01
4646.7998       1.38118973E+01
4648.2002       1.37903595E+01
4649.6001       1.37813330E+01
4651.0000       1.37737436E+01
4652.3999       1.37901535E+01
4653.7998       1.37782564E+01
4655.2002       1.37842045E+01
4656.6001       1.37690258E+01
4658.0000       1.37721024E+01
4659.3999       1.37669744E+01
4660.7998       1.37589741E+01
4662.2002       1.37618465E+01
4663.6001       1.37745647E+01
4665.0000       1.37829742E+01
4666.3999       1.37798977E+01
4667.7998       1.37538462E+01
4669.2002       1.37378464E+01
4670.6001       1.37083073E+01
4672.0000       1.37204103E+01
4673.3999       1.37563076E+01
4674.7998       1.37696409E+01
4676.2002       1.37657433E+01
4677.6001       1.37979488E+01
4679.0000       1.38071795E+01
4680.3999       1.37612305E+01
4681.7998       1.37224617E+01
4683.2002       1.37210255E+01
4684.6001       1.37177439E+01
4686.0000       1.37247181E+01
4687.3999       1.37347698E+01
4688.7998       1.37503586E+01
4690.2002       1.37565126E+01
4691.6001       1.37390766E+01
4693.0000       1.37247181E+01
4694.3999       1.37345638E+01
4695.7998       1.37208204E+01
4697.2002       1.37409229E+01
4698.6001       1.37218456E+01
4700.0000       1.37146664E+01
4701.3999       1.37210255E+01
4702.7998       1.37195892E+01
4704.2002       1.37390766E+01
4705.6001       1.37487183E+01
4707.0000       1.37421532E+01
4708.3999       1.37602053E+01
4709.7998       1.37764101E+01
4711.2002       1.37530251E+01
4712.6001       1.37667694E+01
4714.0000       1.37419491E+01
4715.3999       1.37074871E+01
4716.7998       1.37019482E+01
4718.2002       1.36921024E+01
4719.6001       1.36836929E+01
4721.0000       1.36886158E+01
4722.3999       1.36631794E+01
4723.7998       1.36935387E+01
4725.2002       1.37226667E+01
4726.6001       1.37187691E+01
4728.0000       1.36949749E+01
4729.3999       1.36525135E+01
4730.7998       1.36346664E+01
4732.2002       1.36750774E+01
4733.6001       1.36888208E+01
4735.0000       1.36648207E+01
4736.3999       1.36545639E+01
4737.7998       1.36818466E+01
4739.2002       1.37099485E+01
4740.6001       1.37142563E+01
4742.0000       1.36947689E+01
4743.3999       1.36904621E+01
4744.7998       1.37097435E+01
4746.2002       1.36789742E+01
4747.6001       1.36399994E+01
4749.0000       1.36412306E+01
4750.3999       1.36564102E+01
4751.7998       1.36775379E+01
4753.2002       1.36797943E+01
4754.6001       1.36888208E+01
4756.0000       1.36697435E+01
4757.3999       1.36619492E+01
4758.7998       1.36670771E+01
4760.2002       1.37029743E+01
4761.6001       1.36672821E+01
4763.0000       1.36369228E+01
4764.3999       1.36354866E+01
4765.7998       1.36601028E+01
4767.2002       1.36740513E+01
4768.6001       1.36818466E+01
4770.0000       1.36672821E+01
4771.3999       1.36432819E+01
4772.7998       1.36342564E+01
4774.2002       1.36043072E+01
4775.6001       1.36045132E+01
4777.0000       1.36069746E+01
4778.3999       1.35922050E+01
4779.7998       1.35868721E+01
4781.2002       1.35987692E+01
4782.6001       1.35995903E+01
4784.0000       1.35747690E+01
4785.3999       1.35825634E+01
4786.7998       1.36004105E+01
4788.2002       1.35944614E+01
4789.6001       1.35971279E+01
4791.0000       1.36106663E+01
4792.3999       1.36108723E+01
4793.7998       1.36000004E+01
4795.2002       1.36006155E+01
4796.6001       1.36125126E+01
4798.0000       1.35993843E+01
4799.3999       1.35743589E+01
4800.7998       1.35503588E+01
4802.2002       1.35370255E+01
4803.6001       1.35540514E+01
4805.0000       1.35677948E+01
4806.3999       1.35677948E+01
4807.7998       1.35778465E+01
4809.2002       1.35829744E+01
4810.6001       1.35739489E+01
4812.0000       1.35842056E+01
4813.3999       1.35997944E+01
4814.7998       1.35915899E+01
4816.2002       1.35852308E+01
4817.6001       1.35638981E+01
4819.0000       1.35427694E+01
4820.3999       1.35390768E+01
4821.7998       1.35472822E+01
4823.2002       1.35540514E+01
4824.6001       1.35634871E+01
4826.0000       1.35663586E+01
4827.3999       1.35450258E+01
4828.7998       1.35388718E+01
4830.2002       1.35520000E+01
4831.6001       1.35554867E+01
4833.0000       1.35372314E+01
4834.3999       1.35253334E+01
4835.7998       1.35294361E+01
4837.2002       1.35292311E+01
4838.6001       1.35226669E+01
4840.0000       1.35321026E+01
4841.3999       1.35476923E+01
4842.7998       1.35370255E+01
4844.2002       1.34966154E+01
4845.6001       1.34453335E+01
4847.0000       1.33868713E+01
4848.3999       1.33470764E+01
4849.7998       1.33316917E+01
4851.2002       1.32941542E+01
4852.6001       1.32545643E+01
4854.0000       1.31876926E+01
4855.3999       1.31078968E+01
4856.7998       1.30285130E+01
4858.2002       1.29265642E+01
4859.6001       1.28367176E+01
4861.0000       1.27993851E+01
4862.3999       1.28002052E+01
4863.7998       1.28802052E+01
4865.2002       1.29993849E+01
4866.6001       1.30806160E+01
4868.0000       1.31318970E+01
4869.3999       1.32246151E+01
4870.7998       1.33066664E+01
4872.2002       1.33429737E+01
4873.6001       1.33661537E+01
4875.0000       1.33889236E+01
4876.3999       1.34016409E+01
4877.7998       1.34352818E+01
4879.2002       1.34705639E+01
4880.6001       1.34826660E+01
4882.0000       1.34884100E+01
4883.3999       1.35105639E+01
4884.7998       1.35279999E+01
4886.2002       1.35117950E+01
4887.6001       1.34994869E+01
4889.0000       1.35202045E+01
4890.3999       1.35569229E+01
4891.7998       1.35764103E+01
4893.2002       1.35630770E+01
4894.6001       1.35378456E+01
4896.0000       1.35267696E+01
4897.3999       1.35177441E+01
4898.7998       1.35277948E+01
4900.2002       1.35517950E+01
4901.6001       1.35495386E+01
4903.0000       1.35269747E+01
4904.3999       1.35140514E+01
4905.7998       1.35019493E+01
4907.2002       1.34976406E+01
4908.6001       1.35167179E+01
4910.0000       1.35298462E+01
4911.3999       1.35273848E+01
4912.7998       1.35042057E+01
4914.2002       1.34711800E+01
4915.6001       1.34802055E+01
4917.0000       1.35366154E+01
4918.3999       1.35737438E+01
4919.7998       1.35718975E+01
4921.2002       1.35497437E+01
4922.6001       1.35154877E+01
4924.0000       1.34937439E+01
4925.3999       1.35074873E+01
4926.7998       1.35146666E+01
4928.2002       1.35150766E+01
4929.6001       1.35202045E+01
4931.0000       1.35179482E+01
4932.3999       1.35068722E+01
4933.7998       1.35064621E+01
4935.2002       1.35304613E+01
4936.6001       1.35505638E+01
4938.0000       1.35745640E+01
4939.3999       1.35780506E+01
4940.7998       1.35452309E+01
4942.2002       1.35001030E+01
4943.6001       1.34748716E+01
4945.0000       1.34633846E+01
4946.3999       1.34857435E+01
4947.7998       1.34916925E+01
4949.2002       1.34836922E+01
4950.6001       1.34787693E+01
4952.0000       1.34656410E+01
4953.3999       1.34514866E+01
4954.7998       1.34605122E+01
4956.2002       1.34797955E+01
4957.6001       1.34984617E+01
4959.0000       1.35009232E+01
4960.3999       1.34832821E+01
4961.7998       1.34654360E+01
4963.2002       1.34662561E+01
4964.6001       1.34912815E+01
4966.0000       1.34787693E+01
4967.3999       1.34486151E+01
4968.7998       1.34531288E+01
4970.2002       1.34666672E+01
4971.6001       1.34736404E+01
4973.0000       1.34804096E+01
4974.3999       1.34861536E+01
4975.7998       1.34750767E+01
4977.2002       1.34424610E+01
4978.6001       1.34250259E+01
4980.0000       1.34459486E+01
4981.3999       1.34670773E+01
4982.7998       1.34584618E+01
4984.2002       1.34516926E+01
4985.6001       1.34639997E+01
4987.0000       1.34783592E+01
4988.3999       1.34744616E+01
4989.7998       1.34586668E+01
4991.2002       1.34436922E+01
4992.6001       1.34367180E+01
4994.0000       1.34486151E+01
4995.3999       1.34566154E+01
4996.7998       1.34566154E+01
4998.2002       1.34480000E+01
4999.6001       1.34127178E+01
5001.0000       1.33534355E+01
5002.3999       1.32992821E+01
5003.7998       1.32693329E+01
5005.2002       1.33263588E+01
5006.6001       1.33710766E+01
5008.0000       1.33741541E+01
5009.3999       1.33790770E+01
5010.7998       1.33905640E+01
5012.2002       1.33979492E+01
5013.6001       1.33950768E+01
5015.0000       1.33848209E+01
5016.3999       1.33749743E+01
5017.7998       1.33636923E+01
5019.2002       1.33431797E+01
5020.6001       1.33550768E+01
5022.0000       1.33600006E+01
5023.3999       1.33567181E+01
5024.7998       1.33638973E+01
5026.2002       1.33794870E+01
5027.6001       1.33930254E+01
5029.0000       1.33934364E+01
5030.3999       1.33967180E+01
5031.7998       1.33839998E+01
5033.2002       1.33567181E+01
5034.6001       1.33499489E+01
5036.0000       1.33641024E+01
5037.3999       1.33487177E+01
5038.7998       1.33470764E+01
5040.2002       1.33458462E+01
5041.6001       1.33232822E+01
5043.0000       1.33257437E+01
5044.3999       1.33403072E+01
5045.7998       1.33573332E+01
5047.2002       1.33669739E+01
5048.6001       1.33485126E+01
5050.0000       1.33167181E+01
5051.3999       1.32966156E+01
5052.7998       1.33197947E+01
5054.2002       1.33405132E+01
5055.6001       1.32943592E+01
5057.0000       1.32469749E+01
5058.3999       1.32635899E+01
5059.7998       1.33138466E+01
5061.2002       1.33376408E+01
5062.6001       1.33323078E+01
5064.0000       1.33360004E+01
5065.3999       1.33452301E+01
5066.7998       1.33501539E+01
5068.2002       1.33345642E+01
5069.6001       1.33072815E+01
5071.0000       1.32990770E+01
5072.3999       1.33138466E+01
5073.7998       1.33210258E+01
5075.2002       1.32964106E+01
5076.6001       1.32966156E+01
5078.0000       1.33388720E+01
5079.3999       1.33643074E+01
5080.7998       1.33755894E+01
5082.2002       1.33565130E+01
5083.6001       1.33241024E+01
5085.0000       1.33076925E+01
5086.3999       1.33140507E+01
5087.7998       1.33197947E+01
5089.2002       1.33257437E+01
5090.6001       1.33220510E+01
5092.0000       1.33173332E+01
5093.3999       1.33206158E+01
5094.7998       1.33300514E+01
5096.2002       1.33329229E+01
5097.6001       1.33273849E+01
5099.0000       1.33238974E+01
5100.3999       1.33156929E+01
5101.7998       1.33103590E+01
5103.2002       1.33292313E+01
5104.6001       1.33478975E+01
5106.0000       1.33427696E+01
5107.3999       1.33267689E+01
5108.7998       1.33257437E+01
5110.2002       1.33372307E+01
5111.6001       1.33267689E+01
5113.0000       1.33048210E+01
5114.3999       1.33103590E+01
5115.7998       1.33191795E+01
5117.2002       1.32978458E+01
5118.6001       1.32806149E+01
5120.0000       1.32849236E+01
5121.3999       1.32828712E+01
5122.7998       1.32763081E+01
5124.2002       1.32756920E+01
5125.6001       1.32658463E+01
5127.0000       1.32402058E+01
5128.3999       1.32270775E+01
5129.7998       1.32469749E+01
5131.2002       1.32746668E+01
5132.6001       1.32769232E+01
5134.0000       1.32627697E+01
5135.3999       1.32662563E+01
5136.7998       1.32773333E+01
5138.2002       1.32629738E+01
5139.6001       1.32453327E+01
5141.0000       1.32430763E+01
5142.3999       1.32475891E+01
5143.7998       1.32459488E+01
5145.2002       1.32512817E+01
5146.6001       1.32469749E+01
5148.0000       1.32344618E+01
5149.3999       1.32205124E+01
5150.7998       1.32075901E+01
5152.2002       1.32082052E+01
5153.6001       1.31821537E+01
5155.0000       1.31536407E+01
5156.3999       1.31565132E+01
5157.7998       1.31762047E+01
5159.2002       1.31958981E+01
5160.6001       1.32198973E+01
5162.0000       1.32272816E+01
5163.3999       1.32166157E+01
5164.7998       1.32131281E+01
5166.2002       1.32053337E+01
5167.6001       1.31891279E+01
5169.0000       1.31848202E+01
5170.3999       1.32008209E+01
5171.7998       1.32254353E+01
5173.2002       1.32328205E+01
5174.6001       1.32264614E+01
5176.0000       1.32077951E+01
5177.3999       1.31860514E+01
5178.7998       1.31813335E+01
5180.2002       1.31856413E+01
5181.6001       1.31895390E+01
5183.0000       1.31936407E+01
5184.3999       1.31917953E+01
5185.7998       1.31788712E+01
5187.2002       1.31673851E+01
5188.6001       1.31698456E+01
5190.0000       1.31782570E+01
5191.3999       1.31813335E+01
5192.7998       1.31831799E+01
5194.2002       1.31837950E+01
5195.6001       1.31807175E+01
5197.0000       1.31760006E+01
5198.3999       1.31682053E+01
5199.7998       1.31688204E+01
5201.2002       1.31776409E+01
5202.6001       1.31784611E+01
5204.0000       1.31766157E+01
5205.3999       1.31852303E+01
5206.7998       1.31911793E+01
5208.2002       1.31786671E+01
5209.6001       1.31647186E+01
5211.0000       1.31739483E+01
5212.3999       1.31714869E+01
5213.7998       1.31550770E+01
5215.2002       1.31483078E+01
5216.6001       1.31392822E+01
5218.0000       1.31493330E+01
5219.3999       1.31669741E+01
5220.7998       1.31772308E+01
5222.2002       1.31835899E+01
5223.6001       1.31803074E+01
5225.0000       1.31565132E+01
5226.3999       1.31290255E+01
5227.7998       1.31236925E+01
5229.2002       1.31487179E+01
5230.6001       1.31702566E+01
5232.0000       1.31638975E+01
5233.3999       1.31452312E+01
5234.7998       1.31370258E+01
5236.2002       1.31466665E+01
5237.6001       1.31548719E+01
5239.0000       1.31561031E+01
5240.3999       1.31688204E+01
5241.7998       1.31995897E+01
5243.2002       1.31965122E+01
5244.6001       1.31751795E+01
5246.0000       1.31710768E+01
5247.3999       1.31840000E+01
5248.7998       1.31895390E+01
5250.2002       1.31792822E+01
5251.6001       1.31708717E+01
5253.0000       1.31745644E+01
5254.3999       1.31815386E+01
5255.7998       1.31716919E+01
5257.2002       1.31585636E+01
5258.6001       1.31569233E+01
5260.0000       1.31536407E+01
5261.3999       1.31483078E+01
5262.7998       1.31491280E+01
5264.2002       1.31468716E+01
5265.6001       1.31390772E+01
5267.0000       1.31407185E+01
5268.3999       1.31417437E+01
5269.7998       1.31298466E+01
5271.2002       1.31245127E+01
5272.6001       1.31370258E+01
5274.0000       1.31472816E+01
5275.3999       1.31396923E+01
5276.7998       1.31288204E+01
5278.2002       1.31282053E+01
5279.6001       1.31390772E+01
5281.0000       1.31524105E+01
5282.3999       1.31546669E+01
5283.7998       1.31368208E+01
5285.2002       1.31351795E+01
5286.6001       1.31501541E+01
5288.0000       1.31540508E+01
5289.3999       1.31505642E+01
5290.7998       1.31563072E+01
5292.2002       1.31520004E+01
5293.6001       1.31409225E+01
5295.0000       1.31396923E+01
5296.3999       1.31339493E+01
5297.7998       1.31284103E+01
5299.2002       1.31247177E+01
5300.6001       1.31275902E+01
5302.0000       1.31284103E+01
5303.3999       1.31171284E+01
5304.7998       1.31052303E+01
5306.2002       1.31001024E+01
5307.6001       1.31001024E+01
5309.0000       1.31179485E+01
5310.3999       1.31191797E+01
5311.7998       1.31091280E+01
5313.2002       1.31245127E+01
5314.6001       1.31081028E+01
5316.0000       1.30802050E+01
5317.3999       1.30804100E+01
5318.7998       1.30968208E+01
5320.2002       1.30998974E+01
5321.6001       1.31046152E+01
5323.0000       1.31195898E+01
5324.3999       1.31302567E+01
5325.7998       1.31271801E+01
5327.2002       1.31146669E+01
5328.6001       1.30953846E+01
5330.0000       1.30888205E+01
5331.3999       1.31099491E+01
5332.7998       1.31234875E+01
5334.2002       1.31167183E+01
5335.6001       1.31156921E+01
5337.0000       1.31234875E+01
5338.3999       1.31204109E+01
5339.7998       1.31048203E+01
5341.2002       1.30986671E+01
5342.6001       1.31074867E+01
5344.0000       1.31185646E+01
5345.3999       1.31134357E+01
5346.7998       1.30986671E+01
5348.2002       1.30959997E+01
5349.6001       1.30972309E+01
5351.0000       1.30998974E+01
5352.3999       1.31117954E+01
5353.7998       1.31103592E+01
5355.2002       1.31054363E+01
5356.6001       1.31035900E+01
5358.0000       1.30996923E+01
5359.3999       1.31052303E+01
5360.7998       1.31093330E+01
5362.2002       1.31128206E+01
5363.6001       1.31199999E+01
5365.0000       1.31119995E+01
5366.3999       1.31029739E+01
5367.7998       1.30847178E+01
5369.2002       1.30586662E+01
5370.6001       1.30629749E+01
5372.0000       1.30773335E+01
5373.3999       1.30882053E+01
5374.7998       1.30937433E+01
5376.2002       1.30947695E+01
5377.6001       1.30994873E+01
5379.0000       1.31095390E+01
5380.3999       1.31111794E+01
5381.7998       1.30863590E+01
5383.2002       1.30742569E+01
5384.6001       1.30838976E+01
5386.0000       1.30933332E+01
5387.3999       1.30894356E+01
5388.7998       1.30859489E+01
5390.2002       1.30822563E+01
5391.6001       1.30785637E+01
5393.0000       1.30826664E+01
5394.3999       1.30836926E+01
5395.7998       1.30750771E+01
5397.2002       1.30646152E+01
5398.6001       1.30594873E+01
5400.0000       1.30650253E+01
5401.3999       1.30613327E+01
5402.7998       1.30553846E+01
5404.2002       1.30720005E+01
5405.6001       1.30832825E+01
5407.0000       1.30781536E+01
5408.3999       1.30742569E+01
5409.7998       1.30701542E+01
5411.2002       1.30672817E+01
5412.6001       1.30676918E+01
5414.0000       1.30722046E+01
5415.3999       1.30816412E+01
5416.7998       1.30857430E+01
5418.2002       1.30816412E+01
5419.6001       1.30765133E+01
5421.0000       1.30709743E+01
5422.3999       1.30783596E+01
5423.7998       1.30925131E+01
5425.2002       1.30869741E+01
5426.6001       1.30681028E+01
5428.0000       1.30551796E+01
5429.3999       1.30611286E+01
5430.7998       1.30806160E+01
5432.2002       1.30818462E+01
5433.6001       1.30685129E+01
5435.0000       1.30648203E+01
5436.3999       1.30787697E+01
5437.7998       1.30720005E+01
5439.2002       1.30771284E+01
5440.6001       1.30767174E+01
5442.0000       1.30395899E+01
5443.3999       1.30287180E+01
5444.7998       1.30258465E+01
5446.2002       1.30196924E+01
5447.6001       1.30233841E+01
5449.0000       1.30305643E+01
5450.3999       1.30354872E+01
5451.7998       1.30344620E+01
5453.2002       1.30377436E+01
5454.6001       1.30332308E+01
5456.0000       1.30201025E+01
5457.3999       1.30155897E+01
5458.7998       1.30207176E+01
5460.2002       1.30227690E+01
5461.6001       1.30207176E+01
5463.0000       1.30305643E+01
5464.3999       1.30473843E+01
5465.7998       1.30334358E+01
5467.2002       1.30073853E+01
5468.6001       1.30059490E+01
5470.0000       1.30264616E+01
5471.3999       1.30381536E+01
5472.7998       1.30365124E+01
5474.2002       1.30336409E+01
5475.6001       1.30307693E+01
5477.0000       1.30332308E+01
5478.3999       1.30289230E+01
5479.7998       1.30182562E+01
5481.2002       1.30184612E+01
5482.6001       1.30168209E+01
5484.0000       1.30168209E+01
5485.3999       1.30289230E+01
5486.7998       1.30274868E+01
5488.2002       1.30151796E+01
5489.6001       1.30137434E+01
5491.0000       1.30221539E+01
5492.3999       1.30211277E+01
5493.7998       1.30104618E+01
5495.2002       1.30082054E+01
5496.6001       1.30203075E+01
5498.0000       1.30100517E+01
5499.3999       1.30006151E+01
5500.7998       1.30057430E+01
5502.2002       1.30008202E+01
5503.6001       1.29915895E+01
5505.0000       1.29942570E+01
5506.3999       1.29930258E+01
5507.7998       1.29659491E+01
5509.2002       1.29690256E+01
5510.6001       1.29885130E+01
5512.0000       1.30000000E+01
5513.3999       1.30106668E+01
5514.7998       1.30272827E+01
5516.2002       1.30420513E+01
5517.6001       1.30385647E+01
5519.0000       1.30186672E+01
5520.3999       1.30053329E+01
5521.7998       1.30090256E+01
5523.2002       1.30182562E+01
5524.6001       1.30264616E+01
5526.0000       1.30291281E+01
5527.3999       1.30272827E+01
5528.7998       1.30157948E+01
5530.2002       1.29938459E+01
5531.6001       1.29905643E+01
5533.0000       1.30012302E+01
5534.3999       1.30057430E+01
5535.7998       1.30024614E+01
5537.2002       1.29942570E+01
5538.6001       1.29997950E+01
5540.0000       1.30110769E+01
5541.3999       1.30063591E+01
5542.7998       1.29905643E+01
5544.2002       1.29753847E+01
5545.6001       1.29653330E+01
5547.0000       1.29632816E+01
5548.3999       1.29712820E+01
5549.7998       1.29792824E+01
5551.2002       1.29854355E+01
5552.6001       1.29967175E+01
5554.0000       1.30010262E+01
5555.3999       1.30000000E+01
5556.7998       1.30030766E+01
5558.2002       1.30028715E+01
5559.6001       1.29975386E+01
5561.0000       1.29840002E+01
5562.3999       1.29645128E+01
5563.7998       1.29597950E+01
5565.2002       1.29634876E+01
5566.6001       1.29692307E+01
5568.0000       1.29776411E+01
5569.3999       1.29616413E+01
5570.7998       1.29474869E+01
5572.2002       1.29595900E+01
5573.6001       1.29870768E+01
5575.0000       1.29897442E+01
5576.3999       1.29696407E+01
5577.7998       1.29563074E+01
5579.2002       1.29585638E+01
5580.6001       1.29534359E+01
5582.0000       1.29460516E+01
5583.3999       1.29456406E+01
5584.7998       1.29464617E+01
5586.2002       1.29511795E+01
5587.6001       1.29579487E+01
5589.0000       1.29628716E+01
5590.3999       1.29653330E+01
5591.7998       1.29673843E+01
5593.2002       1.29597950E+01
5594.6001       1.29526157E+01
5596.0000       1.29567184E+01
5597.3999       1.29452305E+01
5598.7998       1.29384613E+01
5600.2002       1.29532309E+01
5601.6001       1.29684105E+01
5603.0000       1.29481030E+01
5604.3999       1.29288206E+01
5605.7998       1.29284105E+01
5607.2002       1.29351797E+01
5608.6001       1.29503593E+01
5610.0000       1.29581537E+01
5611.3999       1.29495382E+01
5612.7998       1.29310770E+01
5614.2002       1.29197950E+01
5615.6001       1.29302559E+01
5617.0000       1.29362049E+01
5618.3999       1.29261541E+01
5619.7998       1.29230766E+01
5621.2002       1.29191799E+01
5622.6001       1.29095383E+01
5624.0000       1.29111795E+01
5625.3999       1.29146671E+01
5626.7998       1.29136410E+01
5628.2002       1.29146671E+01
5629.6001       1.29189739E+01
5631.0000       1.29294357E+01
5632.3999       1.29372311E+01
5633.7998       1.29312820E+01
5635.2002       1.29179487E+01
5636.6001       1.29126148E+01
5638.0000       1.29177437E+01
5639.3999       1.29224615E+01
5640.7998       1.29185638E+01
5642.2002       1.29290257E+01
5643.6001       1.29398975E+01
5645.0000       1.29273844E+01
5646.3999       1.29058456E+01
5647.7998       1.29027691E+01
5649.2002       1.28978462E+01
5650.6001       1.28877945E+01
5652.0000       1.28957949E+01
5653.3999       1.29144611E+01
5654.7998       1.29173336E+01
5656.2002       1.29105644E+01
5657.6001       1.29097433E+01
5659.0000       1.29212303E+01
5660.3999       1.29212303E+01
5661.7998       1.29195900E+01
5663.2002       1.29275894E+01
5664.6001       1.29191799E+01
5666.0000       1.29119997E+01
5667.3999       1.29126148E+01
5668.7998       1.29175386E+01
5670.2002       1.29156923E+01
5671.6001       1.29052305E+01
5673.0000       1.28972301E+01
5674.3999       1.28916922E+01
5675.7998       1.28830767E+01
5677.2002       1.28841028E+01
5678.6001       1.28925133E+01
5680.0000       1.28966160E+01
5681.3999       1.28951797E+01
5682.7998       1.29001026E+01
5684.2002       1.29025640E+01
5685.6001       1.28978462E+01
5687.0000       1.28939486E+01
5688.3999       1.28939486E+01
5689.7998       1.28908720E+01
5691.2002       1.28841028E+01
5692.6001       1.28795900E+01
5694.0000       1.28752823E+01
5695.3999       1.28765125E+01
5696.7998       1.28914871E+01
5698.2002       1.29091282E+01
5699.6001       1.29130259E+01
5701.0000       1.28996925E+01
5702.3999       1.28795900E+01
5703.7998       1.28769226E+01
5705.2002       1.28869743E+01
5706.6001       1.28929234E+01
5708.0000       1.28888206E+01
5709.3999       1.28761024E+01
5710.7998       1.28670769E+01
5712.2002       1.28693333E+01
5713.6001       1.28781538E+01
5715.0000       1.28845129E+01
5716.3999       1.28789749E+01
5717.7998       1.28806152E+01
5719.2002       1.28822565E+01
5720.6001       1.28779488E+01
5722.0000       1.28709745E+01
5723.3999       1.28603077E+01
5724.7998       1.28646154E+01
5726.2002       1.28748722E+01
5727.6001       1.28771286E+01
5729.0000       1.28787689E+01
5730.3999       1.28761024E+01
5731.7998       1.28752823E+01
5733.2002       1.28777437E+01
5734.6001       1.28715897E+01
5736.0000       1.28531284E+01
5737.3999       1.28422565E+01
5738.7998       1.28441029E+01
5740.2002       1.28502560E+01
5741.6001       1.28586664E+01
5743.0000       1.28642054E+01
5744.3999       1.28681030E+01
5745.7998       1.28664618E+01
5747.2002       1.28568211E+01
5748.6001       1.28705635E+01
5750.0000       1.28834877E+01
5751.3999       1.28752823E+01
5752.7998       1.28658466E+01
5754.2002       1.28504620E+01
5755.6001       1.28531284E+01
5757.0000       1.28734360E+01
5758.3999       1.28810253E+01
5759.7998       1.28722048E+01
5761.2002       1.28586664E+01
5762.6001       1.28541536E+01
5764.0000       1.28613338E+01
5765.3999       1.28648205E+01
5766.7998       1.28596926E+01
5768.2002       1.28541536E+01
5769.6001       1.28527184E+01
5771.0000       1.28555899E+01
5772.3999       1.28549747E+01
5773.7998       1.28479996E+01
5775.2002       1.28453331E+01
5776.6001       1.28445129E+01
5778.0000       1.28365126E+01
5779.3999       1.28330250E+01
5780.7998       1.28383589E+01
5782.2002       1.28393841E+01
5783.6001       1.28274870E+01
5785.0000       1.28207178E+01
5786.3999       1.28239994E+01
5787.7998       1.28260517E+01
5789.2002       1.28229742E+01
5790.6001       1.28108721E+01
5792.0000       1.28180513E+01
5793.3999       1.28422565E+01
5794.7998       1.28479996E+01
5796.2002       1.28248205E+01
5797.6001       1.28086157E+01
5799.0000       1.28133335E+01
5800.3999       1.28260517E+01
5801.7998       1.28239994E+01
5803.2002       1.28057442E+01
5804.6001       1.27969227E+01
5806.0000       1.28020515E+01
5807.3999       1.28166151E+01
5808.7998       1.28326149E+01
5810.2002       1.28281021E+01
5811.6001       1.28143587E+01
5813.0000       1.28092308E+01
5814.3999       1.28155899E+01
5815.7998       1.28217430E+01
5817.2002       1.28371277E+01
5818.6001       1.28459492E+01
5820.0000       1.28430767E+01
5821.3999       1.28375387E+01
5822.7998       1.28287182E+01
5824.2002       1.28266668E+01
5825.6001       1.28135386E+01
5827.0000       1.27907696E+01
5828.3999       1.27844105E+01
5829.7998       1.27917948E+01
5831.2002       1.28065643E+01
5832.6001       1.28190765E+01
5834.0000       1.28278971E+01
5835.3999       1.28395901E+01
5836.7998       1.28391800E+01
5838.2002       1.28237953E+01
5839.6001       1.28192825E+01
5841.0000       1.28299484E+01
5842.3999       1.28313847E+01
5843.7998       1.28219490E+01
5845.2002       1.28063593E+01
5846.6001       1.27919998E+01
5848.0000       1.28020515E+01
5849.3999       1.28168201E+01
5850.7998       1.28291283E+01
5852.2002       1.28365126E+01
5853.6001       1.28254356E+01
5855.0000       1.28250256E+01
5856.3999       1.28293333E+01
5857.7998       1.28303585E+01
5859.2002       1.28295383E+01
5860.6001       1.28213329E+01
5862.0000       1.28188715E+01
5863.3999       1.28229742E+01
5864.7998       1.28313847E+01
5866.2002       1.28276920E+01
5867.6001       1.28172302E+01
5869.0000       1.28061543E+01
5870.3999       1.28049231E+01
5871.7998       1.28201027E+01
5873.2002       1.28254356E+01
5874.6001       1.28092308E+01
5876.0000       1.28155899E+01
5877.3999       1.28264618E+01
5878.7998       1.28274870E+01
5880.2002       1.28162050E+01
5881.6001       1.27977438E+01
5883.0000       1.27963076E+01
5884.3999       1.28067694E+01
5885.7998       1.28002052E+01
5887.2002       1.27667694E+01
5888.6001       1.27226667E+01
5890.0000       1.26908722E+01
5891.3999       1.27037945E+01
5892.7998       1.27403078E+01
5894.2002       1.27556925E+01
5895.6001       1.27427692E+01
5897.0000       1.27470770E+01
5898.3999       1.27766151E+01
5899.7998       1.27954874E+01
5901.2002       1.27924099E+01
5902.6001       1.27796917E+01
5904.0000       1.27721024E+01
5905.3999       1.27747688E+01
5906.7998       1.27850256E+01
5908.2002       1.27997952E+01
5909.6001       1.28092308E+01
5911.0000       1.28022566E+01
5912.3999       1.27922049E+01
5913.7998       1.27954874E+01
5915.2002       1.28038979E+01
5916.6001       1.28057442E+01
5918.0000       1.27958975E+01
5919.3999       1.27864618E+01
5920.7998       1.27848206E+01
5922.2002       1.27757950E+01
5923.6001       1.27700510E+01
5925.0000       1.27721024E+01
5926.3999       1.27694359E+01
5927.7998       1.27690258E+01
5929.2002       1.27881031E+01
5930.6001       1.27915897E+01
5932.0000       1.27922049E+01
5933.3999       1.27922049E+01
5934.7998       1.27874870E+01
5936.2002       1.27971287E+01
5937.6001       1.27952824E+01
5939.0000       1.27729225E+01
5940.3999       1.27616405E+01
5941.7998       1.27614365E+01
5943.2002       1.27558975E+01
5944.6001       1.27561026E+01
5946.0000       1.27548714E+01
5947.3999       1.27497435E+01
5948.7998       1.27423592E+01
5950.2002       1.27386665E+01
5951.6001       1.27384615E+01
5953.0000       1.27563076E+01
5954.3999       1.27544613E+01
5955.7998       1.27360001E+01
5957.2002       1.27310772E+01
5958.6001       1.27388716E+01
5960.0000       1.27468719E+01
5961.3999       1.27505646E+01
5962.7998       1.27569237E+01
5964.2002       1.27620516E+01
5965.6001       1.27522049E+01
5967.0000       1.27390766E+01
5968.3999       1.27345638E+01
5969.7998       1.27444105E+01
5971.2002       1.27565126E+01
5972.6001       1.27567177E+01
5974.0000       1.27458458E+01
5975.3999       1.27368202E+01
5976.7998       1.27298460E+01
5978.2002       1.27208204E+01
5979.6001       1.27241020E+01
5981.0000       1.27392826E+01
5982.3999       1.27583590E+01
5983.7998       1.27663593E+01
5985.2002       1.27513847E+01
5986.6001       1.27364101E+01
5988.0000       1.27360001E+01
5989.3999       1.27347698E+01
5990.7998       1.27355900E+01
5992.2002       1.27439995E+01
5993.6001       1.27431793E+01
5995.0000       1.27390766E+01
5996.3999       1.27522049E+01
5997.7998       1.27600002E+01
5999.2002       1.27456408E+01
6000.6001       1.27298460E+01
6002.0000       1.27454357E+01
6003.3999       1.27526150E+01
6004.7998       1.27407179E+01
6006.2002       1.27226667E+01
6007.6001       1.27206154E+01
6009.0000       1.27384615E+01
6010.3999       1.27378464E+01
6011.7998       1.27271795E+01
6013.2002       1.27249231E+01
6014.6001       1.27321024E+01
6016.0000       1.27415390E+01
6017.3999       1.27413330E+01
6018.7998       1.27423592E+01
6020.2002       1.27339487E+01
6021.6001       1.27234869E+01
6023.0000       1.27318974E+01
6024.3999       1.27360001E+01
6025.7998       1.27300510E+01
6027.2002       1.27191792E+01
6028.6001       1.27200003E+01
6030.0000       1.27318974E+01
6031.3999       1.27503586E+01
6032.7998       1.27511797E+01
6034.2002       1.27362051E+01
6035.6001       1.27302561E+01
6037.0000       1.27339487E+01
6038.3999       1.27349739E+01
6039.7998       1.27341537E+01
6041.2002       1.27253332E+01
6042.6001       1.27099485E+01
6044.0000       1.27048206E+01
6045.3999       1.27078972E+01
6046.7998       1.27132301E+01
6048.2002       1.27144613E+01
6049.6001       1.27095385E+01
6051.0000       1.27058468E+01
6052.3999       1.27126160E+01
6053.7998       1.27154875E+01
6055.2002       1.27161026E+01
6056.6001       1.27216415E+01
6058.0000       1.27269745E+01
6059.3999       1.27321024E+01
6060.7998       1.27284107E+01
6062.2002       1.27189741E+01
6063.6001       1.27091284E+01
6065.0000       1.27144613E+01
6066.3999       1.27148724E+01
6067.7998       1.27113848E+01
6069.2002       1.27124100E+01
6070.6001       1.27195892E+01
6072.0000       1.27169228E+01
6073.3999       1.27101536E+01
6074.7998       1.27048206E+01
6076.2002       1.27056408E+01
6077.6001       1.27117949E+01
6079.0000       1.27163076E+01
6080.3999       1.27124100E+01
6081.7998       1.27130260E+01
6083.2002       1.27132301E+01
6084.6001       1.27144613E+01
6086.0000       1.27142563E+01
6087.3999       1.27070770E+01
6088.7998       1.27009230E+01
6090.2002       1.27040005E+01
6091.6001       1.27099485E+01
6093.0000       1.27091284E+01
6094.3999       1.27074871E+01
6095.7998       1.27035894E+01
6097.2002       1.27031794E+01
6098.6001       1.27089233E+01
6100.0000       1.27093334E+01
6101.3999       1.27095385E+01
6102.7998       1.27070770E+01
6104.2002       1.26980515E+01
6105.6001       1.26921024E+01
6107.0000       1.26918974E+01
6108.3999       1.26918974E+01
6109.7998       1.26980515E+01
6111.2002       1.27033844E+01
6112.6001       1.27011280E+01
6114.0000       1.26972313E+01
6115.3999       1.26990767E+01
6116.7998       1.26953850E+01
6118.2002       1.26875896E+01
6119.6001       1.26867695E+01
6121.0000       1.26904621E+01
6122.3999       1.26923075E+01
6123.7998       1.26927185E+01
6125.2002       1.26900511E+01
6126.6001       1.26921024E+01
6128.0000       1.26982565E+01
6129.3999       1.26941538E+01
6130.7998       1.26927185E+01
6132.2002       1.27029743E+01
6133.6001       1.27031794E+01
6135.0000       1.26894360E+01
6136.3999       1.26744614E+01
6137.7998       1.26707687E+01
6139.2002       1.26728210E+01
6140.6001       1.26816406E+01
6142.0000       1.26847181E+01
6143.3999       1.26777439E+01
6144.7998       1.26678972E+01
6146.2002       1.26621532E+01
6147.6001       1.26639996E+01
6149.0000       1.26775379E+01
6150.3999       1.26869745E+01
6151.7998       1.26871796E+01
6153.2002       1.26879997E+01
6154.6001       1.26849232E+01
6156.0000       1.26845131E+01
6157.3999       1.26853333E+01
6158.7998       1.26836920E+01
6160.2002       1.26863594E+01
6161.6001       1.26818466E+01
6163.0000       1.26773338E+01
6164.3999       1.26767178E+01
6165.7998       1.26777439E+01
6167.2002       1.26826668E+01
6168.6001       1.26853333E+01
6170.0000       1.26773338E+01
6171.3999       1.26754875E+01
6172.7998       1.26763077E+01
6174.2002       1.26728210E+01
6175.6001       1.26709747E+01
6177.0000       1.26722050E+01
6178.3999       1.26719999E+01
6179.7998       1.26652308E+01
6181.2002       1.26662560E+01
6182.6001       1.26701536E+01
6184.0000       1.26689234E+01
6185.3999       1.26681023E+01
6186.7998       1.26767178E+01
6188.2002       1.26771278E+01
6189.6001       1.26728210E+01
6191.0000       1.26726151E+01
6192.3999       1.26707687E+01
6193.7998       1.26734362E+01
6195.2002       1.26783590E+01
6196.6001       1.26910772E+01
6198.0000       1.26976414E+01
6199.3999       1.26916924E+01
6200.7998       1.26843071E+01
6202.2002       1.26761026E+01
6203.6001       1.26746664E+01
6205.0000       1.26724100E+01
6206.3999       1.26660519E+01
6207.7998       1.26711798E+01
6209.2002       1.26793842E+01
6210.6001       1.26795902E+01
6212.0000       1.26742563E+01
6213.3999       1.26726151E+01
6214.7998       1.26767178E+01
6216.2002       1.26736412E+01
6217.6001       1.26699486E+01
6219.0000       1.26713848E+01
6220.3999       1.26728210E+01
6221.7998       1.26646156E+01
6223.2002       1.26578465E+01
6224.6001       1.26551800E+01
6226.0000       1.26592817E+01
6227.3999       1.26598969E+01
6228.7998       1.26547689E+01
6230.2002       1.26463585E+01
6231.6001       1.26512823E+01
6233.0000       1.26543589E+01
6234.3999       1.26523075E+01
6235.7998       1.26488209E+01
6237.2002       1.26424618E+01
6238.6001       1.26352825E+01
6240.0000       1.26332302E+01
6241.3999       1.26500511E+01
6242.7998       1.26539488E+01
6244.2002       1.26430769E+01
6245.6001       1.26320000E+01
6247.0000       1.26295385E+01
6248.3999       1.26375389E+01
6249.7998       1.26518974E+01
6251.2002       1.26646156E+01
6252.6001       1.26713848E+01
6254.0000       1.26666670E+01
6255.3999       1.26576405E+01
6256.7998       1.26588717E+01
6258.2002       1.26664619E+01
6259.6001       1.26726151E+01
6261.0000       1.26637955E+01
6262.3999       1.26348715E+01
6263.7998       1.26067696E+01
6265.2002       1.26198978E+01
6266.6001       1.26570253E+01
6268.0000       1.26592817E+01
6269.3999       1.26455383E+01
6270.7998       1.26447182E+01
6272.2002       1.26443081E+01
6273.6001       1.26438980E+01
6275.0000       1.26432819E+01
6276.3999       1.26328201E+01
6277.7998       1.26123075E+01
6279.2002       1.26098461E+01
6280.6001       1.26127176E+01
6282.0000       1.26137438E+01
6283.3999       1.26198978E+01
6284.7998       1.26180515E+01
6286.2002       1.26256409E+01
6287.6001       1.26397953E+01
6289.0000       1.26490259E+01
6290.3999       1.26510773E+01
6291.7998       1.26430769E+01
6293.2002       1.26420517E+01
6294.6001       1.26356926E+01
6296.0000       1.26344614E+01
6297.3999       1.26393852E+01
6298.7998       1.26379490E+01
6300.2002       1.26334362E+01
6301.6001       1.26432819E+01
6303.0000       1.26369228E+01
6304.3999       1.26309738E+01
6305.7998       1.26334362E+01
6307.2002       1.26369228E+01
6308.6001       1.26404104E+01
6310.0000       1.26361027E+01
6311.3999       1.26313848E+01
6312.7998       1.26250257E+01
6314.2002       1.26203079E+01
6315.6001       1.26233845E+01
6317.0000       1.26293335E+01
6318.3999       1.26305637E+01
6319.7998       1.26367178E+01
6321.2002       1.26412306E+01
6322.6001       1.26358976E+01
6324.0000       1.26354866E+01
6325.3999       1.26334362E+01
6326.7998       1.26246157E+01
6328.2002       1.26153851E+01
6329.6001       1.26125126E+01
6331.0000       1.26162052E+01
6332.3999       1.26244106E+01
6333.7998       1.26303587E+01
6335.2002       1.26289234E+01
6336.6001       1.26221542E+01
6338.0000       1.26244106E+01
6339.3999       1.26246157E+01
6340.7998       1.26254358E+01
6342.2002       1.26272821E+01
6343.6001       1.26196918E+01
6345.0000       1.26030769E+01
6346.3999       1.25819492E+01
6347.7998       1.25766153E+01
6349.2002       1.25885124E+01
6350.6001       1.26008205E+01
6352.0000       1.26198978E+01
6353.3999       1.26248207E+01
6354.7998       1.26209230E+01
6356.2002       1.26168203E+01
6357.6001       1.26221542E+01
6359.0000       1.26289234E+01
6360.3999       1.26297436E+01
6361.7998       1.26231794E+01
6363.2002       1.26157951E+01
6364.6001       1.26121025E+01
6366.0000       1.26237946E+01
6367.3999       1.26246157E+01
6368.7998       1.26061535E+01
6370.2002       1.25860510E+01
6371.6001       1.25792818E+01
6373.0000       1.25920000E+01
6374.3999       1.26049232E+01
6375.7998       1.26116924E+01
6377.2002       1.26178455E+01
6378.6001       1.26123075E+01
6380.0000       1.25946665E+01
6381.3999       1.25872822E+01
6382.7998       1.25920000E+01
6384.2002       1.25963078E+01
6385.6001       1.26032820E+01
6387.0000       1.26022568E+01
6388.3999       1.25991793E+01
6389.7998       1.26022568E+01
6391.2002       1.26110764E+01
6392.6001       1.26075897E+01
6394.0000       1.25991793E+01
6395.3999       1.25938463E+01
6396.7998       1.26036921E+01
6398.2002       1.26162052E+01
6399.6001       1.26180515E+01
6401.0000       1.26098461E+01
6402.3999       1.26036921E+01
6403.7998       1.26018467E+01
6405.2002       1.26110764E+01
6406.6001       1.26153851E+01
6408.0000       1.26106663E+01
6409.3999       1.26043072E+01
6410.7998       1.26024618E+01
6412.2002       1.26006155E+01
6413.6001       1.25965128E+01
6415.0000       1.25842056E+01
6416.3999       1.25725126E+01
6417.7998       1.25762053E+01
6419.2002       1.25995903E+01
6420.6001       1.26129227E+01
6422.0000       1.26139488E+01
6423.3999       1.26129227E+01
6424.7998       1.26092310E+01
6426.2002       1.26008205E+01
6427.6001       1.25899487E+01
6429.0000       1.25920000E+01
6430.3999       1.25961027E+01
6431.7998       1.25901537E+01
6433.2002       1.25881023E+01
6434.6001       1.25883083E+01
6436.0000       1.25920000E+01
6437.3999       1.26024618E+01
6438.7998       1.26071796E+01
6440.2002       1.26030769E+01
6441.6001       1.25987692E+01
6443.0000       1.25979490E+01
6444.3999       1.25922050E+01
6445.7998       1.25858459E+01
6447.2002       1.25790768E+01
6448.6001       1.25788717E+01
6450.0000       1.25848207E+01
6451.3999       1.25872822E+01
6452.7998       1.25842056E+01
6454.2002       1.25815382E+01
6455.6001       1.25786667E+01
6457.0000       1.25794868E+01
6458.3999       1.25850258E+01
6459.7998       1.25915899E+01
6461.2002       1.25961027E+01
6462.6001       1.25956917E+01
6464.0000       1.25887184E+01
6465.3999       1.25870771E+01
6466.7998       1.25876923E+01
6468.2002       1.25903587E+01
6469.6001       1.25917950E+01
6471.0000       1.26000004E+01
6472.3999       1.25991793E+01
6473.7998       1.25891285E+01
6475.2002       1.25823593E+01
6476.6001       1.25920000E+01
6478.0000       1.25944614E+01
6479.3999       1.25874872E+01
6480.7998       1.25823593E+01
6482.2002       1.25757952E+01
6483.6001       1.25706673E+01
6485.0000       1.25690250E+01
6486.3999       1.25768204E+01
6487.7998       1.25911789E+01
6489.2002       1.25905638E+01
6490.6001       1.25755901E+01
6492.0000       1.25665646E+01
6493.3999       1.25682049E+01
6494.7998       1.25739489E+01
6496.2002       1.25805130E+01
6497.6001       1.25860510E+01
6499.0000       1.25928211E+01
6500.3999       1.25975380E+01
6501.7998       1.25942564E+01
6503.2002       1.25907688E+01
6504.6001       1.25864620E+01
6506.0000       1.25776405E+01
6507.3999       1.25868721E+01
6508.7998       1.25897436E+01
6510.2002       1.25833845E+01
6511.6001       1.25786667E+01
6513.0000       1.25751801E+01
6514.3999       1.25700512E+01
6515.7998       1.25706673E+01
6517.2002       1.25842056E+01
6518.6001       1.25973339E+01
6520.0000       1.25920000E+01
6521.3999       1.25852308E+01
6522.7998       1.25809231E+01
6524.2002       1.25831795E+01
6525.6001       1.25817432E+01
6527.0000       1.25766153E+01
6528.3999       1.25745640E+01
6529.7998       1.25788717E+01
6531.2002       1.25794868E+01
6532.6001       1.25813332E+01
6534.0000       1.25794868E+01
6535.3999       1.25745640E+01
6536.7998       1.25659485E+01
6538.2002       1.25667686E+01
6539.6001       1.25663586E+01
6541.0000       1.25591793E+01
6542.3999       1.25556927E+01
6543.7998       1.25513849E+01
6545.2002       1.25454359E+01
6546.6001       1.25364103E+01
6548.0000       1.25249233E+01
6549.3999       1.25197945E+01
6550.7998       1.25163078E+01
6552.2002       1.25027695E+01
6553.6001       1.24834871E+01
6555.0000       1.24613333E+01
6556.3999       1.24400005E+01
6557.7998       1.24198971E+01
6559.2002       1.23944616E+01
6560.6001       1.23585644E+01
6562.0000       1.23351793E+01
6563.3999       1.23415384E+01
6564.7998       1.23852310E+01
6566.2002       1.24182568E+01
6567.6001       1.24443073E+01
6569.0000       1.24637947E+01
6570.3999       1.24812307E+01
6571.7998       1.24927177E+01
6573.2002       1.25097437E+01
6574.6001       1.25241032E+01
6576.0000       1.25372305E+01
6577.3999       1.25489235E+01
6578.7998       1.25538464E+01
6580.2002       1.25530262E+01
6581.6001       1.25522051E+01
6583.0000       1.25458460E+01
6584.3999       1.25392818E+01
6585.7998       1.25360003E+01
6587.2002       1.25382566E+01
6588.6001       1.25398979E+01
6590.0000       1.25413332E+01
6591.3999       1.25468712E+01
6592.7998       1.25544615E+01
6594.2002       1.25595894E+01
6595.6001       1.25638971E+01
6597.0000       1.25620518E+01
6598.3999       1.25565128E+01
6599.7998       1.25567179E+01
6601.2002       1.25610256E+01
6602.6001       1.25641022E+01
6604.0000       1.25632820E+01
6605.3999       1.25606155E+01
6606.7998       1.25563078E+01
6608.2002       1.25563078E+01
6609.6001       1.25632820E+01
6611.0000       1.25649233E+01
6612.3999       1.25538464E+01
6613.7998       1.25429745E+01
6615.2002       1.25437946E+01
6616.6001       1.25478973E+01
6618.0000       1.25468712E+01
6619.3999       1.25435896E+01
6620.7998       1.25493336E+01
6622.2002       1.25532303E+01
6623.6001       1.25520000E+01
6625.0000       1.25515900E+01
6626.3999       1.25540514E+01
6627.7998       1.25606155E+01
6629.2002       1.25593843E+01
6630.6001       1.25530262E+01
6632.0000       1.25454359E+01
6633.3999       1.25423584E+01
6634.7998       1.25446148E+01
6636.2002       1.25481024E+01
6637.6001       1.25481024E+01
6639.0000       1.25409231E+01
6640.3999       1.25333328E+01
6641.7998       1.25351791E+01
6643.2002       1.25409231E+01
6644.6001       1.25347691E+01
6646.0000       1.25273848E+01
6647.3999       1.25323076E+01
6648.7998       1.25386667E+01
6650.2002       1.25370255E+01
6651.6001       1.25325127E+01
6653.0000       1.25314875E+01
6654.3999       1.25345640E+01
6655.7998       1.25364103E+01
6657.2002       1.25401020E+01
6658.6001       1.25421543E+01
6660.0000       1.25382566E+01
6661.3999       1.25347691E+01
6662.7998       1.25339489E+01
6664.2002       1.25349741E+01
6665.6001       1.25284100E+01
6667.0000       1.25238972E+01
6668.3999       1.25232821E+01
6669.7998       1.25261536E+01
6671.2002       1.25218458E+01
6672.6001       1.25138464E+01
6674.0000       1.25144615E+01
6675.3999       1.25150766E+01
6676.7998       1.25134354E+01
6678.2002       1.25148716E+01
6679.6001       1.25171280E+01
6681.0000       1.25189743E+01
6682.3999       1.25154877E+01
6683.7998       1.25181541E+01
6685.2002       1.25187693E+01
6686.6001       1.25202045E+01
6688.0000       1.25302563E+01
6689.3999       1.25343590E+01
6690.7998       1.25310764E+01
6692.2002       1.25261536E+01
6693.6001       1.25236921E+01
6695.0000       1.25261536E+01
6696.3999       1.25243073E+01
6697.7998       1.25185642E+01
6699.2002       1.25195904E+01
6700.6001       1.25277948E+01
6702.0000       1.25288200E+01
6703.3999       1.25259485E+01
6704.7998       1.25245132E+01
6706.2002       1.25158978E+01
6707.6001       1.25134354E+01
6709.0000       1.25179482E+01
6710.3999       1.25220509E+01
6711.7998       1.25226669E+01
6713.2002       1.25208206E+01
6714.6001       1.25206156E+01
6716.0000       1.25191793E+01
6717.3999       1.25200005E+01
6718.7998       1.25200005E+01
6720.2002       1.25165129E+01
6721.6001       1.25181541E+01
6723.0000       1.25226669E+01
6724.3999       1.25200005E+01
6725.7998       1.25158978E+01
6727.2002       1.25175381E+01
6728.6001       1.25122051E+01
6730.0000       1.25052309E+01
6731.3999       1.25046158E+01
6732.7998       1.25083075E+01
6734.2002       1.25140514E+01
6735.6001       1.25144615E+01
6737.0000       1.25103588E+01
6738.3999       1.25132313E+01
6739.7998       1.25132313E+01
6741.2002       1.25115900E+01
6742.6001       1.25128202E+01
6744.0000       1.25074873E+01
6745.3999       1.25113850E+01
6746.7998       1.25175381E+01
6748.2002       1.25154877E+01
6749.6001       1.25105639E+01
6751.0000       1.25099487E+01
6752.3999       1.25130253E+01
6753.7998       1.25136414E+01
6755.2002       1.25124102E+01
6756.6001       1.25097437E+01
6758.0000       1.25070772E+01
6759.3999       1.25076923E+01
6760.7998       1.25109749E+01
6762.2002       1.25158978E+01
6763.6001       1.25206156E+01
6765.0000       1.25204105E+01
6766.3999       1.25169230E+01
6767.7998       1.25150766E+01
6769.2002       1.25130253E+01
6770.6001       1.25093336E+01
6772.0000       1.25058460E+01
6773.3999       1.25029745E+01
6774.7998       1.25017433E+01
6776.2002       1.25037947E+01
6777.6001       1.25052309E+01
6779.0000       1.25039997E+01
6780.3999       1.25003071E+01
6781.7998       1.25046158E+01
6783.2002       1.25062561E+01
6784.6001       1.25019493E+01
6786.0000       1.24992819E+01
6787.3999       1.25027695E+01
6788.7998       1.25074873E+01
6790.2002       1.25052309E+01
6791.6001       1.25003071E+01
6793.0000       1.25042057E+01
6794.3999       1.25046158E+01
6795.7998       1.25015383E+01
6797.2002       1.25025644E+01
6798.6001       1.25001030E+01
6800.0000       1.24990768E+01
6801.3999       1.24980507E+01
6802.7998       1.24990768E+01
6804.2002       1.25009232E+01
6805.6001       1.24976406E+01
6807.0000       1.24937439E+01
6808.3999       1.24904613E+01
6809.7998       1.24904613E+01
6811.2002       1.24927177E+01
6812.6001       1.24962053E+01
6814.0000       1.24949741E+01
6815.3999       1.24873848E+01
6816.7998       1.24818459E+01
6818.2002       1.24787693E+01
6819.6001       1.24777431E+01
6821.0000       1.24877949E+01
6822.3999       1.24941540E+01
6823.7998       1.24921026E+01
6825.2002       1.24935379E+01
6826.6001       1.24929228E+01
6828.0000       1.24898462E+01
6829.3999       1.24867687E+01
6830.7998       1.24843082E+01
6832.2002       1.24847183E+01
6833.6001       1.24873848E+01
6835.0000       1.24875898E+01
6836.3999       1.24875898E+01
6837.7998       1.24896412E+01
6839.2002       1.24947691E+01
6840.6001       1.24968204E+01
6842.0000       1.24912815E+01
6843.3999       1.24843082E+01
6844.7998       1.24779491E+01
6846.2002       1.24795895E+01
6847.6001       1.24877949E+01
6849.0000       1.24912815E+01
6850.3999       1.24949741E+01
6851.7998       1.24933338E+01
6853.2002       1.24933338E+01
6854.6001       1.24869747E+01
6856.0000       1.24779491E+01
6857.3999       1.24761028E+01
6858.7998       1.24873848E+01
6860.2002       1.24873848E+01
6861.6001       1.24775391E+01
6863.0000       1.24644108E+01
6864.3999       1.24580517E+01
6865.7998       1.24281025E+01
6867.2002       1.23848209E+01
6868.6001       1.23493328E+01
6870.0000       1.23394871E+01
6871.3999       1.23439999E+01
6872.7998       1.23583584E+01
6874.2002       1.23770256E+01
6875.6001       1.23885126E+01
6877.0000       1.24006157E+01
6878.3999       1.24137440E+01
6879.7998       1.24254360E+01
6881.2002       1.24369230E+01
6882.6001       1.24385643E+01
6884.0000       1.24313850E+01
6885.3999       1.24252310E+01
6886.7998       1.24201031E+01
6888.2002       1.24141541E+01
6889.6001       1.24116926E+01
6891.0000       1.24198971E+01
6892.3999       1.24264612E+01
6893.7998       1.24293327E+01
6895.2002       1.24256411E+01
6896.6001       1.24229746E+01
6898.0000       1.24281025E+01
6899.3999       1.24283075E+01
6900.7998       1.24223595E+01
6902.2002       1.24295387E+01
6903.6001       1.24309740E+01
6905.0000       1.24342566E+01
6906.3999       1.24365129E+01
6907.7998       1.24373331E+01
6909.2002       1.24330254E+01
6910.6001       1.24441023E+01
6912.0000       1.24523077E+01
6913.3999       1.24514866E+01
6914.7998       1.24506664E+01
6916.2002       1.24523077E+01
6917.6001       1.24549742E+01
6919.0000       1.24580517E+01
6920.3999       1.24605131E+01
6921.7998       1.24576416E+01
6923.2002       1.24490261E+01
6924.6001       1.24465637E+01
6926.0000       1.24582567E+01
6927.3999       1.24691277E+01
6928.7998       1.24637947E+01
6930.2002       1.24557953E+01
6931.6001       1.24549742E+01
6933.0000       1.24603081E+01
6934.3999       1.24674873E+01
6935.7998       1.24674873E+01
6937.2002       1.24621544E+01
6938.6001       1.24607182E+01
6940.0000       1.24660511E+01
6941.3999       1.24711800E+01
6942.7998       1.24715900E+01
6944.2002       1.24678974E+01
6945.6001       1.24635897E+01
6947.0000       1.24658461E+01
6948.3999       1.24681025E+01
6949.7998       1.24662561E+01
6951.2002       1.24631796E+01
6952.6001       1.24580517E+01
6954.0000       1.24529228E+01
6955.3999       1.24514866E+01
6956.7998       1.24471798E+01
6958.2002       1.24438972E+01
6959.6001       1.24414358E+01
6961.0000       1.24500513E+01
6962.3999       1.24568205E+01
6963.7998       1.24598980E+01
6965.2002       1.24598980E+01
6966.6001       1.24648209E+01
6968.0000       1.24648209E+01
6969.3999       1.24656410E+01
6970.7998       1.24670773E+01
6972.2002       1.24724102E+01
6973.6001       1.24732304E+01
6975.0000       1.24722052E+01
6976.3999       1.24705639E+01
6977.7998       1.24691277E+01
6979.2002       1.24674873E+01
6980.6001       1.24635897E+01
6982.0000       1.24605131E+01
6983.3999       1.24611282E+01
6984.7998       1.24652309E+01
6986.2002       1.24603081E+01
6987.6001       1.24531279E+01
6989.0000       1.24516926E+01
6990.3999       1.24539490E+01
6991.7998       1.24562054E+01
6993.2002       1.24553852E+01
6994.6001       1.24543591E+01
6996.0000       1.24516926E+01
6997.3999       1.24465637E+01
6998.7998       1.24447174E+01
7000.2002       1.24457436E+01
7001.6001       1.24422569E+01
7003.0000       1.24469738E+01
7004.3999       1.24469738E+01
7005.7998       1.24447174E+01
7007.2002       1.24535389E+01
7008.6001       1.24459486E+01
7010.0000       1.24467697E+01
7011.3999       1.24539490E+01
7012.7998       1.24562054E+01
7014.2002       1.24523077E+01
7015.6001       1.24541540E+01
7017.0000       1.24560003E+01
7018.3999       1.24514866E+01
7019.7998       1.24471798E+01
7021.2002       1.24518976E+01
7022.6001       1.24547691E+01
7024.0000       1.24551792E+01
7025.3999       1.24492302E+01
7026.7998       1.24412308E+01
7028.2002       1.24432821E+01
7029.6001       1.24492302E+01
7031.0000       1.24541540E+01
7032.3999       1.24504614E+01
7033.7998       1.24512825E+01
7035.2002       1.24467697E+01
7036.6001       1.24488201E+01
7038.0000       1.24586668E+01
7039.3999       1.24555893E+01
7040.7998       1.24492302E+01
7042.2002       1.24482050E+01
7043.6001       1.24445133E+01
7045.0000       1.24389744E+01
7046.3999       1.24373331E+01
7047.7998       1.24461536E+01
7049.2002       1.24527178E+01
7050.6001       1.24473848E+01
7052.0000       1.24424610E+01
7053.3999       1.24447174E+01
7054.7998       1.24502563E+01
7056.2002       1.24490261E+01
7057.6001       1.24486151E+01
7059.0000       1.24455385E+01
7060.3999       1.24418459E+01
7061.7998       1.24393845E+01
7063.2002       1.24410257E+01
7064.6001       1.24457436E+01
7066.0000       1.24469738E+01
7067.3999       1.24449234E+01
7068.7998       1.24410257E+01
7070.2002       1.24482050E+01
7071.6001       1.24443073E+01
7073.0000       1.24373331E+01
7074.3999       1.24295387E+01
7075.7998       1.24256411E+01
7077.2002       1.24289227E+01
7078.6001       1.24356918E+01
7080.0000       1.24377441E+01
7081.3999       1.24408207E+01
7082.7998       1.24498463E+01
7084.2002       1.24506664E+01
7085.6001       1.24426670E+01
7087.0000       1.24426670E+01
7088.3999       1.24408207E+01
7089.7998       1.24287186E+01
7091.2002       1.24254360E+01
7092.6001       1.24311790E+01
7094.0000       1.24395895E+01
7095.3999       1.24469738E+01
7096.7998       1.24498463E+01
7098.2002       1.24426670E+01
7099.6001       1.24348717E+01
7101.0000       1.24356918E+01
7102.3999       1.24389744E+01
7103.7998       1.24389744E+01
7105.2002       1.24432821E+01
7106.6001       1.24453335E+01
7108.0000       1.24358978E+01
7109.3999       1.24315891E+01
7110.7998       1.24373331E+01
7112.2002       1.24451284E+01
7113.6001       1.24486151E+01
7115.0000       1.24471798E+01
7116.3999       1.24412308E+01
7117.7998       1.24377441E+01
7119.2002       1.24377441E+01
7120.6001       1.24381542E+01
7122.0000       1.24352818E+01
7123.3999       1.24336414E+01
7124.7998       1.24391794E+01
7126.2002       1.24482050E+01
7127.6001       1.24523077E+01
7129.0000       1.24498463E+01
7130.3999       1.24418459E+01
7131.7998       1.24381542E+01
7133.2002       1.24336414E+01
7134.6001       1.24324102E+01
7136.0000       1.24276924E+01
7137.3999       1.24219484E+01
7138.7998       1.24262562E+01
7140.2002       1.24276924E+01
7141.6001       1.24258461E+01
7143.0000       1.24270763E+01
7144.3999       1.24205132E+01
7145.7998       1.24184618E+01
7147.2002       1.24213333E+01
7148.6001       1.24293327E+01
7150.0000       1.24397945E+01
7151.3999       1.24459486E+01
7152.7998       1.24432821E+01
7154.2002       1.24344616E+01
7155.6001       1.24334354E+01
7157.0000       1.24424610E+01
7158.3999       1.24484100E+01
7159.7998       1.24523077E+01
7161.2002       1.24482050E+01
7162.6001       1.24358978E+01
7164.0000       1.24289227E+01
7165.3999       1.24229746E+01
7166.7998       1.24145641E+01
7168.2002       1.24073849E+01
7169.6001       1.24073849E+01
7171.0000       1.24094353E+01
7172.3999       1.24143591E+01
7173.7998       1.24133339E+01
7175.2002       1.24038973E+01
7176.6001       1.24043074E+01
7178.0000       1.24061537E+01
7179.3999       1.24034872E+01
7180.7998       1.24014359E+01
7182.2002       1.24010258E+01
7183.6001       1.23954868E+01
7185.0000       1.23903589E+01
7186.3999       1.23952818E+01
7187.7998       1.24038973E+01
7189.2002       1.24086151E+01
7190.6001       1.24016409E+01
7192.0000       1.24028721E+01
7193.3999       1.24026661E+01
7194.7998       1.24051285E+01
7196.2002       1.24075899E+01
7197.6001       1.24092312E+01
7199.0000       1.24034872E+01
7200.3999       1.24051285E+01
7201.7998       1.24049225E+01
7203.2002       1.24022560E+01
7204.6001       1.24049225E+01
7206.0000       1.24176407E+01
7207.3999       1.24281025E+01
7208.7998       1.24358978E+01
7210.2002       1.24451284E+01
7211.6001       1.24451284E+01
7213.0000       1.24354877E+01
7214.3999       1.24309740E+01
7215.7998       1.24326153E+01
7217.2002       1.24367180E+01
7218.6001       1.24328203E+01
7220.0000       1.24143591E+01
7221.3999       1.24018459E+01
7222.7998       1.24041023E+01
7224.2002       1.24108715E+01
7225.6001       1.24157944E+01
7227.0000       1.24223595E+01
7228.3999       1.24266663E+01
7229.7998       1.24221535E+01
7231.2002       1.24094353E+01
7232.6001       1.23956928E+01
7234.0000       1.23993845E+01
7235.3999       1.24112816E+01
7236.7998       1.24118977E+01
7238.2002       1.23967180E+01
7239.6001       1.23874874E+01
7241.0000       1.23991795E+01
7242.3999       1.24018459E+01
7243.7998       1.24063587E+01
7245.2002       1.24061537E+01
7246.6001       1.24098463E+01
7248.0000       1.24096413E+01
7249.3999       1.24084101E+01
7250.7998       1.24034872E+01
7252.2002       1.24034872E+01
7253.6001       1.24043074E+01
7255.0000       1.24034872E+01
7256.3999       1.24114876E+01
7257.7998       1.24135380E+01
7259.2002       1.24155903E+01
7260.6001       1.24198971E+01
7262.0000       1.24166155E+01
7263.3999       1.24036922E+01
7264.7998       1.23952818E+01
7266.2002       1.23899488E+01
7267.6001       1.23895388E+01
7269.0000       1.23944616E+01
7270.3999       1.23971281E+01
7271.7998       1.23954868E+01
7273.2002       1.23913841E+01
7274.6001       1.23858461E+01
7276.0000       1.23858461E+01
7277.3999       1.23977432E+01
7278.7998       1.24045124E+01
7280.2002       1.24049225E+01
7281.6001       1.24075899E+01
7283.0000       1.24098463E+01
7284.3999       1.24059486E+01
7285.7998       1.23965130E+01
7287.2002       1.23917952E+01
7288.6001       1.23891277E+01
7290.0000       1.23741541E+01
7291.3999       1.23835897E+01
7292.7998       1.23909740E+01
7294.2002       1.23924103E+01
7295.6001       1.23981533E+01
7297.0000       1.24024620E+01
7298.3999       1.24032822E+01
7299.7998       1.23961029E+01
7301.2002       1.23889236E+01
7302.6001       1.23831797E+01
7304.0000       1.23819485E+01
7305.3999       1.23897438E+01
7306.7998       1.23801022E+01
7308.2002       1.23815384E+01
7309.6001       1.23936405E+01
7311.0000       1.24010258E+01
7312.3999       1.23989744E+01
7313.7998       1.23973331E+01
7315.2002       1.23979492E+01
7316.6001       1.23940516E+01
7318.0000       1.23835897E+01
7319.3999       1.23735390E+01
7320.7998       1.23772306E+01
7322.2002       1.23885126E+01
7323.6001       1.23961029E+01
7325.0000       1.23963079E+01
7326.3999       1.23934364E+01
7327.7998       1.23881025E+01
7329.2002       1.23878975E+01
7330.6001       1.23963079E+01
7332.0000       1.24016409E+01
7333.3999       1.24028721E+01
7334.7998       1.23985643E+01
7336.2002       1.23963079E+01
7337.6001       1.23975382E+01
7339.0000       1.23901539E+01
7340.3999       1.23837948E+01
7341.7998       1.23823586E+01
7343.2002       1.23854361E+01
7344.6001       1.23911800E+01
7346.0000       1.23956928E+01
7347.3999       1.23917952E+01
7348.7998       1.23868713E+01
7350.2002       1.23872824E+01
7351.6001       1.23907690E+01
7353.0000       1.23942566E+01
7354.3999       1.23971281E+01
7355.7998       1.23977432E+01
7357.2002       1.23956928E+01
7358.6001       1.23920002E+01
7360.0000       1.23819485E+01
7361.3999       1.23712826E+01
7362.7998       1.23735390E+01
7364.2002       1.23784618E+01
7365.6001       1.23807182E+01
7367.0000       1.23774357E+01
7368.3999       1.23729229E+01
7369.7998       1.23768206E+01
7371.2002       1.23827686E+01
7372.6001       1.23878975E+01
7374.0000       1.23811283E+01
7375.3999       1.23710766E+01
7376.7998       1.23696413E+01
7378.2002       1.23677950E+01
7379.6001       1.23667698E+01
7381.0000       1.23692303E+01
7382.3999       1.23665638E+01
7383.7998       1.23622570E+01
7385.2002       1.23581543E+01
7386.6001       1.23550768E+01
7388.0000       1.23581543E+01
7389.3999       1.23622570E+01
7390.7998       1.23655386E+01
7392.2002       1.23663588E+01
7393.6001       1.23616409E+01
7395.0000       1.23556919E+01
7396.3999       1.23522053E+01
7397.7998       1.23595896E+01
7399.2002       1.23665638E+01
7400.6001       1.23692303E+01
7402.0000       1.23690262E+01
7403.3999       1.23645134E+01
7404.7998       1.23665638E+01
7406.2002       1.23745642E+01
7407.6001       1.23819485E+01
7409.0000       1.23852310E+01
7410.3999       1.23817434E+01
7411.7998       1.23757954E+01
7413.2002       1.23698463E+01
7414.6001       1.23680000E+01
7416.0000       1.23702564E+01
7417.3999       1.23790770E+01
7418.7998       1.23768206E+01
7420.2002       1.23710766E+01
7421.6001       1.23716927E+01
7423.0000       1.23770256E+01
7424.3999       1.23807182E+01
7425.7998       1.23790770E+01
7427.2002       1.23731279E+01
