#
# Spectrum of HD9547, spectral type A5v
# Source: Jacoby, Hunter, & Christian, 1984, ApJ, 56, 257
#         Scaled to flux=1.0 at 5500 Angstroms.
#
# Wave: wavelength in Angstroms
# Flux: scaled flux normalized to 1.0 at 5500A then shifted
#       in order of spectral type
Wave            Flux
3510.0000       1.08674974E+01
3511.3999       1.08927975E+01
3512.8000       1.09455223E+01
3514.2000       1.09344416E+01
3515.6001       1.08896580E+01
3517.0000       1.08727608E+01
3518.3999       1.08415508E+01
3519.8000       1.07598343E+01
3521.2000       1.07660198E+01
3522.6001       1.07781162E+01
3524.0000       1.07580795E+01
3525.3999       1.07373037E+01
3526.8000       1.07241001E+01
3528.2000       1.07792244E+01
3529.6001       1.07791319E+01
3531.0000       1.07860575E+01
3532.3999       1.08267775E+01
3533.8000       1.08424740E+01
3535.2000       1.08383198E+01
3536.6001       1.08274240E+01
3538.0000       1.07936287E+01
3539.3999       1.07409973E+01
3540.8000       1.07436752E+01
3542.2000       1.07544785E+01
3543.6001       1.07403507E+01
3545.0000       1.07449675E+01
3546.3999       1.07611265E+01
3547.8000       1.07975063E+01
3549.2000       1.08069248E+01
3550.6001       1.07867966E+01
3552.0000       1.07817173E+01
3553.3999       1.08010159E+01
3554.8000       1.08357334E+01
3556.2000       1.08651896E+01
3557.6001       1.08389664E+01
3559.0000       1.08319483E+01
3560.3999       1.08385963E+01
3561.8000       1.08000002E+01
3563.2000       1.07594643E+01
3564.6001       1.07461681E+01
3566.0000       1.07457066E+01
3567.3999       1.07169895E+01
3568.8000       1.06724834E+01
3570.2000       1.06476460E+01
3571.6001       1.06617727E+01
3573.0000       1.07020321E+01
3574.3999       1.07196674E+01
3575.8000       1.07377653E+01
3577.2000       1.07812557E+01
3578.6001       1.08168974E+01
3580.0000       1.08277931E+01
3581.3999       1.08029547E+01
3582.8000       1.07542934E+01
3584.2000       1.07140350E+01
3585.6001       1.06764545E+01
3587.0000       1.06783934E+01
3588.3999       1.07143116E+01
3589.8000       1.07098799E+01
3591.2000       1.07199440E+01
3592.6001       1.07580795E+01
3594.0000       1.07594643E+01
3595.3999       1.07467222E+01
3596.8000       1.07869806E+01
3598.2000       1.07940903E+01
3599.6001       1.07565098E+01
3601.0000       1.07197599E+01
3602.3999       1.07252083E+01
3603.8000       1.07518930E+01
3605.2000       1.07757158E+01
3606.6001       1.07996311E+01
3608.0000       1.08048019E+01
3609.3999       1.08119116E+01
3610.8000       1.07910433E+01
3612.2000       1.07637119E+01
3613.6001       1.07608490E+01
3615.0000       1.07625113E+01
3616.3999       1.07674980E+01
3617.8000       1.07735920E+01
3619.2000       1.07692518E+01
3620.6001       1.07604799E+01
3622.0000       1.07625113E+01
3623.3999       1.07888279E+01
3624.8000       1.08041553E+01
3626.2000       1.07969532E+01
3627.6001       1.08145885E+01
3629.0000       1.08005543E+01
3630.3999       1.07633419E+01
3631.8000       1.07391510E+01
3633.2000       1.07145891E+01
3634.6001       1.07204990E+01
3636.0000       1.07301941E+01
3637.3999       1.07549400E+01
3638.8000       1.07739611E+01
3640.2000       1.07807941E+01
3641.6001       1.07743301E+01
3643.0000       1.07505074E+01
3644.3999       1.07411823E+01
3645.8000       1.07378578E+01
3647.2000       1.07438602E+01
3648.6001       1.07520771E+01
3650.0000       1.07638969E+01
3651.3999       1.07842102E+01
3652.8000       1.07493992E+01
3654.2000       1.07882729E+01
3655.6001       1.08184671E+01
3657.0000       1.08168049E+01
3658.3999       1.08096027E+01
3659.8000       1.08358269E+01
3661.2000       1.08290863E+01
3662.6001       1.08166199E+01
3664.0000       1.07940903E+01
3665.3999       1.07873497E+01
3666.8000       1.07928905E+01
3668.2000       1.07630653E+01
3669.6001       1.07944603E+01
3671.0000       1.08512459E+01
3672.3999       1.08269615E+01
3673.8000       1.08017540E+01
3675.2000       1.08072023E+01
3676.6001       1.07609425E+01
3678.0000       1.07116337E+01
3679.3999       1.07379503E+01
3680.8000       1.07724838E+01
3682.2000       1.07982454E+01
3683.6001       1.07913208E+01
3685.0000       1.07782087E+01
3686.3999       1.07723913E+01
3687.8000       1.07711906E+01
3689.2000       1.07758083E+01
3690.6001       1.07771006E+01
3692.0000       1.07854109E+01
3693.3999       1.08224373E+01
3694.8000       1.08128347E+01
3696.2000       1.07684212E+01
3697.6001       1.07739611E+01
3699.0000       1.08026772E+01
3700.3999       1.08260384E+01
3701.8000       1.08308401E+01
3703.2000       1.08039703E+01
3704.6001       1.07979679E+01
3706.0000       1.08060942E+01
3707.3999       1.08130188E+01
3708.8000       1.08046169E+01
3710.2000       1.07835636E+01
3711.6001       1.07925205E+01
3713.0000       1.08194828E+01
3714.3999       1.09004612E+01
3715.8000       1.09759922E+01
3717.2000       1.09833794E+01
3718.6001       1.08874416E+01
3720.0000       1.08120041E+01
3721.3999       1.07779312E+01
3722.8000       1.07734995E+01
3724.2000       1.08007393E+01
3725.6001       1.08689747E+01
3727.0000       1.09732227E+01
3728.3999       1.10507851E+01
3729.8000       1.10009232E+01
3731.2000       1.08836565E+01
3732.6001       1.07741461E+01
3734.0000       1.07119112E+01
3735.3999       1.07373037E+01
3736.8000       1.08428440E+01
3738.2000       1.09399815E+01
3739.6001       1.10249310E+01
3741.0000       1.10803318E+01
3742.3999       1.10849495E+01
3743.8000       1.10138502E+01
3745.2000       1.09270544E+01
3746.6001       1.08274240E+01
3748.0000       1.07374878E+01
3749.3999       1.07180977E+01
3750.8000       1.07690678E+01
3752.2000       1.08877192E+01
3753.6001       1.09769154E+01
3755.0000       1.10350876E+01
3756.3999       1.10535545E+01
3757.8000       1.10193901E+01
3759.2000       1.10147743E+01
3760.6001       1.10858727E+01
3762.0000       1.11357346E+01
3763.3999       1.11089563E+01
3764.8000       1.10221605E+01
3766.2000       1.09566021E+01
3767.6001       1.08919668E+01
3769.0000       1.08058167E+01
3770.3999       1.07711906E+01
3771.8000       1.08153276E+01
3773.2000       1.09289017E+01
3774.6001       1.10498619E+01
3776.0000       1.11560478E+01
3777.3999       1.12557716E+01
3778.8000       1.13213291E+01
3780.2000       1.13554935E+01
3781.6001       1.14072018E+01
3783.0000       1.14847641E+01
3784.3999       1.14736843E+01
3785.8000       1.13776550E+01
3787.2000       1.12788544E+01
3788.6001       1.12169895E+01
3790.0000       1.11939058E+01
3791.3999       1.11819019E+01
3792.8000       1.11061859E+01
3794.2000       1.09658356E+01
3795.6001       1.08174515E+01
3797.0000       1.07338867E+01
3798.3999       1.07809792E+01
3799.8000       1.08831949E+01
3801.2000       1.10000000E+01
3802.6001       1.11643581E+01
3804.0000       1.13000927E+01
3805.3999       1.13388729E+01
3806.8000       1.13785782E+01
3808.2000       1.14653740E+01
3809.6001       1.15281620E+01
3811.0000       1.15244694E+01
3812.3999       1.14866114E+01
3813.8000       1.14718380E+01
3815.2000       1.14875345E+01
3816.6001       1.15207758E+01
3818.0000       1.15687904E+01
3819.3999       1.15512466E+01
3820.8000       1.15069256E+01
3822.2000       1.14976921E+01
3823.6001       1.14275160E+01
3825.0000       1.13361034E+01
3826.3999       1.12511539E+01
3827.8000       1.11551247E+01
3829.2000       1.10729456E+01
3830.6001       1.09787626E+01
3832.0000       1.08634348E+01
3833.3999       1.07487535E+01
3834.8000       1.06927052E+01
3836.2000       1.07316713E+01
3837.6001       1.08325949E+01
3839.0000       1.09538317E+01
3840.3999       1.10618649E+01
3841.8000       1.11505079E+01
3843.2000       1.12585411E+01
3844.6001       1.13933516E+01
3846.0000       1.14921513E+01
3847.3999       1.15272388E+01
3848.8000       1.15697136E+01
3850.2000       1.16343489E+01
3851.6001       1.16795940E+01
3853.0000       1.17017546E+01
3854.3999       1.17156048E+01
3855.8000       1.17072945E+01
3857.2000       1.16832867E+01
3858.6001       1.16915970E+01
3860.0000       1.17266846E+01
3861.3999       1.17820873E+01
3862.8000       1.18125572E+01
3864.2000       1.18042469E+01
3865.6001       1.17894735E+01
3867.0000       1.18033237E+01
3868.3999       1.18448753E+01
3869.8000       1.18208675E+01
3871.2000       1.17174511E+01
3872.6001       1.16232681E+01
3874.0000       1.15623264E+01
3875.3999       1.15383196E+01
3876.8000       1.14792242E+01
3878.2000       1.14238224E+01
3879.6001       1.14062786E+01
3881.0000       1.13758078E+01
3882.3999       1.12733154E+01
3883.8000       1.11366577E+01
3885.2000       1.10036936E+01
3886.6001       1.08729458E+01
3888.0000       1.07793169E+01
3889.3999       1.08182831E+01
3890.8000       1.09270544E+01
3892.2000       1.10544777E+01
3893.6001       1.11505079E+01
3895.0000       1.11994457E+01
3896.3999       1.12733154E+01
3897.8000       1.13259468E+01
3899.2000       1.13868885E+01
3900.6001       1.14607573E+01
3902.0000       1.15263157E+01
3903.3999       1.15697136E+01
3904.8000       1.15641737E+01
3906.2000       1.15595570E+01
3907.6001       1.16315784E+01
3909.0000       1.17543859E+01
3910.3999       1.18153276E+01
3911.8000       1.18319483E+01
3913.2000       1.18180981E+01
3914.6001       1.18190212E+01
3916.0000       1.17747002E+01
3917.3999       1.17839336E+01
3918.8000       1.18144045E+01
3920.2000       1.18476448E+01
3921.6001       1.19122810E+01
3923.0000       1.19335175E+01
3924.3999       1.19085875E+01
3925.8000       1.18365650E+01
3927.2000       1.17100649E+01
3928.6001       1.15614033E+01
3930.0000       1.13924284E+01
3931.3999       1.12179127E+01
3932.8000       1.10941830E+01
3934.2000       1.11163435E+01
3935.6001       1.12973223E+01
3937.0000       1.14875345E+01
3938.3999       1.16398888E+01
3939.8000       1.17396126E+01
3941.2000       1.17128353E+01
3942.6001       1.17063713E+01
3944.0000       1.17359190E+01
3945.3999       1.17497692E+01
3946.8000       1.17183752E+01
3948.2000       1.16740532E+01
3949.6001       1.16417360E+01
3951.0000       1.16288090E+01
3952.3999       1.16204987E+01
3953.8000       1.16140347E+01
3955.2000       1.15494003E+01
3956.6001       1.14847641E+01
3958.0000       1.14681435E+01
3959.3999       1.14413662E+01
3960.8000       1.13573408E+01
3962.2000       1.12308407E+01
3963.6001       1.10951061E+01
3965.0000       1.09916897E+01
3966.3999       1.08176365E+01
3967.8000       1.06852264E+01
3969.2000       1.06566944E+01
3970.6001       1.07144966E+01
3972.0000       1.08414593E+01
3973.3999       1.09907665E+01
3974.8000       1.11338873E+01
3976.2000       1.12650051E+01
3977.6001       1.13545704E+01
3979.0000       1.14044323E+01
3980.3999       1.14385967E+01
3981.8000       1.14718380E+01
3983.2000       1.15170822E+01
3984.6001       1.16066475E+01
3986.0000       1.16694374E+01
3987.3999       1.17091408E+01
3988.8000       1.17359190E+01
3990.2000       1.18144045E+01
3991.6001       1.18448753E+01
3993.0000       1.18190212E+01
3994.3999       1.17876263E+01
3995.8000       1.17645435E+01
3997.2000       1.17783928E+01
3998.6001       1.18236380E+01
4000.0000       1.18559551E+01
4001.3999       1.18513393E+01
4002.8000       1.18180981E+01
4004.2000       1.17977839E+01
4005.6001       1.18144045E+01
4007.0000       1.18550320E+01
4008.3999       1.18882732E+01
4009.8000       1.18975067E+01
4011.2000       1.18938141E+01
4012.6001       1.19002771E+01
4014.0000       1.19030476E+01
4015.3999       1.19159737E+01
4016.8000       1.19510622E+01
4018.2000       1.19722996E+01
4019.6001       1.19676819E+01
4021.0000       1.19529085E+01
4022.3999       1.19205914E+01
4023.8000       1.19067402E+01
4025.2000       1.19132042E+01
4026.6001       1.19344416E+01
4028.0000       1.19307480E+01
4029.3999       1.18891964E+01
4030.8000       1.18688831E+01
4032.2000       1.18734989E+01
4033.6001       1.18864269E+01
4035.0000       1.19298248E+01
4036.3999       1.19824562E+01
4037.8000       1.19833794E+01
4039.2000       1.19298248E+01
4040.6001       1.19030476E+01
4042.0000       1.18845797E+01
4043.3999       1.18559551E+01
4044.8000       1.18319483E+01
4046.2000       1.18485689E+01
4047.6001       1.18873501E+01
4049.0000       1.19141273E+01
4050.3999       1.19150505E+01
4051.8000       1.19039707E+01
4053.2000       1.18827333E+01
4054.6001       1.18513393E+01
4056.0000       1.18337955E+01
4057.3999       1.18467216E+01
4058.8000       1.18827333E+01
4060.2000       1.19095106E+01
4061.6001       1.18744230E+01
4063.0000       1.18227148E+01
4064.3999       1.17820873E+01
4065.8000       1.17386894E+01
4067.2000       1.17248383E+01
4068.6001       1.17839336E+01
4070.0000       1.18254852E+01
4071.3999       1.17987070E+01
4072.8000       1.17571564E+01
4074.2000       1.17054482E+01
4075.6001       1.16232681E+01
4077.0000       1.15660200E+01
4078.3999       1.15798702E+01
4079.8000       1.16306553E+01
4081.2000       1.16694374E+01
4082.6001       1.16611271E+01
4084.0000       1.16315784E+01
4085.3999       1.15992613E+01
4086.8000       1.15715599E+01
4088.2000       1.15337029E+01
4089.6001       1.14736843E+01
4091.0000       1.14007387E+01
4092.3999       1.13314867E+01
4093.8000       1.12502308E+01
4095.2000       1.11431208E+01
4096.6001       1.10240078E+01
4098.0000       1.09005547E+01
4099.3999       1.07939987E+01
4100.7998       1.07602959E+01
4102.2002       1.08029547E+01
4103.6001       1.09049864E+01
4105.0000       1.10203133E+01
4106.3999       1.11135731E+01
4107.7998       1.11948290E+01
4109.2002       1.12714682E+01
4110.6001       1.13231764E+01
4112.0000       1.13610344E+01
4113.3999       1.14376736E+01
4114.7998       1.14976921E+01
4116.2002       1.15457058E+01
4117.6001       1.15937214E+01
4119.0000       1.15826406E+01
4120.3999       1.15577106E+01
4121.7998       1.15540161E+01
4123.2002       1.15872574E+01
4124.6001       1.16112652E+01
4126.0000       1.16306553E+01
4127.3999       1.16380424E+01
4128.7998       1.16343489E+01
4130.2002       1.16260386E+01
4131.6001       1.16334257E+01
4133.0000       1.16555862E+01
4134.3999       1.16980610E+01
4135.7998       1.17867031E+01
4137.2002       1.18485689E+01
4138.6001       1.18688831E+01
4140.0000       1.18476448E+01
4141.3999       1.18301010E+01
4142.7998       1.18033237E+01
4144.2002       1.18005543E+01
4145.6001       1.18264084E+01
4147.0000       1.18134804E+01
4148.3999       1.17700825E+01
4149.7998       1.17682362E+01
4151.2002       1.17996311E+01
4152.6001       1.17987070E+01
4154.0000       1.17636194E+01
4155.3999       1.17349949E+01
4156.7998       1.17359190E+01
4158.2002       1.17626963E+01
4159.6001       1.17959366E+01
4161.0000       1.18051710E+01
4162.3999       1.18051710E+01
4163.7998       1.18236380E+01
4165.2002       1.18347187E+01
4166.6001       1.18411818E+01
4168.0000       1.18374882E+01
4169.3999       1.17774696E+01
4170.7998       1.16860571E+01
4172.2002       1.16518927E+01
4173.6001       1.16722069E+01
4175.0000       1.17340717E+01
4176.3999       1.16879044E+01
4177.7998       1.16869802E+01
4179.2002       1.17276087E+01
4180.6001       1.17506924E+01
4182.0000       1.17571564E+01
4183.3999       1.17719297E+01
4184.7998       1.17774696E+01
4186.2002       1.17580795E+01
4187.6001       1.17543859E+01
4189.0000       1.17682362E+01
4190.3999       1.17885504E+01
4191.7998       1.17885504E+01
4193.2002       1.18374882E+01
4194.6001       1.18051710E+01
4196.0000       1.17469988E+01
4197.3999       1.17183752E+01
4198.7998       1.17719297E+01
4200.2002       1.17783928E+01
4201.6001       1.17599258E+01
4203.0000       1.17525387E+01
4204.3999       1.17386894E+01
4205.7998       1.17580795E+01
4207.2002       1.17894735E+01
4208.6001       1.18356419E+01
4210.0000       1.18550320E+01
4211.3999       1.18421059E+01
4212.7998       1.18190212E+01
4214.2002       1.17996311E+01
4215.6001       1.18033237E+01
4217.0000       1.18079414E+01
4218.3999       1.18024006E+01
4219.7998       1.17950134E+01
4221.2002       1.17691593E+01
4222.6001       1.17229919E+01
4224.0000       1.16851339E+01
4225.3999       1.16602030E+01
4226.7998       1.16740532E+01
4228.2002       1.17488461E+01
4229.6001       1.17663898E+01
4231.0000       1.17396126E+01
4232.3999       1.16768236E+01
4233.7998       1.16777468E+01
4235.2002       1.16786709E+01
4236.6001       1.16869802E+01
4238.0000       1.16952915E+01
4239.3999       1.16934443E+01
4240.7998       1.17377653E+01
4242.2002       1.17636194E+01
4243.6001       1.17626963E+01
4245.0000       1.17313023E+01
4246.3999       1.16989841E+01
4247.7998       1.16777468E+01
4249.2002       1.16805172E+01
4250.6001       1.16786709E+01
4252.0000       1.17174511E+01
4253.3999       1.17451525E+01
4254.7998       1.17571564E+01
4256.2002       1.17700825E+01
4257.6001       1.17359190E+01
4259.0000       1.17036009E+01
4260.3999       1.17026777E+01
4261.7998       1.17516155E+01
4263.2002       1.17913208E+01
4264.6001       1.17719297E+01
4266.0000       1.17313023E+01
4267.3999       1.17119112E+01
4268.7998       1.16971378E+01
4270.2002       1.16583567E+01
4271.6001       1.16306553E+01
4273.0000       1.16398888E+01
4274.3999       1.16620502E+01
4275.7998       1.17100649E+01
4277.2002       1.17469988E+01
4278.6001       1.17599258E+01
4280.0000       1.17590027E+01
4281.3999       1.17202215E+01
4282.7998       1.16851339E+01
4284.2002       1.16703606E+01
4285.6001       1.16546631E+01
4287.0000       1.16361961E+01
4288.3999       1.15992613E+01
4289.7998       1.15780239E+01
4291.2002       1.15927982E+01
4292.6001       1.16269627E+01
4294.0000       1.16426592E+01
4295.3999       1.16288090E+01
4296.7998       1.15992613E+01
4298.2002       1.15466299E+01
4299.6001       1.14930744E+01
4301.0000       1.14727612E+01
4302.3999       1.14986153E+01
4303.7998       1.15420132E+01
4305.2002       1.15466299E+01
4306.6001       1.15198517E+01
4308.0000       1.15106182E+01
4309.3999       1.15281620E+01
4310.7998       1.15632496E+01
4312.2002       1.15577106E+01
4313.6001       1.15226221E+01
4315.0000       1.15096951E+01
4316.3999       1.15300093E+01
4317.7998       1.15475531E+01
4319.2002       1.15364723E+01
4320.6001       1.15023079E+01
4322.0000       1.14690676E+01
4323.3999       1.14358263E+01
4324.7998       1.13896580E+01
4326.2002       1.13601112E+01
4327.6001       1.13527241E+01
4329.0000       1.13333330E+01
4330.3999       1.12825489E+01
4331.7998       1.12151432E+01
4333.2002       1.11385040E+01
4334.6001       1.10526314E+01
4336.0000       1.09473686E+01
4337.3999       1.08357334E+01
4338.7998       1.07410898E+01
4340.2002       1.06975994E+01
4341.6001       1.07380428E+01
4343.0000       1.08303785E+01
4344.3999       1.09372120E+01
4345.7998       1.10295477E+01
4347.2002       1.10978756E+01
4348.6001       1.11625118E+01
4350.0000       1.12151432E+01
4351.3999       1.12382269E+01
4352.7998       1.12714682E+01
4354.2002       1.13444138E+01
4355.6001       1.14090490E+01
4357.0000       1.14644508E+01
4358.3999       1.14755306E+01
4359.7998       1.14847641E+01
4361.2002       1.15466299E+01
4362.6001       1.15826406E+01
4364.0000       1.16121883E+01
4365.3999       1.16121883E+01
4366.7998       1.15918741E+01
4368.2002       1.16001844E+01
4369.6001       1.16232681E+01
4371.0000       1.16555862E+01
4372.3999       1.16592798E+01
4373.7998       1.16223450E+01
4375.2002       1.16112652E+01
4376.6001       1.16306553E+01
4378.0000       1.16518927E+01
4379.3999       1.16500463E+01
4380.7998       1.16371193E+01
4382.2002       1.15863342E+01
4383.6001       1.15133886E+01
4385.0000       1.15281620E+01
4386.3999       1.15660200E+01
4387.7998       1.16001844E+01
4389.2002       1.16223450E+01
4390.6001       1.16325026E+01
4392.0000       1.16232681E+01
4393.3999       1.16084948E+01
4394.7998       1.16168051E+01
4396.2002       1.16666660E+01
4397.6001       1.16823635E+01
4399.0000       1.16592798E+01
4400.3999       1.16158819E+01
4401.7998       1.15807943E+01
4403.2002       1.16048012E+01
4404.6001       1.16620502E+01
4406.0000       1.16860571E+01
4407.3999       1.16860571E+01
4408.7998       1.16611271E+01
4410.2002       1.16685133E+01
4411.6001       1.16565094E+01
4413.0000       1.16334257E+01
4414.3999       1.15992613E+01
4415.7998       1.15734072E+01
4417.2002       1.16001844E+01
4418.6001       1.16361961E+01
4420.0000       1.16555862E+01
4421.3999       1.16380424E+01
4422.7998       1.16001844E+01
4424.2002       1.15927982E+01
4425.6001       1.15844879E+01
4427.0000       1.15881805E+01
4428.3999       1.16066475E+01
4429.7998       1.15918741E+01
4431.2002       1.15872574E+01
4432.6001       1.16001844E+01
4434.0000       1.16121883E+01
4435.3999       1.16361961E+01
4436.7998       1.16786709E+01
4438.2002       1.16768236E+01
4439.6001       1.16361961E+01
4441.0000       1.15835648E+01
4442.3999       1.15373955E+01
4443.7998       1.15678673E+01
4445.2002       1.16029549E+01
4446.6001       1.16158819E+01
4448.0000       1.15992613E+01
4449.3999       1.16001844E+01
4450.7998       1.16029549E+01
4452.2002       1.15817175E+01
4453.6001       1.15734072E+01
4455.0000       1.15641737E+01
4456.3999       1.15558634E+01
4457.7998       1.15503235E+01
4459.2002       1.15595570E+01
4460.6001       1.15558634E+01
4462.0000       1.15734072E+01
4463.3999       1.15863342E+01
4464.7998       1.15761776E+01
4466.2002       1.15484762E+01
4467.6001       1.15207758E+01
4469.0000       1.15521698E+01
4470.3999       1.15844879E+01
4471.7998       1.16048012E+01
4473.2002       1.15826406E+01
4474.6001       1.15946445E+01
4476.0000       1.16112652E+01
4477.3999       1.15964909E+01
4478.7998       1.15484762E+01
4480.2002       1.14829178E+01
4481.6001       1.15207758E+01
4483.0000       1.15466299E+01
4484.3999       1.15567865E+01
4485.7998       1.15706367E+01
4487.2002       1.15881805E+01
4488.6001       1.15604801E+01
4490.0000       1.15558634E+01
4491.3999       1.15614033E+01
4492.7998       1.16001844E+01
4494.2002       1.16168051E+01
4495.6001       1.15964909E+01
4497.0000       1.15983381E+01
4498.3999       1.16084948E+01
4499.7998       1.16158819E+01
4501.2002       1.15983381E+01
4502.6001       1.16260386E+01
4504.0000       1.16491222E+01
4505.3999       1.16380424E+01
4506.7998       1.16315784E+01
4508.2002       1.16029549E+01
4509.6001       1.16075716E+01
4511.0000       1.16241922E+01
4512.3999       1.16103420E+01
4513.7998       1.16103420E+01
4515.2002       1.16038780E+01
4516.6001       1.15660200E+01
4518.0000       1.15327797E+01
4519.3999       1.15281620E+01
4520.7998       1.15327797E+01
4522.2002       1.15392427E+01
4523.6001       1.15161591E+01
4525.0000       1.14903049E+01
4526.3999       1.14690676E+01
4527.7998       1.15115414E+01
4529.2002       1.15235462E+01
4530.6001       1.14939976E+01
4532.0000       1.14746075E+01
4533.3999       1.14903049E+01
4534.7998       1.15660200E+01
4536.2002       1.16112652E+01
4537.6001       1.15900278E+01
4539.0000       1.15484762E+01
4540.3999       1.15290861E+01
4541.7998       1.15373955E+01
4543.2002       1.15337029E+01
4544.6001       1.15226221E+01
4546.0000       1.15013847E+01
4547.3999       1.14653740E+01
4548.7998       1.14653740E+01
4550.2002       1.14801483E+01
4551.6001       1.14727612E+01
4553.0000       1.14524469E+01
4554.3999       1.14293633E+01
4555.7998       1.14330559E+01
4557.2002       1.14727612E+01
4558.6001       1.15032320E+01
4560.0000       1.15133886E+01
4561.3999       1.15050783E+01
4562.7998       1.15124655E+01
4564.2002       1.15069256E+01
4565.6001       1.14912281E+01
4567.0000       1.15106182E+01
4568.3999       1.15346260E+01
4569.7998       1.15586338E+01
4571.2002       1.15466299E+01
4572.6001       1.15263157E+01
4574.0000       1.15318565E+01
4575.3999       1.15355492E+01
4576.7998       1.15244694E+01
4578.2002       1.15124655E+01
4579.6001       1.14764538E+01
4581.0000       1.14155121E+01
4582.3999       1.13942757E+01
4583.7998       1.14376736E+01
4585.2002       1.14838409E+01
4586.6001       1.14607573E+01
4588.0000       1.14422894E+01
4589.3999       1.14552174E+01
4590.7998       1.14533701E+01
4592.2002       1.14681435E+01
4593.6001       1.15032320E+01
4595.0000       1.15216990E+01
4596.3999       1.15226221E+01
4597.7998       1.15401669E+01
4599.2002       1.15521698E+01
4600.6001       1.15309324E+01
4602.0000       1.15226221E+01
4603.3999       1.15235462E+01
4604.7998       1.15069256E+01
4606.2002       1.14976921E+01
4607.6001       1.15106182E+01
4609.0000       1.15383196E+01
4610.3999       1.15355492E+01
4611.7998       1.15290861E+01
4613.2002       1.15263157E+01
4614.6001       1.15096951E+01
4616.0000       1.14829178E+01
4617.3999       1.14755306E+01
4618.7998       1.14783010E+01
4620.2002       1.15013847E+01
4621.6001       1.15263157E+01
4623.0000       1.15466299E+01
4624.3999       1.15106182E+01
4625.7998       1.14976921E+01
4627.2002       1.14921513E+01
4628.6001       1.15060024E+01
4630.0000       1.15207758E+01
4631.3999       1.14819946E+01
4632.7998       1.14579868E+01
4634.2002       1.14819946E+01
4635.6001       1.15060024E+01
4637.0000       1.15189285E+01
4638.3999       1.15087719E+01
4639.7998       1.15096951E+01
4641.2002       1.15290861E+01
4642.6001       1.15235462E+01
4644.0000       1.15170822E+01
4645.3999       1.15281620E+01
4646.7998       1.14949217E+01
4648.2002       1.14958448E+01
4649.6001       1.14949217E+01
4651.0000       1.14838409E+01
4652.3999       1.15041552E+01
4653.7998       1.15216990E+01
4655.2002       1.15447826E+01
4656.6001       1.15438595E+01
4658.0000       1.15429363E+01
4659.3999       1.15309324E+01
4660.7998       1.15272388E+01
4662.2002       1.15346260E+01
4663.6001       1.15078487E+01
4665.0000       1.14579868E+01
4666.3999       1.14275160E+01
4667.7998       1.14367495E+01
4669.2002       1.14432135E+01
4670.6001       1.14949217E+01
4672.0000       1.15032320E+01
4673.3999       1.15133886E+01
4674.7998       1.15281620E+01
4676.2002       1.14792242E+01
4677.6001       1.14321327E+01
4679.0000       1.14321327E+01
4680.3999       1.14810715E+01
4681.7998       1.15263157E+01
4683.2002       1.15318565E+01
4684.6001       1.15078487E+01
4686.0000       1.15226221E+01
4687.3999       1.14958448E+01
4688.7998       1.14718380E+01
4690.2002       1.14847641E+01
4691.6001       1.15189285E+01
4693.0000       1.14903049E+01
4694.3999       1.14930744E+01
4695.7998       1.14838409E+01
4697.2002       1.14893818E+01
4698.6001       1.14662971E+01
4700.0000       1.14349031E+01
4701.3999       1.14376736E+01
4702.7998       1.14349031E+01
4704.2002       1.14478302E+01
4705.6001       1.14810715E+01
4707.0000       1.14709139E+01
4708.3999       1.14690676E+01
4709.7998       1.14432135E+01
4711.2002       1.14367495E+01
4712.6001       1.14441366E+01
4714.0000       1.14422894E+01
4715.3999       1.14644508E+01
4716.7998       1.14801483E+01
4718.2002       1.14764538E+01
4719.6001       1.14736843E+01
4721.0000       1.14773779E+01
4722.3999       1.14736843E+01
4723.7998       1.14718380E+01
4725.2002       1.14542942E+01
4726.6001       1.14422894E+01
4728.0000       1.14238224E+01
4729.3999       1.13924284E+01
4730.7998       1.14081249E+01
4732.2002       1.14672203E+01
4733.6001       1.14607573E+01
4735.0000       1.14210529E+01
4736.3999       1.14016619E+01
4737.7998       1.13979683E+01
4739.2002       1.14570637E+01
4740.6001       1.14589100E+01
4742.0000       1.14247456E+01
4743.3999       1.14192057E+01
4744.7998       1.14478302E+01
4746.2002       1.14533701E+01
4747.6001       1.14459839E+01
4749.0000       1.14432135E+01
4750.3999       1.14275160E+01
4751.7998       1.14293633E+01
4753.2002       1.14358263E+01
4754.6001       1.14302864E+01
4756.0000       1.14145889E+01
4757.3999       1.14312096E+01
4758.7998       1.14441366E+01
4760.2002       1.14579868E+01
4761.6001       1.14025860E+01
4763.0000       1.13656511E+01
4764.3999       1.13721142E+01
4765.7998       1.13979683E+01
4767.2002       1.14192057E+01
4768.6001       1.14072018E+01
4770.0000       1.14210529E+01
4771.3999       1.14155121E+01
4772.7998       1.14099722E+01
4774.2002       1.14035091E+01
4775.6001       1.14155121E+01
4777.0000       1.14275160E+01
4778.3999       1.14432135E+01
4779.7998       1.14413662E+01
4781.2002       1.14275160E+01
4782.6001       1.13896580E+01
4784.0000       1.13573408E+01
4785.3999       1.13305626E+01
4786.7998       1.13240995E+01
4788.2002       1.13333330E+01
4789.6001       1.13471832E+01
4791.0000       1.13527241E+01
4792.3999       1.13795013E+01
4793.7998       1.13915052E+01
4795.2002       1.13979683E+01
4796.6001       1.14062786E+01
4798.0000       1.13868885E+01
4799.3999       1.13527241E+01
4800.7998       1.13379498E+01
4802.2002       1.13425674E+01
4803.6001       1.13481073E+01
4805.0000       1.13490305E+01
4806.3999       1.13527241E+01
4807.7998       1.13665743E+01
4809.2002       1.13527241E+01
4810.6001       1.13240995E+01
4812.0000       1.13333330E+01
4813.3999       1.13444138E+01
4814.7998       1.13397970E+01
4816.2002       1.13333330E+01
4817.6001       1.13000927E+01
4819.0000       1.12640810E+01
4820.3999       1.12631578E+01
4821.7998       1.12825489E+01
4823.2002       1.12982454E+01
4824.6001       1.13185596E+01
4826.0000       1.13397970E+01
4827.3999       1.13324099E+01
4828.7998       1.13213291E+01
4830.2002       1.13074799E+01
4831.6001       1.13010159E+01
4833.0000       1.12640810E+01
4834.3999       1.12345333E+01
4835.7998       1.12234535E+01
4837.2002       1.12317638E+01
4838.6001       1.12280703E+01
4840.0000       1.12197599E+01
4841.3999       1.12262230E+01
4842.7998       1.12169895E+01
4844.2002       1.11819019E+01
4845.6001       1.11532784E+01
4847.0000       1.11218834E+01
4848.3999       1.11061859E+01
4849.7998       1.11117268E+01
4851.2002       1.10803318E+01
4852.6001       1.10240078E+01
4854.0000       1.09769154E+01
4855.3999       1.09519854E+01
4856.7998       1.09307480E+01
4858.2002       1.08902130E+01
4859.6001       1.08255768E+01
4861.0000       1.07414589E+01
4862.3999       1.06601105E+01
4863.7998       1.06168051E+01
4865.2002       1.06202221E+01
4866.6001       1.06604805E+01
4868.0000       1.07170820E+01
4869.3999       1.08091412E+01
4870.7998       1.08877192E+01
4872.2002       1.09198523E+01
4873.6001       1.09399815E+01
4875.0000       1.09686050E+01
4876.3999       1.09898434E+01
4877.7998       1.10092335E+01
4879.2002       1.10387812E+01
4880.6001       1.10674057E+01
4882.0000       1.11154203E+01
4883.3999       1.11643581E+01
4884.7998       1.11754389E+01
4886.2002       1.11532784E+01
4887.6001       1.11505079E+01
4889.0000       1.11588182E+01
4890.3999       1.11735916E+01
4891.7998       1.11902122E+01
4893.2002       1.11902122E+01
4894.6001       1.11855955E+01
4896.0000       1.12077560E+01
4897.3999       1.12345333E+01
4898.7998       1.12613106E+01
4900.2002       1.12816248E+01
4901.6001       1.12714682E+01
4903.0000       1.12474613E+01
4904.3999       1.12483845E+01
4905.7998       1.12493076E+01
4907.2002       1.12345333E+01
4908.6001       1.12631578E+01
4910.0000       1.13157892E+01
4911.3999       1.13287163E+01
4912.7998       1.13084030E+01
4914.2002       1.12723913E+01
4915.6001       1.12502308E+01
4917.0000       1.12788544E+01
4918.3999       1.13157892E+01
4919.7998       1.13167133E+01
4921.2002       1.12788544E+01
4922.6001       1.12483845E+01
4924.0000       1.12493076E+01
4925.3999       1.12520771E+01
4926.7998       1.12446909E+01
4928.2002       1.12576180E+01
4929.6001       1.12825489E+01
4931.0000       1.13065557E+01
4932.3999       1.13093262E+01
4933.7998       1.12973223E+01
4935.2002       1.12973223E+01
4936.6001       1.12797785E+01
4938.0000       1.12613106E+01
4939.3999       1.12631578E+01
4940.7998       1.12751617E+01
4942.2002       1.12751617E+01
4943.6001       1.12650051E+01
4945.0000       1.12705450E+01
4946.3999       1.12945518E+01
4947.7998       1.13102493E+01
4949.2002       1.13047094E+01
4950.6001       1.13047094E+01
4952.0000       1.13194828E+01
4953.3999       1.13222532E+01
4954.7998       1.13213291E+01
4956.2002       1.13093262E+01
4957.6001       1.13222532E+01
4959.0000       1.13379498E+01
4960.3999       1.13065557E+01
4961.7998       1.12548475E+01
4963.2002       1.12548475E+01
4964.6001       1.12927055E+01
4966.0000       1.12880888E+01
4967.3999       1.12594643E+01
4968.7998       1.12631578E+01
4970.2002       1.12797785E+01
4971.6001       1.12723913E+01
4973.0000       1.12585411E+01
4974.3999       1.12853184E+01
4975.7998       1.13148661E+01
4977.2002       1.13102493E+01
4978.6001       1.13074799E+01
4980.0000       1.13056326E+01
4981.3999       1.13010159E+01
4982.7998       1.12853184E+01
4984.2002       1.12446909E+01
4985.6001       1.12086792E+01
4987.0000       1.11911354E+01
4988.3999       1.11874428E+01
4989.7998       1.11911354E+01
4991.2002       1.12114496E+01
4992.6001       1.12493076E+01
4994.0000       1.12696209E+01
4995.3999       1.12705450E+01
4996.7998       1.12751617E+01
4998.2002       1.12760849E+01
4999.6001       1.12576180E+01
5001.0000       1.12225304E+01
5002.3999       1.11597414E+01
5003.7998       1.11071100E+01
5005.2002       1.11449680E+01
5006.6001       1.11855955E+01
5008.0000       1.11874428E+01
5009.3999       1.11782093E+01
5010.7998       1.11754389E+01
5012.2002       1.11902122E+01
5013.6001       1.12040625E+01
5015.0000       1.12059097E+01
5016.3999       1.12012920E+01
5017.7998       1.12012920E+01
5019.2002       1.11966763E+01
5020.6001       1.11911354E+01
5022.0000       1.11505079E+01
5023.3999       1.11320400E+01
5024.7998       1.11763620E+01
5026.2002       1.12326870E+01
5027.6001       1.12373037E+01
5029.0000       1.12216072E+01
5030.3999       1.12317638E+01
5031.7998       1.12243767E+01
5033.2002       1.12059097E+01
5034.6001       1.12336102E+01
5036.0000       1.12733154E+01
5037.3999       1.12530012E+01
5038.7998       1.12326870E+01
5040.2002       1.12206831E+01
5041.6001       1.11948290E+01
5043.0000       1.11837482E+01
5044.3999       1.11717453E+01
5045.7998       1.11634350E+01
5047.2002       1.11855955E+01
5048.6001       1.12132969E+01
5050.0000       1.12206831E+01
5051.3999       1.12077560E+01
5052.7998       1.11948290E+01
5054.2002       1.11782093E+01
5055.6001       1.11634350E+01
5057.0000       1.11735916E+01
5058.3999       1.11828251E+01
5059.7998       1.11782093E+01
5061.2002       1.11809788E+01
5062.6001       1.11985226E+01
5064.0000       1.12114496E+01
5065.3999       1.12243767E+01
5066.7998       1.12308407E+01
5068.2002       1.12031393E+01
5069.6001       1.11486607E+01
5071.0000       1.11209602E+01
5072.3999       1.11440449E+01
5073.7998       1.11680517E+01
5075.2002       1.11772852E+01
5076.6001       1.11754389E+01
5078.0000       1.11708221E+01
5079.3999       1.11726685E+01
5080.7998       1.11717453E+01
5082.2002       1.11551247E+01
5083.6001       1.11486607E+01
5085.0000       1.11615887E+01
5086.3999       1.11754389E+01
5087.7998       1.11809788E+01
5089.2002       1.11883659E+01
5090.6001       1.11865187E+01
5092.0000       1.11874428E+01
5093.3999       1.11911354E+01
5094.7998       1.11911354E+01
5096.2002       1.12059097E+01
5097.6001       1.12068329E+01
5099.0000       1.11939058E+01
5100.3999       1.11800556E+01
5101.7998       1.11726685E+01
5103.2002       1.11791325E+01
5104.6001       1.11865187E+01
5106.0000       1.12059097E+01
5107.3999       1.12271461E+01
5108.7998       1.12280703E+01
5110.2002       1.12123728E+01
5111.6001       1.11902122E+01
5113.0000       1.11846724E+01
5114.3999       1.12040625E+01
5115.7998       1.12197599E+01
5117.2002       1.12132969E+01
5118.6001       1.12012920E+01
5120.0000       1.12022161E+01
5121.3999       1.12022161E+01
5122.7998       1.11975994E+01
5124.2002       1.11975994E+01
5125.6001       1.12031393E+01
5127.0000       1.12022161E+01
5128.3999       1.11911354E+01
5129.7998       1.11791325E+01
5131.2002       1.11689749E+01
5132.6001       1.11578941E+01
5134.0000       1.11449680E+01
5135.3999       1.11514311E+01
5136.7998       1.11782093E+01
5138.2002       1.11717453E+01
5139.6001       1.11615887E+01
5141.0000       1.11468143E+01
5142.3999       1.11163435E+01
5143.7998       1.11098804E+01
5145.2002       1.11394272E+01
5146.6001       1.11680517E+01
5148.0000       1.11772852E+01
5149.3999       1.11671286E+01
5150.7998       1.11458912E+01
5152.2002       1.11505079E+01
5153.6001       1.11588182E+01
5155.0000       1.11542015E+01
5156.3999       1.11320400E+01
5157.7998       1.11024933E+01
5159.2002       1.10960293E+01
5160.6001       1.11246538E+01
5162.0000       1.11542015E+01
5163.3999       1.11597414E+01
5164.7998       1.11514311E+01
5166.2002       1.11449680E+01
5167.6001       1.11301937E+01
5169.0000       1.11052628E+01
5170.3999       1.10701752E+01
5171.7998       1.10350876E+01
5173.2002       1.10277004E+01
5174.6001       1.10184669E+01
5176.0000       1.10304708E+01
5177.3999       1.10738688E+01
5178.7998       1.11015701E+01
5180.2002       1.11375809E+01
5181.6001       1.11551247E+01
5183.0000       1.11495838E+01
5184.3999       1.11421976E+01
5185.7998       1.10987997E+01
5187.2002       1.10609417E+01
5188.6001       1.10683289E+01
5190.0000       1.10877190E+01
5191.3999       1.11061859E+01
5192.7998       1.11320400E+01
5194.2002       1.11200371E+01
5195.6001       1.10766392E+01
5197.0000       1.10664825E+01
5198.3999       1.10618649E+01
5199.7998       1.10489388E+01
5201.2002       1.10480146E+01
5202.6001       1.10729456E+01
5204.0000       1.11024933E+01
5205.3999       1.11108036E+01
5206.7998       1.11089563E+01
5208.2002       1.10978756E+01
5209.6001       1.10747929E+01
5211.0000       1.10775623E+01
5212.3999       1.10738688E+01
5213.7998       1.10757160E+01
5215.2002       1.10997229E+01
5216.6001       1.10978756E+01
5218.0000       1.11034164E+01
5219.3999       1.10997229E+01
5220.7998       1.10978756E+01
5222.2002       1.11283474E+01
5223.6001       1.11274242E+01
5225.0000       1.11255770E+01
5226.3999       1.11237307E+01
5227.7998       1.10960293E+01
5229.2002       1.10507851E+01
5230.6001       1.10369339E+01
5232.0000       1.10369339E+01
5233.3999       1.10397043E+01
5234.7998       1.10526314E+01
5236.2002       1.10692520E+01
5237.6001       1.10637121E+01
5239.0000       1.10535545E+01
5240.3999       1.10664825E+01
5241.7998       1.10969524E+01
5243.2002       1.11006460E+01
5244.6001       1.10941830E+01
5246.0000       1.10923367E+01
5247.3999       1.10923367E+01
5248.7998       1.10978756E+01
5250.2002       1.10997229E+01
5251.6001       1.11024933E+01
5253.0000       1.11061859E+01
5254.3999       1.11052628E+01
5255.7998       1.11006460E+01
5257.2002       1.10969524E+01
5258.6001       1.10997229E+01
5260.0000       1.11071100E+01
5261.3999       1.11071100E+01
5262.7998       1.10951061E+01
5264.2002       1.10757160E+01
5265.6001       1.10535545E+01
5267.0000       1.10350876E+01
5268.3999       1.10193901E+01
5269.7998       1.10092335E+01
5271.2002       1.10036936E+01
5272.6001       1.09953833E+01
5274.0000       1.09972305E+01
5275.3999       1.10092335E+01
5276.7998       1.10156975E+01
5278.2002       1.10212374E+01
5279.6001       1.10258541E+01
5281.0000       1.10332413E+01
5282.3999       1.10424747E+01
5283.7998       1.10452442E+01
5285.2002       1.10397043E+01
5286.6001       1.10341644E+01
5288.0000       1.10415516E+01
5289.3999       1.10609417E+01
5290.7998       1.10710983E+01
5292.2002       1.10904894E+01
5293.6001       1.11043396E+01
5295.0000       1.10812559E+01
5296.3999       1.10738688E+01
5297.7998       1.10794086E+01
5299.2002       1.10840263E+01
5300.6001       1.10784855E+01
5302.0000       1.10627880E+01
5303.3999       1.10655584E+01
5304.7998       1.10627880E+01
5306.2002       1.10517082E+01
5307.6001       1.10674057E+01
5309.0000       1.10775623E+01
5310.3999       1.10784855E+01
5311.7998       1.10794086E+01
5313.2002       1.10766392E+01
5314.6001       1.10766392E+01
5316.0000       1.10674057E+01
5317.3999       1.10507851E+01
5318.7998       1.10332413E+01
5320.2002       1.10166206E+01
5321.6001       1.10249310E+01
5323.0000       1.10387812E+01
5324.3999       1.10350876E+01
5325.7998       1.10184669E+01
5327.2002       1.10092335E+01
5328.6001       1.10092335E+01
5330.0000       1.10073872E+01
5331.3999       1.09990768E+01
5332.7998       1.09981537E+01
5334.2002       1.10147743E+01
5335.6001       1.10397043E+01
5337.0000       1.10627880E+01
5338.3999       1.10618649E+01
5339.7998       1.10350876E+01
5341.2002       1.10138502E+01
5342.6001       1.10184669E+01
5344.0000       1.10397043E+01
5345.3999       1.10544777E+01
5346.7998       1.10498619E+01
5348.2002       1.10406284E+01
5349.6001       1.10369339E+01
5351.0000       1.10415516E+01
5352.3999       1.10480146E+01
5353.7998       1.10498619E+01
5355.2002       1.10489388E+01
5356.6001       1.10600185E+01
5358.0000       1.10849495E+01
5359.3999       1.10831022E+01
5360.7998       1.10738688E+01
5362.2002       1.10738688E+01
5363.6001       1.10720224E+01
5365.0000       1.10526314E+01
5366.3999       1.10304708E+01
5367.7998       1.10101566E+01
5369.2002       1.09963064E+01
5370.6001       1.10000000E+01
5372.0000       1.10073872E+01
5373.3999       1.10203133E+01
5374.7998       1.10341644E+01
5376.2002       1.10313940E+01
5377.6001       1.10193901E+01
5379.0000       1.10156975E+01
5380.3999       1.10175438E+01
5381.7998       1.10083103E+01
5383.2002       1.10083103E+01
5384.6001       1.10147743E+01
5386.0000       1.10249310E+01
5387.3999       1.10498619E+01
5388.7998       1.10637121E+01
5390.2002       1.10489388E+01
5391.6001       1.10267773E+01
5393.0000       1.10193901E+01
5394.3999       1.10249310E+01
5395.7998       1.10415516E+01
5397.2002       1.10461683E+01
5398.6001       1.10166206E+01
5400.0000       1.10018463E+01
5401.3999       1.10000000E+01
5402.7998       1.09889202E+01
5404.2002       1.09935360E+01
5405.6001       1.10027695E+01
5407.0000       1.09953833E+01
5408.3999       1.09843025E+01
5409.7998       1.09833794E+01
5411.2002       1.09824562E+01
5412.6001       1.09833794E+01
5414.0000       1.09963064E+01
5415.3999       1.10009232E+01
5416.7998       1.10000000E+01
5418.2002       1.09916897E+01
5419.6001       1.09704523E+01
5421.0000       1.09556789E+01
5422.3999       1.09759922E+01
5423.7998       1.10147743E+01
5425.2002       1.10193901E+01
5426.6001       1.09889202E+01
5428.0000       1.09612188E+01
5429.3999       1.09630661E+01
5430.7998       1.09861498E+01
5432.2002       1.09972305E+01
5433.6001       1.09981537E+01
5435.0000       1.10018463E+01
5436.3999       1.10073872E+01
5437.7998       1.10018463E+01
5439.2002       1.09953833E+01
5440.6001       1.09990768E+01
5442.0000       1.10055399E+01
5443.3999       1.10129271E+01
5444.7998       1.10129271E+01
5446.2002       1.10036936E+01
5447.6001       1.09981537E+01
5449.0000       1.09722996E+01
5450.3999       1.09492149E+01
5451.7998       1.09556789E+01
5453.2002       1.09926128E+01
5454.6001       1.10027695E+01
5456.0000       1.10000000E+01
5457.3999       1.09889202E+01
5458.7998       1.09649124E+01
5460.2002       1.09649124E+01
5461.6001       1.09778395E+01
5463.0000       1.09879961E+01
5464.3999       1.10000000E+01
5465.7998       1.09944601E+01
5467.2002       1.09843025E+01
5468.6001       1.09833794E+01
5470.0000       1.09870729E+01
5471.3999       1.09889202E+01
5472.7998       1.09916897E+01
5474.2002       1.09981537E+01
5475.6001       1.10027695E+01
5477.0000       1.10018463E+01
5478.3999       1.09815331E+01
5479.7998       1.09566021E+01
5481.2002       1.09566021E+01
5482.6001       1.09806099E+01
5484.0000       1.10036936E+01
5485.3999       1.10129271E+01
5486.7998       1.10046167E+01
5488.2002       1.10009232E+01
5489.6001       1.10110798E+01
5491.0000       1.10110798E+01
5492.3999       1.09953833E+01
5493.7998       1.09843025E+01
5495.2002       1.09870729E+01
5496.6001       1.09916897E+01
5498.0000       1.09916897E+01
5499.3999       1.09898434E+01
5500.7998       1.09852257E+01
5502.2002       1.09759922E+01
5503.6001       1.09676819E+01
5505.0000       1.09741459E+01
5506.3999       1.09861498E+01
5507.7998       1.09861498E+01
5509.2002       1.09944601E+01
5510.6001       1.09889202E+01
5512.0000       1.09750690E+01
5513.3999       1.09870729E+01
5514.7998       1.09870729E+01
5516.2002       1.09778395E+01
5517.6001       1.09722996E+01
5519.0000       1.09686050E+01
5520.3999       1.09732227E+01
5521.7998       1.09824562E+01
5523.2002       1.09833794E+01
5524.6001       1.09713764E+01
5526.0000       1.09750690E+01
5527.3999       1.09907665E+01
5528.7998       1.09953833E+01
5530.2002       1.09787626E+01
5531.6001       1.09584484E+01
5533.0000       1.09529085E+01
5534.3999       1.09584484E+01
5535.7998       1.09621420E+01
5537.2002       1.09529085E+01
5538.6001       1.09409046E+01
5540.0000       1.09372120E+01
5541.3999       1.09445982E+01
5542.7998       1.09695292E+01
5544.2002       1.09796867E+01
5545.6001       1.09639893E+01
5547.0000       1.09501381E+01
5548.3999       1.09482918E+01
5549.7998       1.09566021E+01
5551.2002       1.09695292E+01
5552.6001       1.09852257E+01
5554.0000       1.09981537E+01
5555.3999       1.10000000E+01
5556.7998       1.09926128E+01
5558.2002       1.09879961E+01
5559.6001       1.09833794E+01
5561.0000       1.09750690E+01
5562.3999       1.09686050E+01
5563.7998       1.09630661E+01
5565.2002       1.09584484E+01
5566.6001       1.09639893E+01
5568.0000       1.09695292E+01
5569.3999       1.09464455E+01
5570.7998       1.09178209E+01
5572.2002       1.09051704E+01
5573.6001       1.09159737E+01
5575.0000       1.09119110E+01
5576.3999       1.09010162E+01
5577.7998       1.09110804E+01
5579.2002       1.09390583E+01
5580.6001       1.09418278E+01
5582.0000       1.09409046E+01
5583.3999       1.09519854E+01
5584.7998       1.09649124E+01
5586.2002       1.09584484E+01
5587.6001       1.09436750E+01
5589.0000       1.09298248E+01
5590.3999       1.09170818E+01
5591.7998       1.09156046E+01
5593.2002       1.09149590E+01
5594.6001       1.09048014E+01
5596.0000       1.08948288E+01
5597.3999       1.09022160E+01
5598.7998       1.09212370E+01
5600.2002       1.09390583E+01
5601.6001       1.09418278E+01
5603.0000       1.09279785E+01
5604.3999       1.09107113E+01
5605.7998       1.09047089E+01
5607.2002       1.09095106E+01
5608.6001       1.09242840E+01
5610.0000       1.09233608E+01
5611.3999       1.09242840E+01
5612.7998       1.09381351E+01
5614.2002       1.09381351E+01
5615.6001       1.09372120E+01
5617.0000       1.09325943E+01
5618.3999       1.09098797E+01
5619.7998       1.08867035E+01
5621.2002       1.08859653E+01
5622.6001       1.09022160E+01
5624.0000       1.09151430E+01
5625.3999       1.09223452E+01
5626.7998       1.09242840E+01
5628.2002       1.09208679E+01
5629.6001       1.09118195E+01
5631.0000       1.09069252E+01
5632.3999       1.09103413E+01
5633.7998       1.09167128E+01
5635.2002       1.09159737E+01
5636.6001       1.09078484E+01
5638.0000       1.08994465E+01
5639.3999       1.08939981E+01
5640.7998       1.08844872E+01
5642.2002       1.08662052E+01
5643.6001       1.08614035E+01
5645.0000       1.08714676E+01
5646.3999       1.08786697E+01
5647.7998       1.08881817E+01
5649.2002       1.08967686E+01
5650.6001       1.09027700E+01
5652.0000       1.09075718E+01
5653.3999       1.09089565E+01
5654.7998       1.09047089E+01
5656.2002       1.09033241E+01
5657.6001       1.08984299E+01
5659.0000       1.08894730E+01
5660.3999       1.08799629E+01
5661.7998       1.08755302E+01
5663.2002       1.08764544E+01
5664.6001       1.08628807E+01
5666.0000       1.08548479E+01
5667.3999       1.08579865E+01
5668.7998       1.08724842E+01
5670.2002       1.08758078E+01
5671.6001       1.08619576E+01
5673.0000       1.08638039E+01
5674.3999       1.08842106E+01
5675.7998       1.09048939E+01
5677.2002       1.09152355E+01
5678.6001       1.09096031E+01
5680.0000       1.08894730E+01
5681.3999       1.08731308E+01
5682.7998       1.08829174E+01
5684.2002       1.09004612E+01
5685.6001       1.09016619E+01
5687.0000       1.08889198E+01
5688.3999       1.08734074E+01
5689.7998       1.08699913E+01
5691.2002       1.08720226E+01
5692.6001       1.08654661E+01
5694.0000       1.08568792E+01
5695.3999       1.08524475E+01
5696.7998       1.08575249E+01
5698.2002       1.08734989E+01
5699.6001       1.08903971E+01
5701.0000       1.08995380E+01
5702.3999       1.08931675E+01
5703.7998       1.08780241E+01
5705.2002       1.08722992E+01
5706.6001       1.08797779E+01
5708.0000       1.08850422E+01
5709.3999       1.08722067E+01
5710.7998       1.08451519E+01
5712.2002       1.08397970E+01
5713.6001       1.08530006E+01
5715.0000       1.08519850E+01
5716.3999       1.08473682E+01
5717.7998       1.08495846E+01
5719.2002       1.08614035E+01
5720.6001       1.08721142E+01
5722.0000       1.08672209E+01
5723.3999       1.08692522E+01
5724.7998       1.08805170E+01
5726.2002       1.08912277E+01
5727.6001       1.08865185E+01
5729.0000       1.08726683E+01
5730.3999       1.08616810E+01
5731.7998       1.08658352E+01
5733.2002       1.08760853E+01
5734.6001       1.08774700E+01
5736.0000       1.08811636E+01
5737.3999       1.08836565E+01
5738.7998       1.08788548E+01
5740.2002       1.08650970E+01
5741.6001       1.08544788E+01
5743.0000       1.08503227E+01
5744.3999       1.08522625E+01
5745.7998       1.08553095E+01
5747.2002       1.08526316E+01
5748.6001       1.08492146E+01
5750.0000       1.08475533E+01
5751.3999       1.08461685E+01
5752.7998       1.08486614E+01
5754.2002       1.08576183E+01
5755.6001       1.08653736E+01
5757.0000       1.08590946E+01
5758.3999       1.08537397E+01
5759.7998       1.08662968E+01
5761.2002       1.08782082E+01
5762.6001       1.08683281E+01
5764.0000       1.08490305E+01
5765.3999       1.08405361E+01
5766.7998       1.08405361E+01
5768.2002       1.08437672E+01
5769.6001       1.08499537E+01
5771.0000       1.08512459E+01
5772.3999       1.08444138E+01
5773.7998       1.08481073E+01
5775.2002       1.08658352E+01
5776.6001       1.08755302E+01
5778.0000       1.08765469E+01
5779.3999       1.08814411E+01
5780.7998       1.08871651E+01
5782.2002       1.08830099E+01
5783.6001       1.08726683E+01
5785.0000       1.08529091E+01
5786.3999       1.08450603E+01
5787.7998       1.08500462E+01
5789.2002       1.08530931E+01
5790.6001       1.08542013E+01
5792.0000       1.08589106E+01
5793.3999       1.08593721E+01
5794.7998       1.08529091E+01
5796.2002       1.08501387E+01
5797.6001       1.08433981E+01
5799.0000       1.08455219E+01
5800.3999       1.08508778E+01
5801.7998       1.08422899E+01
5803.2002       1.08322258E+01
5804.6001       1.08264084E+01
5806.0000       1.08276081E+01
5807.3999       1.08375807E+01
5808.7998       1.08528156E+01
5810.2002       1.08645430E+01
5811.6001       1.08679600E+01
5813.0000       1.08556786E+01
5814.3999       1.08412743E+01
5815.7998       1.08426590E+01
5817.2002       1.08616810E+01
5818.6001       1.08739614E+01
5820.0000       1.08650045E+01
5821.3999       1.08482914E+01
5822.7998       1.08469067E+01
5824.2002       1.08553095E+01
5825.6001       1.08422899E+01
5827.0000       1.08213291E+01
5828.3999       1.08183746E+01
5829.7998       1.08184671E+01
5831.2002       1.08120956E+01
5832.6001       1.08091412E+01
5834.0000       1.08149586E+01
5835.3999       1.08221607E+01
5836.7998       1.08179131E+01
5838.2002       1.08185596E+01
5839.6001       1.08333340E+01
5841.0000       1.08403511E+01
5842.3999       1.08341646E+01
5843.7998       1.08346262E+01
5845.2002       1.08525391E+01
5846.6001       1.08513393E+01
5848.0000       1.08334255E+01
5849.3999       1.08289013E+01
5850.7998       1.08417358E+01
5852.2002       1.08530931E+01
5853.6001       1.08530006E+01
5855.0000       1.08496761E+01
5856.3999       1.08309326E+01
5857.7998       1.08236380E+01
5859.2002       1.08298244E+01
5860.6001       1.08094177E+01
5862.0000       1.07935371E+01
5863.3999       1.08039703E+01
5864.7998       1.08269615E+01
5866.2002       1.08247461E+01
5867.6001       1.08203144E+01
5869.0000       1.08209600E+01
5870.3999       1.08264084E+01
5871.7998       1.08385963E+01
5873.2002       1.08427515E+01
5874.6001       1.08319483E+01
5876.0000       1.08277931E+01
5877.3999       1.08240070E+01
5878.7998       1.08310251E+01
5880.2002       1.08365650E+01
5881.6001       1.08275166E+01
5883.0000       1.08055401E+01
5884.3999       1.08009233E+01
5885.7998       1.08116341E+01
5887.2002       1.08181896E+01
5888.6001       1.08167133E+01
5890.0000       1.08060017E+01
5891.3999       1.07701759E+01
5892.7998       1.07232685E+01
5894.2002       1.07137585E+01
5895.6001       1.07520771E+01
5897.0000       1.07784863E+01
5898.3999       1.07626963E+01
5899.7998       1.07471838E+01
5901.2002       1.07635269E+01
5902.6001       1.07890120E+01
5904.0000       1.07957525E+01
5905.3999       1.08045244E+01
5906.7998       1.08172665E+01
5908.2002       1.08267775E+01
5909.6001       1.08448753E+01
5911.0000       1.08421974E+01
5912.3999       1.08228073E+01
5913.7998       1.08213291E+01
5915.2002       1.08327789E+01
5916.6001       1.08366575E+01
5918.0000       1.08205910E+01
5919.3999       1.08066483E+01
5920.7998       1.08104343E+01
5922.2002       1.08117266E+01
5923.6001       1.08192062E+01
5925.0000       1.08056326E+01
5926.3999       1.07898426E+01
5927.7998       1.07978764E+01
5929.2002       1.08022156E+01
5930.6001       1.08001842E+01
5932.0000       1.08112650E+01
5933.3999       1.08192062E+01
5934.7998       1.08122807E+01
5936.2002       1.08229923E+01
5937.6001       1.08270550E+01
5939.0000       1.08225298E+01
5940.3999       1.08098793E+01
5941.7998       1.07912283E+01
5943.2002       1.07764549E+01
5944.6001       1.07878113E+01
5946.0000       1.07783012E+01
5947.3999       1.07767315E+01
5948.7998       1.07748852E+01
5950.2002       1.07603874E+01
5951.6001       1.07558632E+01
5953.0000       1.07720222E+01
5954.3999       1.07924290E+01
5955.7998       1.07915049E+01
5957.2002       1.07815323E+01
5958.6001       1.07831020E+01
5960.0000       1.07963991E+01
5961.3999       1.07908592E+01
5962.7998       1.07733154E+01
5964.2002       1.07651892E+01
5965.6001       1.07632504E+01
5967.0000       1.07695293E+01
5968.3999       1.07795935E+01
5969.7998       1.07844877E+01
5971.2002       1.07834721E+01
5972.6001       1.07815323E+01
5974.0000       1.07826405E+01
5975.3999       1.07905817E+01
5976.7998       1.07903042E+01
5978.2002       1.07718372E+01
5979.6001       1.07566948E+01
5981.0000       1.07590027E+01
5982.3999       1.07749767E+01
5983.7998       1.07843952E+01
5985.2002       1.07794094E+01
5986.6001       1.07788544E+01
5988.0000       1.07730379E+01
5989.3999       1.07547550E+01
5990.7998       1.07447834E+01
5992.2002       1.07525387E+01
5993.6001       1.07612190E+01
5995.0000       1.07577095E+01
5996.3999       1.07602959E+01
5997.7998       1.07728539E+01
5999.2002       1.07699909E+01
6000.6001       1.07488461E+01
6002.0000       1.07632504E+01
6003.3999       1.07680511E+01
6004.7998       1.07689753E+01
6006.2002       1.07760849E+01
6007.6001       1.07710066E+01
6009.0000       1.07771006E+01
6010.3999       1.07774696E+01
6011.7998       1.07738686E+01
6013.2002       1.07659283E+01
6014.6001       1.07639885E+01
6016.0000       1.07728539E+01
6017.3999       1.07602959E+01
6018.7998       1.07537394E+01
6020.2002       1.07481070E+01
6021.6001       1.07450600E+01
6023.0000       1.07496767E+01
6024.3999       1.07402592E+01
6025.7998       1.07399817E+01
6027.2002       1.07452450E+01
6028.6001       1.07385960E+01
6030.0000       1.07412739E+01
6031.3999       1.07658358E+01
6032.7998       1.07734070E+01
6034.2002       1.07666664E+01
6035.6001       1.07668514E+01
6037.0000       1.07677746E+01
6038.3999       1.07650051E+01
6039.7998       1.07583561E+01
6041.2002       1.07423820E+01
6042.6001       1.07393351E+01
6044.0000       1.07485685E+01
6045.3999       1.07499542E+01
6046.7998       1.07499542E+01
6048.2002       1.07441368E+01
6049.6001       1.07594643E+01
6051.0000       1.07552166E+01
6052.3999       1.07475529E+01
6053.7998       1.07420130E+01
6055.2002       1.07428436E+01
6056.6001       1.07534628E+01
6058.0000       1.07630653E+01
6059.3999       1.07626963E+01
6060.7998       1.07588177E+01
6062.2002       1.07566948E+01
6063.6001       1.07598343E+01
6065.0000       1.07670364E+01
6066.3999       1.07561398E+01
6067.7998       1.07538319E+01
6069.2002       1.07567863E+01
6070.6001       1.07580795E+01
6072.0000       1.07567863E+01
6073.3999       1.07489376E+01
6074.7998       1.07429361E+01
6076.2002       1.07349033E+01
6077.6001       1.07306557E+01
6079.0000       1.07350883E+01
6080.3999       1.07349949E+01
6081.7998       1.07397966E+01
6083.2002       1.07419205E+01
6084.6001       1.07384119E+01
6086.0000       1.07324104E+01
6087.3999       1.07310247E+01
6088.7998       1.07135735E+01
6090.2002       1.07060947E+01
6091.6001       1.07185593E+01
6093.0000       1.07310247E+01
6094.3999       1.07361031E+01
6095.7998       1.07385044E+01
6097.2002       1.07353649E+01
6098.6001       1.07259464E+01
6100.0000       1.07211456E+01
6101.3999       1.07223454E+01
6102.7998       1.07242842E+01
6104.2002       1.07289934E+01
6105.6001       1.07414589E+01
6107.0000       1.07499542E+01
6108.3999       1.07464447E+01
6109.7998       1.07401657E+01
6111.2002       1.07381344E+01
6112.6001       1.07327795E+01
6114.0000       1.07211456E+01
6115.3999       1.07319489E+01
6116.7998       1.07340717E+01
6118.2002       1.07305632E+01
6119.6001       1.07216072E+01
6121.0000       1.07051706E+01
6122.3999       1.06981535E+01
6123.7998       1.07147732E+01
6125.2002       1.07154198E+01
6126.6001       1.07192984E+01
6128.0000       1.07229919E+01
6129.3999       1.07195759E+01
6130.7998       1.07118187E+01
6132.2002       1.07251148E+01
6133.6001       1.07200375E+01
6135.0000       1.07041550E+01
6136.3999       1.06979685E+01
6137.7998       1.07090492E+01
6139.2002       1.07005539E+01
6140.6001       1.06969528E+01
6142.0000       1.07103415E+01
6143.3999       1.07156973E+01
6144.7998       1.07087717E+01
6146.2002       1.07092342E+01
6147.6001       1.07148666E+01
6149.0000       1.07300091E+01
6150.3999       1.07361956E+01
6151.7998       1.07295475E+01
6153.2002       1.07193909E+01
6154.6001       1.07092342E+01
6156.0000       1.07228069E+01
6157.3999       1.07303791E+01
6158.7998       1.07200375E+01
6160.2002       1.07176361E+01
6161.6001       1.07141275E+01
6163.0000       1.07129269E+01
6164.3999       1.07180061E+01
6165.7998       1.07229919E+01
6167.2002       1.07198524E+01
6168.6001       1.07098799E+01
6170.0000       1.07011080E+01
6171.3999       1.07051706E+01
6172.7998       1.07074795E+01
6174.2002       1.07007389E+01
6175.6001       1.06925201E+01
6177.0000       1.06971378E+01
6178.3999       1.07063713E+01
6179.7998       1.07011080E+01
6181.2002       1.06940899E+01
6182.6001       1.06959372E+01
6184.0000       1.07041550E+01
6185.3999       1.06991692E+01
6186.7998       1.07027702E+01
6188.2002       1.07016621E+01
6189.6001       1.06979685E+01
6191.0000       1.07025852E+01
6192.3999       1.07122803E+01
6193.7998       1.07180977E+01
6195.2002       1.07056332E+01
6196.6001       1.06951065E+01
6198.0000       1.06915054E+01
6199.3999       1.06969528E+01
6200.7998       1.07074795E+01
6202.2002       1.07040634E+01
6203.6001       1.07007389E+01
6205.0000       1.07077560E+01
6206.3999       1.07108040E+01
6207.7998       1.07104340E+01
6209.2002       1.07073870E+01
6210.6001       1.07126503E+01
6212.0000       1.07072020E+01
6213.3999       1.07009239E+01
6214.7998       1.07031393E+01
6216.2002       1.07012005E+01
6217.6001       1.06982460E+01
6219.0000       1.06989841E+01
6220.3999       1.07043400E+01
6221.7998       1.07105265E+01
6223.2002       1.07082176E+01
6224.6001       1.06987076E+01
6226.0000       1.06905823E+01
6227.3999       1.06848564E+01
6228.7998       1.06753464E+01
6230.2002       1.06638041E+01
6231.6001       1.06726685E+01
6233.0000       1.06881809E+01
6234.3999       1.07019386E+01
6235.7998       1.06995382E+01
6237.2002       1.06859646E+01
6238.6001       1.06848564E+01
6240.0000       1.06943674E+01
6241.3999       1.06986151E+01
6242.7998       1.06877193E+01
6244.2002       1.06729450E+01
6245.6001       1.06640816E+01
6247.0000       1.06542015E+01
6248.3999       1.06650963E+01
6249.7998       1.06866112E+01
6251.2002       1.06961212E+01
6252.6001       1.06943674E+01
6254.0000       1.06871653E+01
6255.3999       1.06896582E+01
6256.7998       1.06737766E+01
6258.2002       1.06771011E+01
6259.6001       1.06780243E+01
6261.0000       1.06670361E+01
6262.3999       1.06432133E+01
6263.7998       1.06057243E+01
6265.2002       1.06229000E+01
6266.6001       1.06572485E+01
6268.0000       1.06718369E+01
6269.3999       1.06688824E+01
6270.7998       1.06587257E+01
6272.2002       1.06609421E+01
6273.6001       1.06785774E+01
6275.0000       1.06916895E+01
6276.3999       1.06847649E+01
6277.7998       1.06670361E+01
6279.2002       1.06533699E+01
6280.6001       1.06446905E+01
6282.0000       1.06372108E+01
6283.3999       1.06314869E+01
6284.7998       1.06353645E+01
6286.2002       1.06484766E+01
6287.6001       1.06581717E+01
6289.0000       1.06686983E+01
6290.3999       1.06723919E+01
6291.7998       1.06647282E+01
6293.2002       1.06710062E+01
6294.6001       1.06713753E+01
6296.0000       1.06700830E+01
6297.3999       1.06626034E+01
6298.7998       1.06526318E+01
6300.2002       1.06590958E+01
6301.6001       1.06574326E+01
6303.0000       1.06590958E+01
6304.3999       1.06572485E+01
6305.7998       1.06559563E+01
6307.2002       1.06613111E+01
6308.6001       1.06698990E+01
6310.0000       1.06617727E+01
6311.3999       1.06564178E+01
6312.7998       1.06565094E+01
6314.2002       1.06599255E+01
6315.6001       1.06741457E+01
6317.0000       1.06805172E+01
6318.3999       1.06686058E+01
6319.7998       1.06554947E+01
6321.2002       1.06529083E+01
6322.6001       1.06580791E+01
6324.0000       1.06643581E+01
6325.3999       1.06685133E+01
6326.7998       1.06717453E+01
6328.2002       1.06689749E+01
6329.6001       1.06603880E+01
6331.0000       1.06506920E+01
6332.3999       1.06488457E+01
6333.7998       1.06588182E+01
6335.2002       1.06611271E+01
6336.6001       1.06542931E+01
6338.0000       1.06532784E+01
6339.3999       1.06558628E+01
6340.7998       1.06562328E+01
6342.2002       1.06557713E+01
6343.6001       1.06562328E+01
6345.0000       1.06532784E+01
6346.3999       1.06505079E+01
6347.7998       1.06513386E+01
6349.2002       1.06553097E+01
6350.6001       1.06602955E+01
6352.0000       1.06602030E+01
6353.3999       1.06634350E+01
6354.7998       1.06671286E+01
6356.2002       1.06727610E+01
6357.6001       1.06814404E+01
6359.0000       1.06769161E+01
6360.3999       1.06819019E+01
6361.7998       1.06788549E+01
6363.2002       1.06621418E+01
6364.6001       1.06445980E+01
6366.0000       1.06430283E+01
6367.3999       1.06532784E+01
6368.7998       1.06505079E+01
6370.2002       1.06444130E+01
6371.6001       1.06461678E+01
6373.0000       1.06560478E+01
6374.3999       1.06634350E+01
6375.7998       1.06631584E+01
6377.2002       1.06561403E+01
6378.6001       1.06403503E+01
6380.0000       1.06195755E+01
6381.3999       1.06206837E+01
6382.7998       1.06278858E+01
6384.2002       1.06385040E+01
6385.6001       1.06513386E+01
6387.0000       1.06562328E+01
6388.3999       1.06566019E+01
6389.7998       1.06650047E+01
6391.2002       1.06686983E+01
6392.6001       1.06605721E+01
6394.0000       1.06523552E+01
6395.3999       1.06624193E+01
6396.7998       1.06715603E+01
6398.2002       1.06686983E+01
6399.6001       1.06638041E+01
6401.0000       1.06526318E+01
6402.3999       1.06392422E+01
6403.7998       1.06395197E+01
6405.2002       1.06504154E+01
6406.6001       1.06541090E+01
6408.0000       1.06582642E+01
6409.3999       1.06545706E+01
6410.7998       1.06445065E+01
6412.2002       1.06392422E+01
6413.6001       1.06403503E+01
6415.0000       1.06283474E+01
6416.3999       1.06130199E+01
6417.7998       1.06115417E+01
6419.2002       1.06277008E+01
6420.6001       1.06333332E+01
6422.0000       1.06403503E+01
6423.3999       1.06396122E+01
6424.7998       1.06385040E+01
6426.2002       1.06412745E+01
6427.6001       1.06466293E+01
6429.0000       1.06502304E+01
6430.3999       1.06464453E+01
6431.7998       1.06373043E+01
6433.2002       1.06321335E+01
6434.6001       1.06463528E+01
6436.0000       1.06590958E+01
6437.3999       1.06566944E+01
6438.7998       1.06441364E+01
6440.2002       1.06305637E+01
6441.6001       1.06197605E+01
6443.0000       1.06193905E+01
6444.3999       1.06283474E+01
6445.7998       1.06297321E+01
6447.2002       1.06232681E+01
6448.6001       1.06235456E+01
6450.0000       1.06309328E+01
6451.3999       1.06362877E+01
6452.7998       1.06361961E+01
6454.2002       1.06296396E+01
6455.6001       1.06192980E+01
6457.0000       1.06165276E+01
6458.3999       1.06248379E+01
6459.7998       1.06269627E+01
6461.2002       1.06219759E+01
6462.6001       1.06176357E+01
6464.0000       1.06125584E+01
6465.3999       1.06132040E+01
6466.7998       1.06191139E+01
6468.2002       1.06217918E+01
6469.6001       1.06191139E+01
6471.0000       1.06269627E+01
6472.3999       1.06336098E+01
6473.7998       1.06333332E+01
6475.2002       1.06235456E+01
6476.6001       1.06265926E+01
6478.0000       1.06279774E+01
6479.3999       1.06237297E+01
6480.7998       1.06233616E+01
6482.2002       1.06172667E+01
6483.6001       1.06094189E+01
6485.0000       1.06021233E+01
6486.3999       1.06105261E+01
6487.7998       1.06325026E+01
6489.2002       1.06172667E+01
6490.6001       1.06019392E+01
6492.0000       1.05871658E+01
6493.3999       1.05798702E+01
6494.7998       1.05778389E+01
6496.2002       1.05848570E+01
6497.6001       1.05988922E+01
6499.0000       1.06099720E+01
6500.3999       1.06149578E+01
6501.7998       1.06315784E+01
6503.2002       1.06254845E+01
6504.6001       1.06171741E+01
6506.0000       1.06239147E+01
6507.3999       1.06435833E+01
6508.7998       1.06424751E+01
6510.2002       1.06335182E+01
6511.6001       1.06278858E+01
6513.0000       1.06189289E+01
6514.3999       1.06071100E+01
6515.7998       1.06106186E+01
6517.2002       1.06240997E+01
6518.6001       1.06339798E+01
6520.0000       1.06460762E+01
6521.3999       1.06481991E+01
6522.7998       1.06371193E+01
6524.2002       1.06256695E+01
6525.6001       1.06166210E+01
6527.0000       1.06105261E+01
6528.3999       1.06063709E+01
6529.7998       1.06030474E+01
6531.2002       1.06015701E+01
6532.6001       1.06000004E+01
6534.0000       1.05978756E+01
6535.3999       1.05923367E+01
6536.7998       1.05931673E+01
6538.2002       1.05912285E+01
6539.6001       1.05855026E+01
6541.0000       1.05779314E+01
6542.3999       1.05746078E+01
6543.7998       1.05662050E+01
6545.2002       1.05612183E+01
6546.6001       1.05554018E+01
6548.0000       1.05479221E+01
6549.3999       1.05424747E+01
6550.7998       1.05311174E+01
6552.2002       1.05137577E+01
6553.6001       1.04906740E+01
6555.0000       1.04722996E+01
6556.3999       1.04461679E+01
6557.7998       1.04155121E+01
6559.2002       1.03835640E+01
6560.6001       1.03493996E+01
6562.0000       1.03426590E+01
6563.3999       1.03620501E+01
6564.7998       1.03933516E+01
6566.2002       1.04240074E+01
6567.6001       1.04449673E+01
6569.0000       1.04655590E+01
6570.3999       1.04863338E+01
6571.7998       1.05003700E+01
6573.2002       1.05176363E+01
6574.6001       1.05266857E+01
6576.0000       1.05373955E+01
6577.3999       1.05572481E+01
6578.7998       1.05653744E+01
6580.2002       1.05636196E+01
6581.6001       1.05670357E+01
6583.0000       1.05764542E+01
6584.3999       1.05829182E+01
6585.7998       1.05853186E+01
6587.2002       1.05843954E+01
6588.6001       1.05834713E+01
6590.0000       1.05829182E+01
6591.3999       1.05870724E+01
6592.7998       1.05939980E+01
6594.2002       1.05899353E+01
6595.6001       1.05885506E+01
6597.0000       1.05970459E+01
6598.3999       1.06100645E+01
6599.7998       1.06081257E+01
6601.2002       1.06084948E+01
6602.6001       1.06106186E+01
6604.0000       1.06107111E+01
6605.3999       1.05987072E+01
6606.7998       1.05881805E+01
6608.2002       1.05923367E+01
6609.6001       1.06028624E+01
6611.0000       1.06111727E+01
6612.3999       1.06093254E+01
6613.7998       1.05951986E+01
6615.2002       1.05874424E+01
6616.6001       1.05958443E+01
6618.0000       1.05949211E+01
6619.3999       1.05987997E+01
6620.7998       1.06006470E+01
6622.2002       1.06045246E+01
6623.6001       1.06003695E+01
6625.0000       1.05976915E+01
6626.3999       1.06052628E+01
6627.7998       1.06160660E+01
6629.2002       1.06061859E+01
6630.6001       1.05843954E+01
6632.0000       1.05850410E+01
6633.3999       1.06007385E+01
6634.7998       1.06132040E+01
6636.2002       1.06113567E+01
6637.6001       1.06060019E+01
6639.0000       1.06060944E+01
6640.3999       1.06012926E+01
6641.7998       1.05918751E+01
6643.2002       1.05900278E+01
6644.6001       1.05939064E+01
6646.0000       1.05895662E+01
6647.3999       1.05887356E+01
6648.7998       1.05904894E+01
6650.2002       1.05871658E+01
6651.6001       1.05896587E+01
6653.0000       1.05958443E+01
6654.3999       1.06012926E+01
6655.7998       1.05944595E+01
6657.2002       1.05896587E+01
6658.6001       1.05846720E+01
6660.0000       1.05809784E+01
6661.3999       1.05803318E+01
6662.7998       1.05845795E+01
6664.2002       1.05905819E+01
6665.6001       1.06024008E+01
6667.0000       1.06068325E+01
6668.3999       1.06032314E+01
6669.7998       1.05963993E+01
6671.2002       1.05892887E+01
6672.6001       1.05880890E+01
6674.0000       1.05803318E+01
6675.3999       1.05751610E+01
6676.7998       1.05755310E+01
6678.2002       1.05785780E+01
6679.6001       1.05827332E+01
6681.0000       1.05787621E+01
6682.3999       1.05734997E+01
6683.7998       1.05783939E+01
6685.2002       1.05805168E+01
6686.6001       1.05793171E+01
6688.0000       1.05804253E+01
6689.3999       1.05857801E+01
6690.7998       1.05906734E+01
6692.2002       1.05887356E+01
6693.6001       1.05852261E+01
6695.0000       1.05879965E+01
6696.3999       1.05881805E+01
6697.7998       1.05861492E+01
6699.2002       1.05873499E+01
6700.6001       1.05878115E+01
6702.0000       1.05877190E+01
6703.3999       1.05859652E+01
6704.7998       1.05830097E+01
6706.2002       1.05841179E+01
6707.6001       1.05903969E+01
6709.0000       1.05920591E+01
6710.3999       1.05838413E+01
6711.7998       1.05812559E+01
6713.2002       1.05774698E+01
6714.6001       1.05684204E+01
6716.0000       1.05588179E+01
6717.3999       1.05640812E+01
6718.7998       1.05665741E+01
6720.2002       1.05646353E+01
6721.6001       1.05677748E+01
6723.0000       1.05738688E+01
6724.3999       1.05785780E+01
6725.7998       1.05819016E+01
6727.2002       1.05772858E+01
6728.6001       1.05733147E+01
6730.0000       1.05683289E+01
6731.3999       1.05691595E+01
6732.7998       1.05779314E+01
6734.2002       1.05803318E+01
6735.6001       1.05814400E+01
6737.0000       1.05789471E+01
6738.3999       1.05656509E+01
6739.7998       1.05582638E+01
6741.2002       1.05582638E+01
6742.6001       1.05615883E+01
6744.0000       1.05674973E+01
6745.3999       1.05830097E+01
6746.7998       1.05891037E+01
6748.2002       1.05805168E+01
6749.6001       1.05647278E+01
6751.0000       1.05620499E+01
6752.3999       1.05625114E+01
6753.7998       1.05578022E+01
6755.2002       1.05538321E+01
6756.6001       1.05499535E+01
6758.0000       1.05533705E+01
6759.3999       1.05616798E+01
6760.7998       1.05674057E+01
6762.2002       1.05747929E+01
6763.6001       1.05818100E+01
6765.0000       1.05792246E+01
6766.3999       1.05681438E+01
6767.7998       1.05577106E+01
6769.2002       1.05569715E+01
6770.6001       1.05632496E+01
6772.0000       1.05613117E+01
6773.3999       1.05574331E+01
6774.7998       1.05563250E+01
6776.2002       1.05599260E+01
6777.6001       1.05590029E+01
6779.0000       1.05480146E+01
6780.3999       1.05323181E+01
6781.7998       1.05382271E+01
6783.2002       1.05436745E+01
6784.6001       1.05494003E+01
6786.0000       1.05546627E+01
6787.3999       1.05601110E+01
6788.7998       1.05569715E+01
6790.2002       1.05499535E+01
6791.6001       1.05418282E+01
6793.0000       1.05422897E+01
6794.3999       1.05505085E+01
6795.7998       1.05538321E+01
6797.2002       1.05536470E+01
6798.6001       1.05515232E+01
6800.0000       1.05512466E+01
6801.3999       1.05515232E+01
6802.7998       1.05535545E+01
6804.2002       1.05614958E+01
6805.6001       1.05643578E+01
6807.0000       1.05616798E+01
6808.3999       1.05588179E+01
6809.7998       1.05521698E+01
6811.2002       1.05523548E+01
6812.6001       1.05572481E+01
6814.0000       1.05606651E+01
6815.3999       1.05637121E+01
6816.7998       1.05593719E+01
6818.2002       1.05562325E+01
6819.6001       1.05569715E+01
6821.0000       1.05522623E+01
6822.3999       1.05512466E+01
6823.7998       1.05492153E+01
6825.2002       1.05397043E+01
6826.6001       1.05348110E+01
6828.0000       1.05357342E+01
6829.3999       1.05427513E+01
6830.7998       1.05511541E+01
6832.2002       1.05580788E+01
6833.6001       1.05542011E+01
6835.0000       1.05467224E+01
6836.3999       1.05522623E+01
6837.7998       1.05562325E+01
6839.2002       1.05554018E+01
6840.6001       1.05492153E+01
6842.0000       1.05465374E+01
6843.3999       1.05450602E+01
6844.7998       1.05455217E+01
6846.2002       1.05458908E+01
6847.6001       1.05440445E+01
6849.0000       1.05492153E+01
6850.3999       1.05486612E+01
6851.7998       1.05474606E+01
6853.2002       1.05522623E+01
6854.6001       1.05473690E+01
6856.0000       1.05376730E+01
6857.3999       1.05305634E+01
6858.7998       1.05277004E+01
6860.2002       1.05412741E+01
6861.6001       1.05377655E+01
6863.0000       1.05292702E+01
6864.3999       1.05248384E+01
6865.7998       1.04999075E+01
6867.2002       1.04464455E+01
6868.6001       1.04030476E+01
6870.0000       1.03853188E+01
6871.3999       1.03894739E+01
6872.7998       1.03893814E+01
6874.2002       1.03939056E+01
6875.6001       1.04153280E+01
6877.0000       1.04393349E+01
6878.3999       1.04635277E+01
6879.7998       1.04874420E+01
6881.2002       1.05045242E+01
6882.6001       1.05127430E+01
6884.0000       1.05024014E+01
6885.3999       1.04805164E+01
6886.7998       1.04721146E+01
6888.2002       1.04710064E+01
6889.6001       1.04742384E+01
6891.0000       1.04747925E+01
6892.3999       1.04735918E+01
6893.7998       1.04800549E+01
6895.2002       1.04843025E+01
6896.6001       1.04849491E+01
6898.0000       1.04913206E+01
6899.3999       1.04824562E+01
6900.7998       1.04810715E+01
6902.2002       1.04910431E+01
6903.6001       1.04900284E+01
6905.0000       1.04954758E+01
6906.3999       1.05060024E+01
6907.7998       1.05157890E+01
6909.2002       1.05138502E+01
6910.6001       1.05194836E+01
6912.0000       1.05151434E+01
6913.3999       1.05071096E+01
6914.7998       1.05009232E+01
6916.2002       1.05096035E+01
6917.6001       1.05064640E+01
6919.0000       1.05097876E+01
6920.3999       1.05274239E+01
6921.7998       1.05366573E+01
6923.2002       1.05298252E+01
6924.6001       1.05206833E+01
6926.0000       1.05128345E+01
6927.3999       1.05093260E+01
6928.7998       1.04999075E+01
6930.2002       1.04978762E+01
6931.6001       1.05072021E+01
6933.0000       1.05168056E+01
6934.3999       1.05208683E+01
6935.7998       1.05145893E+01
6937.2002       1.05064640E+01
6938.6001       1.05033245E+01
6940.0000       1.04941826E+01
6941.3999       1.04918747E+01
6942.7998       1.05026779E+01
6944.2002       1.05075722E+01
6945.6001       1.05068331E+01
6947.0000       1.05015697E+01
6948.3999       1.05010157E+01
6949.7998       1.05096951E+01
6951.2002       1.05162506E+01
6952.6001       1.05187445E+01
6954.0000       1.05166206E+01
6955.3999       1.05113573E+01
6956.7998       1.05060940E+01
6958.2002       1.05095100E+01
6959.6001       1.05161591E+01
6961.0000       1.05045242E+01
6962.3999       1.05145893E+01
6963.7998       1.05231762E+01
6965.2002       1.05298252E+01
6966.6001       1.05345335E+01
6968.0000       1.05301933E+01
6969.3999       1.05234528E+01
6970.7998       1.05227146E+01
6972.2002       1.05310249E+01
6973.6001       1.05301018E+01
6975.0000       1.05235462E+01
6976.3999       1.05228996E+01
6977.7998       1.05265923E+01
6979.2002       1.05199451E+01
6980.6001       1.05082178E+01
6982.0000       1.05076637E+01
6983.3999       1.05152359E+01
6984.7998       1.05200367E+01
6986.2002       1.05168972E+01
6987.6001       1.05136662E+01
6989.0000       1.05189285E+01
6990.3999       1.05274239E+01
6991.7998       1.05302868E+01
6993.2002       1.05272388E+01
6994.6001       1.05231762E+01
6996.0000       1.05200367E+01
6997.3999       1.05122805E+01
6998.7998       1.05053558E+01
7000.2002       1.05037861E+01
7001.6001       1.05041552E+01
7003.0000       1.05063705E+01
7004.3999       1.05080338E+01
7005.7998       1.05133886E+01
7007.2002       1.05185595E+01
7008.6001       1.05172672E+01
7010.0000       1.05165281E+01
7011.3999       1.05093260E+01
7012.7998       1.04977837E+01
7014.2002       1.04881811E+01
7015.6001       1.04831944E+01
7017.0000       1.04887352E+01
7018.3999       1.04961224E+01
7019.7998       1.05014772E+01
7021.2002       1.05142193E+01
7022.6001       1.05110798E+01
7024.0000       1.05048008E+01
7025.3999       1.05005541E+01
7026.7998       1.04912281E+01
7028.2002       1.04971371E+01
7029.6001       1.05007381E+01
7031.0000       1.05043392E+01
7032.3999       1.05018463E+01
7033.7998       1.04929829E+01
7035.2002       1.04959373E+01
7036.6001       1.05069256E+01
7038.0000       1.05207758E+01
7039.3999       1.05204067E+01
7040.7998       1.05150509E+01
7042.2002       1.05099716E+01
7043.6001       1.05103416E+01
7045.0000       1.05055399E+01
7046.3999       1.04974146E+01
7047.7998       1.04992619E+01
7049.2002       1.05069256E+01
7050.6001       1.05142193E+01
7052.0000       1.05150509E+01
7053.3999       1.05049858E+01
7054.7998       1.04929829E+01
7056.2002       1.04852257E+01
7057.6001       1.04848566E+01
7059.0000       1.04915972E+01
7060.3999       1.05038776E+01
7061.7998       1.05080338E+01
7063.2002       1.05083103E+01
7064.6001       1.05190210E+01
7066.0000       1.05140352E+01
7067.3999       1.05061865E+01
7068.7998       1.05101566E+01
7070.2002       1.05015697E+01
7071.6001       1.05000925E+01
7073.0000       1.05028629E+01
7074.3999       1.05065556E+01
7075.7998       1.04988918E+01
7077.2002       1.05012932E+01
7078.6001       1.04949217E+01
7080.0000       1.04876270E+01
7081.3999       1.04903049E+01
7082.7998       1.05002766E+01
7084.2002       1.05055399E+01
7085.6001       1.05076637E+01
7087.0000       1.05027695E+01
7088.3999       1.04894733E+01
7089.7998       1.04819021E+01
7091.2002       1.04787626E+01
7092.6001       1.04862423E+01
7094.0000       1.04942751E+01
7095.3999       1.04931669E+01
7096.7998       1.04984303E+01
7098.2002       1.04983377E+01
7099.6001       1.05048008E+01
7101.0000       1.05149584E+01
7102.3999       1.05205908E+01
7103.7998       1.05237303E+01
7105.2002       1.05172672E+01
7106.6001       1.05084953E+01
7108.0000       1.05036936E+01
7109.3999       1.05082178E+01
7110.7998       1.05040627E+01
7112.2002       1.05048943E+01
7113.6001       1.05191135E+01
7115.0000       1.05268698E+01
7116.3999       1.05222530E+01
7117.7998       1.05043392E+01
7119.2002       1.04952908E+01
7120.6001       1.04978762E+01
7122.0000       1.04920597E+01
7123.3999       1.04874420E+01
7124.7998       1.04919662E+01
7126.2002       1.04983377E+01
7127.6001       1.04934444E+01
7129.0000       1.04895658E+01
7130.3999       1.05013847E+01
7131.7998       1.05067406E+01
7133.2002       1.04963989E+01
7134.6001       1.04832878E+01
7136.0000       1.04843950E+01
7137.3999       1.04997234E+01
7138.7998       1.04938135E+01
7140.2002       1.04857807E+01
7141.6001       1.05016623E+01
7143.0000       1.05154200E+01
7144.3999       1.05070171E+01
7145.7998       1.04951992E+01
7147.2002       1.04742384E+01
7148.6001       1.04802399E+01
7150.0000       1.04874420E+01
7151.3999       1.04921513E+01
7152.7998       1.04935360E+01
7154.2002       1.05005541E+01
7155.6001       1.04952908E+01
7157.0000       1.04875345E+01
7158.3999       1.04903049E+01
7159.7998       1.04822712E+01
7161.2002       1.04767313E+01
7162.6001       1.04860573E+01
7164.0000       1.04873505E+01
7165.3999       1.04855032E+01
7166.7998       1.04773779E+01
7168.2002       1.04710989E+01
7169.6001       1.04735918E+01
7171.0000       1.04747925E+01
7172.3999       1.04670362E+01
7173.7998       1.04601107E+01
7175.2002       1.04467220E+01
7176.6001       1.04313946E+01
7178.0000       1.04388733E+01
7179.3999       1.04550323E+01
7180.7998       1.04539242E+01
7182.2002       1.04486618E+01
7183.6001       1.04449673E+01
7185.0000       1.04349957E+01
7186.3999       1.04364729E+01
7187.7998       1.04510612E+01
7189.2002       1.04613113E+01
7190.6001       1.04586334E+01
7192.0000       1.04453373E+01
7193.3999       1.04391499E+01
7194.7998       1.04493074E+01
7196.2002       1.04434910E+01
7197.6001       1.04385042E+01
7199.0000       1.04311171E+01
7200.3999       1.04372120E+01
7201.7998       1.04518929E+01
7203.2002       1.04448757E+01
7204.6001       1.04425669E+01
7206.0000       1.04466295E+01
7207.3999       1.04509697E+01
7208.7998       1.04627886E+01
7210.2002       1.04685135E+01
7211.6001       1.04803324E+01
7213.0000       1.04867954E+01
7214.3999       1.04994459E+01
7215.7998       1.05047092E+01
7217.2002       1.05072021E+01
7218.6001       1.05101566E+01
7220.0000       1.05046167E+01
7221.3999       1.04894733E+01
7222.7998       1.04683285E+01
7224.2002       1.04546623E+01
7225.6001       1.04575253E+01
7227.0000       1.04636192E+01
7228.3999       1.04648199E+01
7229.7998       1.04573402E+01
7231.2002       1.04381351E+01
7232.6001       1.04319477E+01
7234.0000       1.04441366E+01
7235.3999       1.04619579E+01
7236.7998       1.04722996E+01
7238.2002       1.04579868E+01
7239.6001       1.04349957E+01
7241.0000       1.04242840E+01
7242.3999       1.04294548E+01
7243.7998       1.04433975E+01
7245.2002       1.04498615E+01
7246.6001       1.04563255E+01
7248.0000       1.04650040E+01
7249.3999       1.04579868E+01
7250.7998       1.04390583E+01
7252.2002       1.04323177E+01
7253.6001       1.04449673E+01
7255.0000       1.04494915E+01
7256.3999       1.04430285E+01
7257.7998       1.04495850E+01
7259.2002       1.04600182E+01
7260.6001       1.04568787E+01
7262.0000       1.04422894E+01
7263.3999       1.04265928E+01
7264.7998       1.04334259E+01
7266.2002       1.04361038E+01
7267.6001       1.04551249E+01
7269.0000       1.04686050E+01
7270.3999       1.04655590E+01
7271.7998       1.04505081E+01
7273.2002       1.04406281E+01
7274.6001       1.04263153E+01
7276.0000       1.04230843E+01
7277.3999       1.04340725E+01
7278.7998       1.04542942E+01
7280.2002       1.04849491E+01
7281.6001       1.04852257E+01
7283.0000       1.04747925E+01
7284.3999       1.04748840E+01
7285.7998       1.04736843E+01
7287.2002       1.04531860E+01
7288.6001       1.04412746E+01
7290.0000       1.04406281E+01
7291.3999       1.04420128E+01
7292.7998       1.04419212E+01
7294.2002       1.04397049E+01
7295.6001       1.04528160E+01
7297.0000       1.04590025E+01
7298.3999       1.04538326E+01
7299.7998       1.04461679E+01
7301.2002       1.04313946E+01
7302.6001       1.04260387E+01
7304.0000       1.04313946E+01
7305.3999       1.04417362E+01
7306.7998       1.04403515E+01
7308.2002       1.04293633E+01
7309.6001       1.04350872E+01
7311.0000       1.04386883E+01
7312.3999       1.04415512E+01
7313.7998       1.04628811E+01
7315.2002       1.04688826E+01
7316.6001       1.04655590E+01
7318.0000       1.04594650E+01
7319.3999       1.04566021E+01
7320.7998       1.04524469E+01
7322.2002       1.04377651E+01
7323.6001       1.04264088E+01
7325.0000       1.04315796E+01
7326.3999       1.04590025E+01
7327.7998       1.04785786E+01
7329.2002       1.04562321E+01
7330.6001       1.04433060E+01
7332.0000       1.04381351E+01
7333.3999       1.04417362E+01
7334.7998       1.04390583E+01
7336.2002       1.04406281E+01
7337.6001       1.04489384E+01
7339.0000       1.04528160E+01
7340.3999       1.04490299E+01
7341.7998       1.04349031E+01
7343.2002       1.04294548E+01
7344.6001       1.04494915E+01
7346.0000       1.04606647E+01
7347.3999       1.04592800E+01
7348.7998       1.04613113E+01
7350.2002       1.04686985E+01
7351.6001       1.04716530E+01
7353.0000       1.04648199E+01
7354.3999       1.04620495E+01
7355.7998       1.04638968E+01
7357.2002       1.04664822E+01
7358.6001       1.04659281E+01
7360.0000       1.04570637E+01
7361.3999       1.04507847E+01
7362.7998       1.04493074E+01
7364.2002       1.04457064E+01
7365.6001       1.04377651E+01
7367.0000       1.04324093E+01
7368.3999       1.04349031E+01
7369.7998       1.04355488E+01
7371.2002       1.04430285E+01
7372.6001       1.04427509E+01
7374.0000       1.04337950E+01
7375.3999       1.04374886E+01
7376.7998       1.04422894E+01
7378.2002       1.04471836E+01
7379.6001       1.04505997E+01
7381.0000       1.04442291E+01
7382.3999       1.04405355E+01
7383.7998       1.04364729E+01
7385.2002       1.04384117E+01
7386.6001       1.04428444E+01
7388.0000       1.04467220E+01
7389.3999       1.04339790E+01
7390.7998       1.04393349E+01
7392.2002       1.04345341E+01
7393.6001       1.04398890E+01
7395.0000       1.04403515E+01
7396.3999       1.04328718E+01
7397.7998       1.04334259E+01
7399.2002       1.04313021E+01
7400.6001       1.04328718E+01
7402.0000       1.04337950E+01
7403.3999       1.04397964E+01
7404.7998       1.04420128E+01
7406.2002       1.04395199E+01
7407.6001       1.04391499E+01
7409.0000       1.04346256E+01
7410.3999       1.04263153E+01
7411.7998       1.04196682E+01
7413.2002       1.04066486E+01
7414.6001       1.04122810E+01
7416.0000       1.04275160E+01
7417.3999       1.04327793E+01
7418.7998       1.04264088E+01
7420.2002       1.04103413E+01
7421.6001       1.04036932E+01
7423.0000       1.04038782E+01
7424.3999       1.04054480E+01
7425.7998       1.04087715E+01
7427.2002       1.04058170E+01
