#
# Spectrum of TRA14, spectral type G4v
# Source: Jacoby, Hunter, & Christian, 1984, ApJ, 56, 257
#         Scaled to flux=1.0 at 5500 Angstroms.
#
# Wave: wavelength in Angstroms
# Flux: scaled flux normalized to 1.0 at 5500A then shifted
#       in order of spectral type
Wave            Flux
3510.0000       6.43516064E+00
3511.3999       6.44501019E+00
3512.8000       6.44829273E+00
3514.2000       6.44796467E+00
3515.6001       6.45847034E+00
3517.0000       6.46536446E+00
3518.3999       6.46043968E+00
3519.8000       6.44303989E+00
3521.2000       6.43023682E+00
3522.6001       6.41529846E+00
3524.0000       6.40479279E+00
3525.3999       6.41316509E+00
3526.8000       6.43155003E+00
3528.2000       6.44550228E+00
3529.6001       6.46306610E+00
3531.0000       6.47406387E+00
3532.3999       6.47685528E+00
3533.8000       6.50311852E+00
3535.2000       6.53397942E+00
3536.6001       6.52889061E+00
3538.0000       6.49868679E+00
3539.3999       6.48850918E+00
3540.8000       6.49688148E+00
3542.2000       6.49064350E+00
3543.6001       6.51444530E+00
3545.0000       6.52675629E+00
3546.3999       6.51871300E+00
3547.8000       6.53693390E+00
3549.2000       6.54694653E+00
3550.6001       6.55039406E+00
3552.0000       6.55154324E+00
3553.3999       6.52987480E+00
3554.8000       6.51739979E+00
3556.2000       6.47931671E+00
3557.6001       6.45403767E+00
3559.0000       6.45502281E+00
3560.3999       6.46946812E+00
3561.8000       6.47915268E+00
3563.2000       6.46454334E+00
3564.6001       6.43007183E+00
3566.0000       6.39757061E+00
3567.3999       6.37721634E+00
3568.8000       6.38607979E+00
3570.2000       6.40003300E+00
3571.6001       6.41300106E+00
3573.0000       6.41841793E+00
3574.3999       6.41874599E+00
3575.8000       6.41611958E+00
3577.2000       6.39691353E+00
3578.6001       6.37573910E+00
3580.0000       6.37524605E+00
3581.3999       6.38033485E+00
3582.8000       6.39445210E+00
3584.2000       6.38706493E+00
3585.6001       6.35505581E+00
3587.0000       6.33568573E+00
3588.3999       6.35013103E+00
3589.8000       6.37163448E+00
3591.2000       6.40988159E+00
3592.6001       6.42925167E+00
3594.0000       6.41808891E+00
3595.3999       6.41497040E+00
3596.8000       6.44336796E+00
3598.2000       6.44714355E+00
3599.6001       6.45403767E+00
3601.0000       6.46815491E+00
3602.3999       6.45978355E+00
3603.8000       6.45666409E+00
3605.2000       6.47176647E+00
3606.6001       6.49655247E+00
3608.0000       6.47948170E+00
3609.3999       6.43072891E+00
3610.8000       6.42087936E+00
3612.2000       6.43926430E+00
3613.6001       6.44205475E+00
3615.0000       6.44369698E+00
3616.3999       6.45239639E+00
3617.8000       6.44107056E+00
3619.2000       6.41579151E+00
3620.6001       6.41119480E+00
3622.0000       6.44435310E+00
3623.3999       6.47504902E+00
3624.8000       6.48177910E+00
3626.2000       6.49474716E+00
3627.6001       6.54514122E+00
3629.0000       6.57747841E+00
3630.3999       6.54070950E+00
3631.8000       6.52101135E+00
3633.2000       6.52905464E+00
3634.6001       6.53118896E+00
3636.0000       6.51493740E+00
3637.3999       6.50771523E+00
3638.8000       6.48916626E+00
3640.2000       6.49179268E+00
3641.6001       6.50246239E+00
3643.0000       6.48686790E+00
3644.3999       6.45879841E+00
3645.8000       6.44599438E+00
3647.2000       6.44451714E+00
3648.6001       6.46011162E+00
3650.0000       6.44714355E+00
3651.3999       6.46848297E+00
3652.8000       6.49129963E+00
3654.2000       6.49491119E+00
3655.6001       6.48062992E+00
3657.0000       6.49589634E+00
3658.3999       6.52511501E+00
3659.8000       6.58223915E+00
3661.2000       6.57912064E+00
3662.6001       6.53906727E+00
3664.0000       6.53365040E+00
3665.3999       6.54021645E+00
3666.8000       6.52774143E+00
3668.2000       6.53184509E+00
3669.6001       6.55334854E+00
3671.0000       6.54432011E+00
3672.3999       6.54842377E+00
3673.8000       6.57173347E+00
3675.2000       6.58191109E+00
3676.6001       6.59241676E+00
3678.0000       6.60915947E+00
3679.3999       6.60636902E+00
3680.8000       6.60981655E+00
3682.2000       6.57797146E+00
3683.6001       6.53430748E+00
3685.0000       6.52199650E+00
3686.3999       6.53841114E+00
3687.8000       6.55433369E+00
3689.2000       6.57846355E+00
3690.6001       6.57518101E+00
3692.0000       6.61424828E+00
3693.3999       6.60193729E+00
3694.8000       6.55088615E+00
3696.2000       6.55219936E+00
3697.6001       6.59914684E+00
3699.0000       6.64264584E+00
3700.3999       6.64855576E+00
3701.8000       6.67662525E+00
3703.2000       6.64510822E+00
3704.6001       6.57944870E+00
3706.0000       6.54251480E+00
3707.3999       6.54924488E+00
3708.8000       6.57895565E+00
3710.2000       6.59077454E+00
3711.6001       6.56303310E+00
3713.0000       6.55679607E+00
3714.3999       6.59881783E+00
3715.8000       6.65922546E+00
3717.2000       6.66644764E+00
3718.6001       6.62655926E+00
3720.0000       6.57600117E+00
3721.3999       6.51871300E+00
3722.8000       6.50393963E+00
3724.2000       6.56286907E+00
3725.6001       6.63722897E+00
3727.0000       6.65659904E+00
3728.3999       6.64330292E+00
3729.8000       6.62918568E+00
3731.2000       6.61129379E+00
3732.6001       6.58191109E+00
3734.0000       6.50246239E+00
3735.3999       6.41579151E+00
3736.8000       6.40988159E+00
3738.2000       6.47537804E+00
3739.6001       6.55236340E+00
3741.0000       6.59553528E+00
3742.3999       6.59011841E+00
3743.8000       6.54579735E+00
3745.2000       6.48883820E+00
3746.6001       6.45075512E+00
3748.0000       6.45387363E+00
3749.3999       6.44090652E+00
3750.8000       6.42383480E+00
3752.2000       6.43023682E+00
3753.6001       6.47143841E+00
3755.0000       6.56845093E+00
3756.3999       6.63919926E+00
3757.8000       6.61408424E+00
3759.2000       6.54678249E+00
3760.6001       6.52347374E+00
3762.0000       6.53266621E+00
3763.3999       6.55154324E+00
3764.8000       6.58699894E+00
3766.2000       6.62245560E+00
3767.6001       6.61408424E+00
3769.0000       6.59898186E+00
3770.3999       6.59438610E+00
3771.8000       6.60325050E+00
3773.2000       6.61162186E+00
3774.6001       6.62672329E+00
3776.0000       6.59602737E+00
3777.3999       6.61112976E+00
3778.8000       6.66661167E+00
3780.2000       6.74064350E+00
3781.6001       6.78315830E+00
3783.0000       6.77183151E+00
3784.3999       6.74835873E+00
3785.8000       6.64001942E+00
3787.2000       6.60210133E+00
3788.6001       6.57403183E+00
3790.0000       6.56385422E+00
3791.3999       6.58076191E+00
3792.8000       6.59701252E+00
3794.2000       6.60259342E+00
3795.6001       6.58486557E+00
3797.0000       6.54251480E+00
3798.3999       6.52889061E+00
3799.8000       6.55663204E+00
3801.2000       6.59422207E+00
3802.6001       6.61506939E+00
3804.0000       6.64560127E+00
3805.3999       6.64166164E+00
3806.8000       6.65019703E+00
3808.2000       6.66661167E+00
3809.6001       6.66611958E+00
3811.0000       6.67383480E+00
3812.3999       6.67678928E+00
3813.8000       6.65709114E+00
3815.2000       6.61966515E+00
3816.6001       6.58420849E+00
3818.0000       6.54760361E+00
3819.3999       6.50640202E+00
3820.8000       6.53102398E+00
3822.2000       6.56943512E+00
3823.6001       6.53873920E+00
3825.0000       6.48703194E+00
3826.3999       6.46454334E+00
3827.8000       6.46388721E+00
3829.2000       6.46191692E+00
3830.6001       6.43565369E+00
3832.0000       6.41513443E+00
3833.3999       6.42432690E+00
3834.8000       6.44944191E+00
3836.2000       6.44796467E+00
3837.6001       6.43647385E+00
3839.0000       6.44615936E+00
3840.3999       6.48095894E+00
3841.8000       6.52806950E+00
3843.2000       6.55384064E+00
3844.6001       6.55876541E+00
3846.0000       6.54497719E+00
3847.3999       6.52889061E+00
3848.8000       6.52445793E+00
3850.2000       6.52068329E+00
3851.6001       6.52790546E+00
3853.0000       6.52265263E+00
3854.3999       6.48489857E+00
3855.8000       6.46355915E+00
3857.2000       6.45994759E+00
3858.6001       6.44730759E+00
3860.0000       6.45108318E+00
3861.3999       6.48768902E+00
3862.8000       6.52839756E+00
3864.2000       6.53578472E+00
3865.6001       6.53463554E+00
3867.0000       6.52314472E+00
3868.3999       6.48686790E+00
3869.8000       6.44632339E+00
3871.2000       6.44123459E+00
3872.6001       6.48128700E+00
3874.0000       6.50295448E+00
3875.3999       6.49326992E+00
3876.8000       6.46372318E+00
3878.2000       6.44862080E+00
3879.6001       6.44041348E+00
3881.0000       6.45075512E+00
3882.3999       6.47603416E+00
3883.8000       6.52396584E+00
3885.2000       6.56877899E+00
3886.6001       6.56992817E+00
3888.0000       6.55285645E+00
3889.3999       6.53791809E+00
3890.8000       6.55121422E+00
3892.2000       6.58289528E+00
3893.6001       6.58256721E+00
3895.0000       6.58371639E+00
3896.3999       6.59504318E+00
3897.8000       6.62442589E+00
3899.2000       6.66135883E+00
3900.6001       6.67383480E+00
3902.0000       6.64822674E+00
3903.3999       6.61982918E+00
3904.8000       6.60571289E+00
3906.2000       6.60899544E+00
3907.6001       6.62245560E+00
3909.0000       6.64461613E+00
3910.3999       6.67268562E+00
3911.8000       6.69697952E+00
3913.2000       6.68581772E+00
3914.6001       6.64707851E+00
3916.0000       6.62984276E+00
3917.3999       6.62376881E+00
3918.8000       6.60801029E+00
3920.2000       6.57255459E+00
3921.6001       6.54563332E+00
3923.0000       6.53644085E+00
3924.3999       6.51690769E+00
3925.8000       6.47866058E+00
3927.2000       6.41070271E+00
3928.6001       6.33191109E+00
3930.0000       6.25180531E+00
3931.3999       6.19172668E+00
3932.8000       6.16280365E+00
3934.2000       6.15315151E+00
3935.6001       6.19287586E+00
3937.0000       6.25984859E+00
3938.3999       6.32616520E+00
3939.8000       6.39674950E+00
3941.2000       6.46815491E+00
3942.6001       6.50640202E+00
3944.0000       6.54366398E+00
3945.3999       6.58322430E+00
3946.8000       6.59668446E+00
3948.2000       6.59684849E+00
3949.6001       6.58995438E+00
3951.0000       6.58814812E+00
3952.3999       6.60062408E+00
3953.8000       6.62754440E+00
3955.2000       6.63657284E+00
3956.6001       6.62820053E+00
3958.0000       6.62081432E+00
3959.3999       6.58979034E+00
3960.8000       6.52298069E+00
3962.2000       6.45206833E+00
3963.6001       6.38722897E+00
3965.0000       6.30942249E+00
3966.3999       6.23834515E+00
3967.8000       6.19057751E+00
3969.2000       6.19468117E+00
3970.6001       6.25623798E+00
3972.0000       6.34323692E+00
3973.3999       6.41694069E+00
3974.8000       6.48374939E+00
3976.2000       6.55860138E+00
3977.6001       6.62787247E+00
3979.0000       6.67153645E+00
3980.3999       6.69780064E+00
3981.8000       6.71487236E+00
3983.2000       6.74606037E+00
3984.6001       6.76592255E+00
3986.0000       6.77051926E+00
3987.3999       6.74523926E+00
3988.8000       6.72849655E+00
3990.2000       6.77183151E+00
3991.6001       6.79612637E+00
3993.0000       6.79908085E+00
3994.3999       6.79136562E+00
3995.8000       6.78381443E+00
3997.2000       6.76608658E+00
3998.6001       6.78266621E+00
4000.0000       6.81762981E+00
4001.3999       6.84832573E+00
4002.8000       6.82797146E+00
4004.2000       6.80745220E+00
4005.6001       6.78791809E+00
4007.0000       6.77856255E+00
4008.3999       6.79202271E+00
4009.8000       6.85013103E+00
4011.2000       6.87229156E+00
4012.6001       6.87278366E+00
4014.0000       6.85604095E+00
4015.3999       6.85817432E+00
4016.8000       6.82879162E+00
4018.2000       6.81598854E+00
4019.6001       6.82518101E+00
4021.0000       6.84947491E+00
4022.3999       6.85587692E+00
4023.8000       6.84471416E+00
4025.2000       6.84619141E+00
4026.6001       6.88033485E+00
4028.0000       6.89412308E+00
4029.3999       6.86309910E+00
4030.8000       6.82255459E+00
4032.2000       6.78315830E+00
4033.6001       6.77019024E+00
4035.0000       6.82370281E+00
4036.3999       6.85932350E+00
4037.8000       6.86539745E+00
4039.2000       6.84372902E+00
4040.6001       6.84028244E+00
4042.0000       6.84044647E+00
4043.3999       6.81286907E+00
4044.8000       6.76822090E+00
4046.2000       6.75196934E+00
4047.6001       6.79579735E+00
4049.0000       6.84290886E+00
4050.3999       6.86441231E+00
4051.8000       6.85029507E+00
4053.2000       6.83946133E+00
4054.6001       6.82534504E+00
4056.0000       6.80991459E+00
4057.3999       6.80728817E+00
4058.8000       6.84110355E+00
4060.2000       6.88772202E+00
4061.6001       6.88542366E+00
4063.0000       6.84635544E+00
4064.3999       6.80843735E+00
4065.8000       6.79218674E+00
4067.2000       6.80351257E+00
4068.6001       6.82747841E+00
4070.0000       6.84668446E+00
4071.3999       6.85128021E+00
4072.8000       6.86047268E+00
4074.2000       6.86211395E+00
4075.6001       6.82288265E+00
4077.0000       6.77298069E+00
4078.3999       6.77692032E+00
4079.8000       6.82091236E+00
4081.2000       6.84898186E+00
4082.6001       6.85275745E+00
4084.0000       6.84684849E+00
4085.3999       6.86014462E+00
4086.8000       6.87967873E+00
4088.2000       6.91694069E+00
4089.6001       6.94418907E+00
4091.0000       6.94189072E+00
4092.3999       6.92022324E+00
4093.8000       6.90906143E+00
4095.2000       6.90824032E+00
4096.6001       6.91037464E+00
4098.0000       6.88706493E+00
4099.3999       6.80039406E+00
4100.7998       6.72258663E+00
4102.2002       6.69271183E+00
4103.6001       6.74688148E+00
4105.0000       6.81795788E+00
4106.3999       6.85242939E+00
4107.7998       6.85801029E+00
4109.2002       6.85636902E+00
4110.6001       6.86063671E+00
4112.0000       6.86720276E+00
4113.3999       6.87606716E+00
4114.7998       6.89773464E+00
4116.2002       6.90134621E+00
4117.6001       6.88361740E+00
4119.0000       6.86703873E+00
4120.3999       6.86211395E+00
4121.7998       6.86769581E+00
4123.2002       6.86884403E+00
4124.6001       6.86835194E+00
4126.0000       6.87573910E+00
4127.3999       6.86654663E+00
4128.7998       6.85784626E+00
4130.2002       6.84635544E+00
4131.6001       6.83059788E+00
4133.0000       6.81615257E+00
4134.3999       6.85719013E+00
4135.7998       6.90036106E+00
4137.2002       6.92596817E+00
4138.6001       6.91776085E+00
4140.0000       6.90380859E+00
4141.3999       6.86227798E+00
4142.7998       6.82534504E+00
4144.2002       6.82944870E+00
4145.6001       6.87294769E+00
4147.0000       6.88755798E+00
4148.3999       6.87705231E+00
4149.7998       6.85407066E+00
4151.2002       6.84635544E+00
4152.6001       6.86227798E+00
4154.0000       6.85193729E+00
4155.3999       6.83026886E+00
4156.7998       6.82567310E+00
4158.2002       6.85226536E+00
4159.6001       6.89461613E+00
4161.0000       6.91611958E+00
4162.3999       6.93302727E+00
4163.7998       6.92252159E+00
4165.2002       6.90364456E+00
4166.6001       6.89412308E+00
4168.0000       6.87196350E+00
4169.3999       6.87442589E+00
4170.7998       6.87048626E+00
4172.2002       6.82912064E+00
4173.6001       6.78447151E+00
4175.0000       6.79103756E+00
4176.3999       6.79990196E+00
4177.7998       6.80137920E+00
4179.2002       6.81451035E+00
4180.6001       6.83470154E+00
4182.0000       6.83371639E+00
4183.3999       6.82321072E+00
4184.7998       6.83814812E+00
4186.2002       6.84455013E+00
4187.6001       6.84028244E+00
4189.0000       6.85226536E+00
4190.3999       6.86900902E+00
4191.7998       6.87623119E+00
4193.2002       6.89018345E+00
4194.6001       6.90118217E+00
4196.0000       6.88328934E+00
4197.3999       6.84340096E+00
4198.7998       6.79596233E+00
4200.2002       6.77708435E+00
4201.6001       6.78578472E+00
4203.0000       6.79514122E+00
4204.3999       6.80285645E+00
4205.7998       6.81270504E+00
4207.2002       6.84290886E+00
4208.6001       6.86441231E+00
4210.0000       6.88706493E+00
4211.3999       6.89871979E+00
4212.7998       6.86687469E+00
4214.2002       6.83453751E+00
4215.6001       6.82403183E+00
4217.0000       6.83338833E+00
4218.3999       6.85538387E+00
4219.7998       6.88049889E+00
4221.2002       6.90922546E+00
4222.6001       6.89806271E+00
4224.0000       6.83207512E+00
4225.3999       6.76657867E+00
4226.7998       6.73768902E+00
4228.2002       6.75952053E+00
4229.6001       6.82025623E+00
4231.0000       6.86441231E+00
4232.3999       6.87196350E+00
4233.7998       6.87360477E+00
4235.2002       6.86556149E+00
4236.6001       6.84044647E+00
4238.0000       6.79825974E+00
4239.3999       6.78726196E+00
4240.7998       6.79530525E+00
4242.2002       6.80187130E+00
4243.6001       6.79546928E+00
4245.0000       6.80581093E+00
4246.3999       6.82518101E+00
4247.7998       6.80827332E+00
4249.2002       6.79464912E+00
4250.6001       6.80679607E+00
4252.0000       6.82862759E+00
4253.3999       6.84028244E+00
4254.7998       6.82780743E+00
4256.2002       6.83043289E+00
4257.6001       6.81894302E+00
4259.0000       6.80072212E+00
4260.3999       6.75180531E+00
4261.7998       6.77035427E+00
4263.2002       6.80810928E+00
4264.6001       6.83749199E+00
4266.0000       6.85472775E+00
4267.3999       6.84241676E+00
4268.7998       6.80613899E+00
4270.2002       6.76674366E+00
4271.6001       6.72800446E+00
4273.0000       6.74064350E+00
4274.3999       6.77560711E+00
4275.7998       6.80400562E+00
4277.2002       6.82862759E+00
4278.6001       6.82518101E+00
4280.0000       6.80498981E+00
4281.3999       6.80105019E+00
4282.7998       6.79842377E+00
4284.2002       6.79514122E+00
4285.6001       6.77987480E+00
4287.0000       6.75377560E+00
4288.3999       6.72718334E+00
4289.7998       6.69402504E+00
4291.2002       6.70206833E+00
4292.6001       6.74392605E+00
4294.0000       6.76280403E+00
4295.3999       6.73933029E+00
4296.7998       6.69320393E+00
4298.2002       6.63296127E+00
4299.6001       6.57649422E+00
4301.0000       6.54300690E+00
4302.3999       6.53020382E+00
4303.7998       6.54464912E+00
4305.2002       6.55810928E+00
4306.6001       6.54858875E+00
4308.0000       6.52823353E+00
4309.3999       6.52511501E+00
4310.7998       6.55219936E+00
4312.2002       6.59290886E+00
4313.6001       6.66152382E+00
4315.0000       6.75837135E+00
4316.3999       6.85768223E+00
4317.7998       6.92399883E+00
4319.2002       6.92826653E+00
4320.6001       6.88887024E+00
4322.0000       6.84258080E+00
4323.3999       6.80023003E+00
4324.7998       6.76822090E+00
4326.2002       6.78184509E+00
4327.6001       6.84602737E+00
4329.0000       6.90331554E+00
4330.3999       6.91447830E+00
4331.7998       6.91661167E+00
4333.2002       6.92449093E+00
4334.6001       6.90249538E+00
4336.0000       6.85915947E+00
4337.3999       6.80663204E+00
4338.7998       6.75196934E+00
4340.2002       6.72110939E+00
4341.6001       6.73850918E+00
4343.0000       6.78906727E+00
4344.3999       6.85128021E+00
4345.7998       6.88312531E+00
4347.2002       6.88772202E+00
4348.6001       6.89806271E+00
4350.0000       6.88805008E+00
4351.3999       6.85292149E+00
4352.7998       6.85259342E+00
4354.2002       6.85719013E+00
4355.6001       6.86671066E+00
4357.0000       6.88345337E+00
4358.3999       6.88017082E+00
4359.7998       6.90167427E+00
4361.2002       6.91168785E+00
4362.6001       6.91792488E+00
4364.0000       6.94024944E+00
4365.3999       6.95305347E+00
4366.7998       6.92071533E+00
4368.2002       6.88575172E+00
4369.6001       6.86933708E+00
4371.0000       6.88066292E+00
4372.3999       6.88066292E+00
4373.7998       6.87655926E+00
4375.2002       6.86556149E+00
4376.6001       6.87787247E+00
4378.0000       6.89543629E+00
4379.3999       6.89609337E+00
4380.7998       6.87918568E+00
4382.2002       6.83585072E+00
4383.6001       6.79464912E+00
4385.0000       6.79645443E+00
4386.3999       6.82682228E+00
4387.7998       6.87344074E+00
4389.2002       6.86096478E+00
4390.6001       6.85423470E+00
4392.0000       6.86326313E+00
4393.3999       6.85965157E+00
4394.7998       6.85489178E+00
4396.2002       6.87541008E+00
4397.6001       6.88558769E+00
4399.0000       6.87623119E+00
4400.3999       6.85423470E+00
4401.7998       6.84061050E+00
4403.2002       6.85456371E+00
4404.6001       6.87196350E+00
4406.0000       6.87934971E+00
4407.3999       6.86966515E+00
4408.7998       6.87212753E+00
4410.2002       6.90659904E+00
4411.6001       6.94271183E+00
4413.0000       6.96979618E+00
4414.3999       6.96454334E+00
4415.7998       6.94747257E+00
4417.2002       6.94829273E+00
4418.6001       6.94911385E+00
4420.0000       6.94665146E+00
4421.3999       6.93089294E+00
4422.7998       6.91776085E+00
4424.2002       6.93023682E+00
4425.6001       6.95535088E+00
4427.0000       6.98030186E+00
4428.3999       6.98686790E+00
4429.7998       6.95518684E+00
4431.2002       6.93269825E+00
4432.6001       6.93089294E+00
4434.0000       6.91152382E+00
4435.3999       6.90413666E+00
4436.7998       6.92875862E+00
4438.2002       6.96306610E+00
4439.6001       6.98391342E+00
4441.0000       6.97406483E+00
4442.3999       6.94697952E+00
4443.7998       6.93483257E+00
4445.2002       6.95387363E+00
4446.6001       6.98982239E+00
4448.0000       7.00476074E+00
4449.3999       7.00492477E+00
4450.7998       6.99688148E+00
4452.2002       6.97800446E+00
4453.6001       6.93253422E+00
4455.0000       6.90906143E+00
4456.3999       6.89888382E+00
4457.7998       6.90413666E+00
4459.2002       6.88296127E+00
4460.6001       6.87869358E+00
4462.0000       6.88673687E+00
4463.3999       6.90627098E+00
4464.7998       6.94501019E+00
4466.2002       6.94303989E+00
4467.6001       6.93516064E+00
4469.0000       6.93023682E+00
4470.3999       6.91940212E+00
4471.7998       6.96979618E+00
4473.2002       7.00164127E+00
4474.6001       7.02527905E+00
4476.0000       7.04349995E+00
4477.3999       7.05072212E+00
4478.7998       7.02183151E+00
4480.2002       6.99343395E+00
4481.6001       6.97242260E+00
4483.0000       6.96815491E+00
4484.3999       7.00869942E+00
4485.7998       7.02692032E+00
4487.2002       7.01625061E+00
4488.6001       6.97980976E+00
4490.0000       6.95321751E+00
4491.3999       6.96536446E+00
4492.7998       6.98013783E+00
4494.2002       6.99523926E+00
4495.6001       7.00869942E+00
4497.0000       7.01395226E+00
4498.3999       7.04497719E+00
4499.7998       7.04908085E+00
4501.2002       7.03348637E+00
4502.6001       7.02806950E+00
4504.0000       7.04087353E+00
4505.3999       7.07124138E+00
4506.7998       7.08896923E+00
4508.2002       7.08174706E+00
4509.6001       7.09783363E+00
4511.0000       7.10751820E+00
4512.3999       7.08322430E+00
4513.7998       7.03102398E+00
4515.2002       7.01477337E+00
4516.6001       7.01526642E+00
4518.0000       7.02166748E+00
4519.3999       7.04760361E+00
4520.7998       7.06237698E+00
4522.2002       7.04349995E+00
4523.6001       7.01871300E+00
4525.0000       6.99310589E+00
4526.3999       6.95223236E+00
4527.7998       6.92334175E+00
4529.2002       6.92038727E+00
4530.6001       6.92875862E+00
4532.0000       6.93105698E+00
4533.3999       6.92908764E+00
4534.7998       6.92481995E+00
4536.2002       6.95912647E+00
4537.6001       7.01346016E+00
4539.0000       7.02954674E+00
4540.3999       7.03660583E+00
4541.7998       7.02626419E+00
4543.2002       7.00410366E+00
4544.6001       6.98752499E+00
4546.0000       6.99064350E+00
4547.3999       6.99737358E+00
4548.7998       6.98342133E+00
4550.2002       6.96618557E+00
4551.6001       6.97849655E+00
4553.0000       6.98719597E+00
4554.3999       6.98588276E+00
4555.7998       6.99737358E+00
4557.2002       7.03447151E+00
4558.6001       7.05745220E+00
4560.0000       7.06122780E+00
4561.3999       7.05958652E+00
4562.7998       7.05712414E+00
4564.2002       7.03660583E+00
4565.6001       7.02380180E+00
4567.0000       7.04218674E+00
4568.3999       7.05958652E+00
4569.7998       7.03923225E+00
4571.2002       7.00410366E+00
4572.6001       7.01378822E+00
4574.0000       7.04202271E+00
4575.3999       7.07189751E+00
4576.7998       7.08749199E+00
4578.2002       7.07206154E+00
4579.6001       7.03299427E+00
4581.0000       7.01526642E+00
4582.3999       7.01953411E+00
4583.7998       7.03791809E+00
4585.2002       7.02659225E+00
4586.6001       7.03627682E+00
4588.0000       7.06237698E+00
4589.3999       7.06467533E+00
4590.7998       7.03200912E+00
4592.2002       7.01362419E+00
4593.6001       7.02495098E+00
4595.0000       7.03956032E+00
4596.3999       7.02347374E+00
4597.7998       7.00656605E+00
4599.2002       7.02363777E+00
4600.6001       7.03726196E+00
4602.0000       7.04284286E+00
4603.3999       7.04185867E+00
4604.7998       7.01756382E+00
4606.2002       7.04317093E+00
4607.6001       7.08273125E+00
4609.0000       7.10062408E+00
4610.3999       7.09011841E+00
4611.7998       7.05121422E+00
4613.2002       7.04514122E+00
4614.6001       7.02035427E+00
4616.0000       7.00738716E+00
4617.3999       7.01001358E+00
4618.7998       7.01116180E+00
4620.2002       7.03053188E+00
4621.6001       7.05236435E+00
4623.0000       7.04743958E+00
4624.3999       7.02593613E+00
4625.7998       7.02495098E+00
4627.2002       7.04629040E+00
4628.6001       7.04415607E+00
4630.0000       7.03512764E+00
4631.3999       7.04300690E+00
4632.7998       7.04530525E+00
4634.2002       7.04235077E+00
4635.6001       7.03676987E+00
4637.0000       7.03463554E+00
4638.3999       7.03956032E+00
4639.7998       7.03873920E+00
4641.2002       7.03102398E+00
4642.6001       7.04497719E+00
4644.0000       7.06713676E+00
4645.3999       7.07156944E+00
4646.7998       7.05696011E+00
4648.2002       7.04317093E+00
4649.6001       7.04382801E+00
4651.0000       7.04300690E+00
4652.3999       7.04169369E+00
4653.7998       7.03315830E+00
4655.2002       7.01477337E+00
4656.6001       7.01050568E+00
4658.0000       7.03512764E+00
4659.3999       7.06352615E+00
4660.7998       7.07435989E+00
4662.2002       7.07074833E+00
4663.6001       7.08896923E+00
4665.0000       7.10210133E+00
4666.3999       7.04891682E+00
4667.7998       6.99720955E+00
4669.2002       6.98834515E+00
4670.6001       7.00689411E+00
4672.0000       7.01838493E+00
4673.3999       7.04087353E+00
4674.7998       7.05416965E+00
4676.2002       7.07616520E+00
4677.6001       7.07616520E+00
4679.0000       7.04825974E+00
4680.3999       7.01674366E+00
4681.7998       7.02068329E+00
4683.2002       7.04185867E+00
4684.6001       7.04629040E+00
4686.0000       7.04317093E+00
4687.3999       7.05843735E+00
4688.7998       7.06500340E+00
4690.2002       7.06369019E+00
4691.6001       7.04875278E+00
4693.0000       7.06139183E+00
4694.3999       7.11080074E+00
4695.7998       7.12951469E+00
4697.2002       7.11621857E+00
4698.6001       7.09241676E+00
4700.0000       7.05498981E+00
4701.3999       7.02051926E+00
4702.7998       7.02856255E+00
4704.2002       7.02495098E+00
4705.6001       7.00787926E+00
4707.0000       7.00114918E+00
4708.3999       6.99244881E+00
4709.7998       6.98801708E+00
4711.2002       7.02232456E+00
4712.6001       7.04661846E+00
4714.0000       7.05712414E+00
4715.3999       7.05269241E+00
4716.7998       7.04990196E+00
4718.2002       7.08880520E+00
4719.6001       7.10407066E+00
4721.0000       7.08125401E+00
4722.3999       7.06730175E+00
4723.7998       7.08059788E+00
4725.2002       7.06254101E+00
4726.6001       7.02610016E+00
4728.0000       6.99146461E+00
4729.3999       6.99064350E+00
4730.7998       7.00820732E+00
4732.2002       6.99802971E+00
4733.6001       6.98752499E+00
4735.0000       6.99097157E+00
4736.3999       7.00656605E+00
4737.7998       7.04317093E+00
4739.2002       7.07468796E+00
4740.6001       7.08979034E+00
4742.0000       7.09307289E+00
4743.3999       7.10029602E+00
4744.7998       7.10948753E+00
4746.2002       7.09389400E+00
4747.6001       7.06927109E+00
4749.0000       7.06845093E+00
4750.3999       7.10013103E+00
4751.7998       7.12393284E+00
4753.2002       7.09455013E+00
4754.6001       7.04743958E+00
4756.0000       7.02774143E+00
4757.3999       7.04267883E+00
4758.7998       7.06303310E+00
4760.2002       7.03020382E+00
4761.6001       6.98867416E+00
4763.0000       6.98358536E+00
4764.3999       6.99556828E+00
4765.7998       7.02445793E+00
4767.2002       7.06057167E+00
4768.6001       7.06943512E+00
4770.0000       7.05892944E+00
4771.3999       7.06270504E+00
4772.7998       7.04546928E+00
4774.2002       7.06221294E+00
4775.6001       7.10374260E+00
4777.0000       7.08388042E+00
4778.3999       7.06369019E+00
4779.7998       7.06812191E+00
4781.2002       7.07288265E+00
4782.6001       7.07009220E+00
4784.0000       7.06401825E+00
4785.3999       7.05236435E+00
4786.7998       7.02511501E+00
4788.2002       7.01592255E+00
4789.6001       7.01362419E+00
4791.0000       7.02954674E+00
4792.3999       7.07501602E+00
4793.7998       7.09783363E+00
4795.2002       7.10915947E+00
4796.6001       7.10390663E+00
4798.0000       7.08059788E+00
4799.3999       7.06221294E+00
4800.7998       7.06352615E+00
4802.2002       7.09717655E+00
4803.6001       7.12097836E+00
4805.0000       7.11424828E+00
4806.3999       7.08108997E+00
4807.7998       7.05564690E+00
4809.2002       7.04957294E+00
4810.6001       7.04727554E+00
4812.0000       7.05613899E+00
4813.3999       7.09258080E+00
4814.7998       7.11162186E+00
4816.2002       7.09175968E+00
4817.6001       7.10325050E+00
4819.0000       7.12655926E+00
4820.3999       7.10308647E+00
4821.7998       7.06845093E+00
4823.2002       7.05728817E+00
4824.6001       7.07042027E+00
4826.0000       7.09110355E+00
4827.3999       7.06680870E+00
4828.7998       7.04711151E+00
4830.2002       7.02462292E+00
4831.6001       7.00459671E+00
4833.0000       6.96864700E+00
4834.3999       6.99655247E+00
4835.7998       7.04185867E+00
4837.2002       7.05975056E+00
4838.6001       7.05466175E+00
4840.0000       7.04120159E+00
4841.3999       7.03315830E+00
4842.7998       7.01395226E+00
4844.2002       7.03824711E+00
4845.6001       7.07074833E+00
4847.0000       7.07321072E+00
4848.3999       7.07715034E+00
4849.7998       7.06943512E+00
4851.2002       7.06877899E+00
4852.6001       7.06828594E+00
4854.0000       7.07600117E+00
4855.3999       7.05137920E+00
4856.7998       7.01214695E+00
4858.2002       7.00049210E+00
4859.6001       6.96273804E+00
4861.0000       6.90118217E+00
4862.3999       6.85423470E+00
4863.7998       6.87065029E+00
4865.2002       6.93319130E+00
4866.6001       6.98440552E+00
4868.0000       7.01362419E+00
4869.3999       7.01493740E+00
4870.7998       6.99064350E+00
4872.2002       6.96799088E+00
4873.6001       6.96963215E+00
4875.0000       6.98752499E+00
4876.3999       7.00049210E+00
4877.7998       7.01772785E+00
4879.2002       7.03332233E+00
4880.6001       7.02133942E+00
4882.0000       7.00311852E+00
4883.3999       6.99934387E+00
4884.7998       7.00295448E+00
4886.2002       7.00361156E+00
4887.6001       6.99015141E+00
4889.0000       6.97110939E+00
4890.3999       6.95781326E+00
4891.7998       6.94714355E+00
4893.2002       6.96963215E+00
4894.6001       7.02708435E+00
4896.0000       7.06845093E+00
4897.3999       7.10636902E+00
4898.7998       7.10948753E+00
4900.2002       7.07058430E+00
4901.6001       7.06762981E+00
4903.0000       7.06254101E+00
4904.3999       7.05318451E+00
4905.7998       7.04349995E+00
4907.2002       7.04399204E+00
4908.6001       7.03775406E+00
4910.0000       7.04481316E+00
4911.3999       7.03808308E+00
4912.7998       7.04448509E+00
4914.2002       7.06894302E+00
4915.6001       7.07829952E+00
4917.0000       7.06204891E+00
4918.3999       7.02281666E+00
4919.7998       6.98489857E+00
4921.2002       6.98736095E+00
4922.6001       7.00574493E+00
4924.0000       7.01214695E+00
4925.3999       7.00804329E+00
4926.7998       7.04661846E+00
4928.2002       7.06434631E+00
4929.6001       7.08782005E+00
4931.0000       7.10325050E+00
4932.3999       7.06927109E+00
4933.7998       7.03365040E+00
4935.2002       7.01247597E+00
4936.6001       7.03003979E+00
4938.0000       7.02839756E+00
4939.3999       7.01378822E+00
4940.7998       7.02150345E+00
4942.2002       7.04235077E+00
4943.6001       7.07386780E+00
4945.0000       7.04267883E+00
4946.3999       7.05761623E+00
4947.7998       7.06828594E+00
4949.2002       7.07156944E+00
4950.6001       7.05285645E+00
4952.0000       7.03841114E+00
4953.3999       7.03759003E+00
4954.7998       7.05285645E+00
4956.2002       7.06467533E+00
4957.6001       7.04366398E+00
4959.0000       7.04399204E+00
4960.3999       7.08240318E+00
4961.7998       7.09553528E+00
4963.2002       7.10407066E+00
4964.6001       7.10390663E+00
4966.0000       7.10521984E+00
4967.3999       7.08814812E+00
4968.7998       7.06565952E+00
4970.2002       7.05187130E+00
4971.6001       7.04563332E+00
4973.0000       7.06894302E+00
4974.3999       7.06648064E+00
4975.7998       7.07074833E+00
4977.2002       7.07058430E+00
4978.6001       7.03168106E+00
4980.0000       6.98243618E+00
4981.3999       6.94697952E+00
4982.7998       6.95009804E+00
4984.2002       6.96914005E+00
4985.6001       6.98900223E+00
4987.0000       7.01460934E+00
4988.3999       7.03988838E+00
4989.7998       7.05055809E+00
4991.2002       7.02593613E+00
4992.6001       7.00558090E+00
4994.0000       6.99917889E+00
4995.3999       7.00131321E+00
4996.7998       7.02051926E+00
4998.2002       7.01937008E+00
4999.6001       7.01050568E+00
5001.0000       7.00705814E+00
5002.3999       7.02117538E+00
5003.7998       7.04776764E+00
5005.2002       7.03742599E+00
5006.6001       7.02806950E+00
5008.0000       7.05203533E+00
5009.3999       7.05925846E+00
5010.7998       7.03036785E+00
5012.2002       6.99638844E+00
5013.6001       6.97603416E+00
5015.0000       6.96799088E+00
5016.3999       6.96716976E+00
5017.7998       6.97570610E+00
5019.2002       6.99212074E+00
5020.6001       6.99885082E+00
5022.0000       6.97619820E+00
5023.3999       6.99753761E+00
5024.7998       7.02774143E+00
5026.2002       7.04481316E+00
5027.6001       7.04546928E+00
5029.0000       7.02150345E+00
5030.3999       7.02084732E+00
5031.7998       7.02905464E+00
5033.2002       7.06401825E+00
5034.6001       7.04973793E+00
5036.0000       7.01280403E+00
5037.3999       6.99950790E+00
5038.7998       6.99195671E+00
5040.2002       6.98768902E+00
5041.6001       6.97422886E+00
5043.0000       7.02790546E+00
5044.3999       7.07912064E+00
5045.7998       7.06795788E+00
5047.2002       7.04448509E+00
5048.6001       6.99917889E+00
5050.0000       6.99523926E+00
5051.3999       7.00000000E+00
5052.7998       7.01526642E+00
5054.2002       7.04546928E+00
5055.6001       7.05794525E+00
5057.0000       7.05219936E+00
5058.3999       7.05105019E+00
5059.7998       7.06139183E+00
5061.2002       7.07797146E+00
5062.6001       7.07337475E+00
5064.0000       7.04694653E+00
5065.3999       7.01707172E+00
5066.7998       7.01181889E+00
5068.2002       7.00853539E+00
5069.6001       6.99474716E+00
5071.0000       6.99047947E+00
5072.3999       7.02281666E+00
5073.7998       7.03611279E+00
5075.2002       7.03299427E+00
5076.6001       7.02101135E+00
5078.0000       6.97488499E+00
5079.3999       6.93877220E+00
5080.7998       6.97160244E+00
5082.2002       7.00919247E+00
5083.6001       7.00837135E+00
5085.0000       7.01739979E+00
5086.3999       7.03693390E+00
5087.7998       7.05006599E+00
5089.2002       7.05564690E+00
5090.6001       7.07222557E+00
5092.0000       7.08683491E+00
5093.3999       7.07698631E+00
5094.7998       7.04694653E+00
5096.2002       6.99622440E+00
5097.6001       6.96060371E+00
5099.0000       6.98933029E+00
5100.3999       7.03332233E+00
5101.7998       7.07238960E+00
5103.2002       7.08388042E+00
5104.6001       7.06385422E+00
5106.0000       7.02823353E+00
5107.3999       6.99064350E+00
5108.7998       6.97915268E+00
5110.2002       6.99704552E+00
5111.6001       7.03414345E+00
5113.0000       7.05778122E+00
5114.3999       7.06319809E+00
5115.7998       7.07780647E+00
5117.2002       7.09701252E+00
5118.6001       7.09619141E+00
5120.0000       7.06631660E+00
5121.3999       7.03693390E+00
5122.7998       7.02527905E+00
5124.2002       7.01329613E+00
5125.6001       7.00344753E+00
5127.0000       7.01247597E+00
5128.3999       6.98653984E+00
5129.7998       6.96388721E+00
5131.2002       6.96930408E+00
5132.6001       6.99720955E+00
5134.0000       7.01526642E+00
5135.3999       7.01543045E+00
5136.7998       7.00705814E+00
5138.2002       6.99573231E+00
5139.6001       6.99080753E+00
5141.0000       7.00000000E+00
5142.3999       6.97324371E+00
5143.7998       6.97143841E+00
5145.2002       6.98850918E+00
5146.6001       7.01083374E+00
5148.0000       6.99852276E+00
5149.3999       7.00558090E+00
5150.7998       7.01264000E+00
5152.2002       6.99491119E+00
5153.6001       6.97882462E+00
5155.0000       6.99917889E+00
5156.3999       7.02330971E+00
5157.7998       7.04021645E+00
5159.2002       7.06106377E+00
5160.6001       7.07715034E+00
5162.0000       7.05794525E+00
5163.3999       7.02527905E+00
5164.7998       6.97176647E+00
5166.2002       6.89527225E+00
5167.6001       6.84668446E+00
5169.0000       6.84980297E+00
5170.3999       6.87836552E+00
5171.7998       6.88164806E+00
5173.2002       6.88969135E+00
5174.6001       6.93778706E+00
5176.0000       7.00443172E+00
5177.3999       7.04218674E+00
5178.7998       7.02314568E+00
5180.2002       6.98407745E+00
5181.6001       6.93138504E+00
5183.0000       6.88542366E+00
5184.3999       6.86818790E+00
5185.7998       6.88821411E+00
5187.2002       6.94517422E+00
5188.6001       6.98473454E+00
5190.0000       6.99737358E+00
5191.3999       6.97866058E+00
5192.7998       6.95288944E+00
5194.2002       6.97816849E+00
5195.6001       6.99343395E+00
5197.0000       7.01083374E+00
5198.3999       7.01526642E+00
5199.7998       7.00902843E+00
5201.2002       7.00623798E+00
5202.6001       7.00098515E+00
5204.0000       6.99113560E+00
5205.3999       6.99704552E+00
5206.7998       6.97488499E+00
5208.2002       6.95978355E+00
5209.6001       6.97734737E+00
5211.0000       7.01707172E+00
5212.3999       7.03168106E+00
5213.7998       7.01181889E+00
5215.2002       7.00459671E+00
5216.6001       6.99934387E+00
5218.0000       6.99638844E+00
5219.3999       6.98276424E+00
5220.7998       6.99786568E+00
5222.2002       7.01723576E+00
5223.6001       7.01575851E+00
5225.0000       6.96963215E+00
5226.3999       6.95108318E+00
5227.7998       6.96585655E+00
5229.2002       6.98374939E+00
5230.6001       7.02051926E+00
5232.0000       7.02002621E+00
5233.3999       6.98867416E+00
5234.7998       6.98998642E+00
5236.2002       7.00459671E+00
5237.6001       7.01953411E+00
5239.0000       7.00443172E+00
5240.3999       6.99589634E+00
5241.7998       6.99967194E+00
5243.2002       6.99885082E+00
5244.6001       7.00952053E+00
5246.0000       7.00919247E+00
5247.3999       7.00476074E+00
5248.7998       6.99425507E+00
5250.2002       6.97948170E+00
5251.6001       6.98325729E+00
5253.0000       7.00508881E+00
5254.3999       7.01346016E+00
5255.7998       7.01723576E+00
5257.2002       7.03824711E+00
5258.6001       7.05088615E+00
5260.0000       7.03759003E+00
5261.3999       7.00689411E+00
5262.7998       6.96733379E+00
5264.2002       6.91234398E+00
5265.6001       6.88722897E+00
5267.0000       6.91152382E+00
5268.3999       6.93335533E+00
5269.7998       6.92843056E+00
5271.2002       6.92416286E+00
5272.6001       6.95321751E+00
5274.0000       6.97176647E+00
5275.3999       6.96979618E+00
5276.7998       6.97225857E+00
5278.2002       6.98916626E+00
5279.6001       6.97849655E+00
5281.0000       6.97012520E+00
5282.3999       6.95863438E+00
5283.7998       6.95600796E+00
5285.2002       6.96487236E+00
5286.6001       6.98522663E+00
5288.0000       7.01001358E+00
5289.3999       7.03562069E+00
5290.7998       7.04776764E+00
5292.2002       7.04169369E+00
5293.6001       7.03512764E+00
5295.0000       7.02642822E+00
5296.3999       7.00393963E+00
5297.7998       6.98407745E+00
5299.2002       6.99491119E+00
5300.6001       7.00295448E+00
5302.0000       6.99934387E+00
5303.3999       7.00787926E+00
5304.7998       7.01346016E+00
5306.2002       7.00952053E+00
5307.6001       7.02035427E+00
5309.0000       7.05252838E+00
5310.3999       7.06057167E+00
5311.7998       7.05121422E+00
5313.2002       7.03562069E+00
5314.6001       7.00525284E+00
5316.0000       6.98982239E+00
5317.3999       6.99113560E+00
5318.7998       7.00197029E+00
5320.2002       7.00984955E+00
5321.6001       7.00574493E+00
5323.0000       6.98473454E+00
5324.3999       6.96733379E+00
5325.7998       6.97275162E+00
5327.2002       6.95354557E+00
5328.6001       6.92153645E+00
5330.0000       6.93319130E+00
5331.3999       6.96848297E+00
5332.7998       6.99031544E+00
5334.2002       7.00393963E+00
5335.6001       7.00295448E+00
5337.0000       6.99819469E+00
5338.3999       6.99130058E+00
5339.7998       6.99244881E+00
5341.2002       7.00229836E+00
5342.6001       7.00246239E+00
5344.0000       7.00131321E+00
5345.3999       6.98637581E+00
5346.7998       6.98342133E+00
5348.2002       6.99720955E+00
5349.6001       7.01198292E+00
5351.0000       7.02199650E+00
5352.3999       7.04661846E+00
5353.7998       7.06877899E+00
5355.2002       7.06286907E+00
5356.6001       7.05466175E+00
5358.0000       7.05252838E+00
5359.3999       7.04973793E+00
5360.7998       7.02938271E+00
5362.2002       7.01149082E+00
5363.6001       7.01181889E+00
5365.0000       7.01641464E+00
5366.3999       7.01657867E+00
5367.7998       7.00656605E+00
5369.2002       6.99310589E+00
5370.6001       6.99015141E+00
5372.0000       6.99425507E+00
5373.3999       7.01805687E+00
5374.7998       7.03151703E+00
5376.2002       7.01395226E+00
5377.6001       7.01723576E+00
5379.0000       7.01247597E+00
5380.3999       7.00049210E+00
5381.7998       6.99573231E+00
5383.2002       7.00886440E+00
5384.6001       7.03397942E+00
5386.0000       7.03447151E+00
5387.3999       7.01395226E+00
5388.7998       7.00328255E+00
5390.2002       7.00426769E+00
5391.6001       7.00328255E+00
5393.0000       6.99179268E+00
5394.3999       6.96864700E+00
5395.7998       6.96700573E+00
5397.2002       6.97619820E+00
5398.6001       6.98112297E+00
5400.0000       6.97948170E+00
5401.3999       6.96487236E+00
5402.7998       6.96520042E+00
5404.2002       6.95748520E+00
5405.6001       6.94501019E+00
5407.0000       6.97422886E+00
5408.3999       6.99425507E+00
5409.7998       6.99047947E+00
5411.2002       6.98391342E+00
5412.6001       6.98013783E+00
5414.0000       6.99753761E+00
5415.3999       7.01313210E+00
5416.7998       7.01739979E+00
5418.2002       7.02560711E+00
5419.6001       7.02774143E+00
5421.0000       7.03020382E+00
5422.3999       7.04875278E+00
5423.7998       7.03233719E+00
5425.2002       7.02692032E+00
5426.6001       7.02445793E+00
5428.0000       7.00837135E+00
5429.3999       6.99720955E+00
5430.7998       6.97110939E+00
5432.2002       6.98128700E+00
5433.6001       7.01083374E+00
5435.0000       7.00804329E+00
5436.3999       7.00344753E+00
5437.7998       7.02265263E+00
5439.2002       7.04136562E+00
5440.6001       7.05581093E+00
5442.0000       7.04694653E+00
5443.3999       7.02265263E+00
5444.7998       7.00377560E+00
5446.2002       6.97340775E+00
5447.6001       6.96503639E+00
5449.0000       6.99031544E+00
5450.3999       7.01198292E+00
5451.7998       7.01838493E+00
5453.2002       7.00673008E+00
5454.6001       6.97718334E+00
5456.0000       6.96634960E+00
5457.3999       6.98177910E+00
5458.7998       7.00131321E+00
5460.2002       7.01772785E+00
5461.6001       7.00590897E+00
5463.0000       6.99507523E+00
5464.3999       6.98292828E+00
5465.7998       6.99179268E+00
5467.2002       7.01887703E+00
5468.6001       7.01904106E+00
5470.0000       7.02281666E+00
5471.3999       7.02806950E+00
5472.7998       7.00935650E+00
5474.2002       7.02511501E+00
5475.6001       7.00164127E+00
5477.0000       6.96914005E+00
5478.3999       6.97012520E+00
5479.7998       6.98194313E+00
5481.2002       6.98785305E+00
5482.6001       7.00164127E+00
5484.0000       7.01116180E+00
5485.3999       7.01608658E+00
5486.7998       7.01296806E+00
5488.2002       6.99819469E+00
5489.6001       6.97028923E+00
5491.0000       6.98342133E+00
5492.3999       7.00065613E+00
5493.7998       7.01346016E+00
5495.2002       7.01838493E+00
5496.6001       7.02314568E+00
5498.0000       7.00804329E+00
5499.3999       7.00886440E+00
5500.7998       7.01428127E+00
5502.2002       7.00886440E+00
5503.6001       7.00279045E+00
5505.0000       7.00082111E+00
5506.3999       6.99606037E+00
5507.7998       6.97127342E+00
5509.2002       6.99113560E+00
5510.6001       7.01165485E+00
5512.0000       7.01378822E+00
5513.3999       7.00574493E+00
5514.7998       7.01378822E+00
5516.2002       7.02265263E+00
5517.6001       7.03020382E+00
5519.0000       7.05466175E+00
5520.3999       7.05006599E+00
5521.7998       7.04300690E+00
5523.2002       7.04858875E+00
5524.6001       7.01690769E+00
5526.0000       6.98571873E+00
5527.3999       6.98260021E+00
5528.7998       6.99113560E+00
5530.2002       6.99606037E+00
5531.6001       7.00164127E+00
5533.0000       7.00673008E+00
5534.3999       7.00049210E+00
5535.7998       6.99474716E+00
5537.2002       7.00689411E+00
5538.6001       7.03283024E+00
5540.0000       7.04349995E+00
5541.3999       7.03414345E+00
5542.7998       7.01756382E+00
5544.2002       7.01050568E+00
5545.6001       7.01887703E+00
5547.0000       7.01937008E+00
5548.3999       7.01017761E+00
5549.7998       7.00869942E+00
5551.2002       6.99835873E+00
5552.6001       6.98063087E+00
5554.0000       6.98588276E+00
5555.3999       7.00000000E+00
5556.7998       7.01149082E+00
5558.2002       7.01526642E+00
5559.6001       7.01575851E+00
5561.0000       7.01493740E+00
5562.3999       6.99983597E+00
5563.7998       6.97652626E+00
5565.2002       6.97094536E+00
5566.6001       6.96634960E+00
5568.0000       6.98260021E+00
5569.3999       7.00459671E+00
5570.7998       7.00804329E+00
5572.2002       7.01559448E+00
5573.6001       7.01460934E+00
5575.0000       7.01247597E+00
5576.3999       7.00722313E+00
5577.7998       6.99819469E+00
5579.2002       7.00607300E+00
5580.6001       7.00213432E+00
5582.0000       7.00607300E+00
5583.3999       7.01231098E+00
5584.7998       6.99720955E+00
5586.2002       6.97176647E+00
5587.6001       6.95978355E+00
5589.0000       6.94254780E+00
5590.3999       6.93745899E+00
5591.7998       6.95190430E+00
5593.2002       6.97800446E+00
5594.6001       6.99753761E+00
5596.0000       6.99770164E+00
5597.3999       7.00574493E+00
5598.7998       7.00131321E+00
5600.2002       6.99441910E+00
5601.6001       6.98095894E+00
5603.0000       6.94976997E+00
5604.3999       6.95797729E+00
5605.7998       6.99162865E+00
5607.2002       7.01132584E+00
5608.6001       7.03578472E+00
5610.0000       7.02396584E+00
5611.3999       7.02051926E+00
5612.7998       7.02987480E+00
5614.2002       7.01034164E+00
5615.6001       7.00098515E+00
5617.0000       7.00853539E+00
5618.3999       7.00574493E+00
5619.7998       6.99802971E+00
5621.2002       7.00098515E+00
5622.6001       7.00426769E+00
5624.0000       6.99770164E+00
5625.3999       6.98177910E+00
5626.7998       6.96782684E+00
5628.2002       6.99212074E+00
5629.6001       7.02954674E+00
5631.0000       7.03693390E+00
5632.3999       7.03594875E+00
5633.7998       7.02577114E+00
5635.2002       7.00607300E+00
5636.6001       6.99080753E+00
5638.0000       6.98637581E+00
5639.3999       6.99113560E+00
5640.7998       6.97537804E+00
5642.2002       6.96487236E+00
5643.6001       6.97554207E+00
5645.0000       6.99162865E+00
5646.3999       7.00279045E+00
5647.7998       6.99491119E+00
5649.2002       6.99277782E+00
5650.6001       6.99409103E+00
5652.0000       6.98161507E+00
5653.3999       6.99162865E+00
5654.7998       6.98933029E+00
5656.2002       6.96503639E+00
5657.6001       6.94238377E+00
5659.0000       6.93516064E+00
5660.3999       6.95600796E+00
5661.7998       6.95896244E+00
5663.2002       6.95518684E+00
5664.6001       6.98703194E+00
5666.0000       6.99441910E+00
5667.3999       6.98670387E+00
5668.7998       6.98456955E+00
5670.2002       6.97504902E+00
5671.6001       7.00098515E+00
5673.0000       7.01378822E+00
5674.3999       7.00837135E+00
5675.7998       7.02216053E+00
5677.2002       7.00508881E+00
5678.6001       6.97225857E+00
5680.0000       6.95567989E+00
5681.3999       6.95518684E+00
5682.7998       6.95256042E+00
5684.2002       6.94336796E+00
5685.6001       6.95321751E+00
5687.0000       6.97751141E+00
5688.3999       6.98604774E+00
5689.7998       6.97718334E+00
5691.2002       6.99720955E+00
5692.6001       7.02839756E+00
5694.0000       7.04825974E+00
5695.3999       7.01559448E+00
5696.7998       6.96996021E+00
5698.2002       6.96027565E+00
5699.6001       6.96372318E+00
5701.0000       6.97127342E+00
5702.3999       6.97816849E+00
5703.7998       6.97045326E+00
5705.2002       6.96175289E+00
5706.6001       6.94993401E+00
5708.0000       6.93351936E+00
5709.3999       6.92235756E+00
5710.7998       6.91874599E+00
5712.2002       6.93844414E+00
5713.6001       6.96634960E+00
5715.0000       6.97554207E+00
5716.3999       6.97488499E+00
5717.7998       6.96043968E+00
5719.2002       6.96602058E+00
5720.6001       6.99376202E+00
5722.0000       6.99573231E+00
5723.3999       6.99589634E+00
5724.7998       6.99770164E+00
5726.2002       6.99655247E+00
5727.6001       6.98933029E+00
5729.0000       6.97767544E+00
5730.3999       6.98391342E+00
5731.7998       6.99589634E+00
5733.2002       6.98506260E+00
5734.6001       6.99277782E+00
5736.0000       6.99753761E+00
5737.3999       6.98571873E+00
5738.7998       6.98260021E+00
5740.2002       6.98834515E+00
5741.6001       6.99113560E+00
5743.0000       6.99047947E+00
5744.3999       6.97275162E+00
5745.7998       6.96487236E+00
5747.2002       6.94812870E+00
5748.6001       6.94057751E+00
5750.0000       6.94747257E+00
5751.3999       6.95206833E+00
5752.7998       6.95485878E+00
5754.2002       6.95026302E+00
5755.6001       6.95600796E+00
5757.0000       6.97866058E+00
5758.3999       6.98637581E+00
5759.7998       6.97521305E+00
5761.2002       6.98030186E+00
5762.6001       6.98095894E+00
5764.0000       6.99212074E+00
5765.3999       6.99573231E+00
5766.7998       7.00197029E+00
5768.2002       7.01395226E+00
5769.6001       7.00837135E+00
5771.0000       7.00049210E+00
5772.3999       6.97915268E+00
5773.7998       6.97061729E+00
5775.2002       6.96733379E+00
5776.6001       6.97176647E+00
5778.0000       6.96602058E+00
5779.3999       6.93466854E+00
5780.7998       6.91447830E+00
5782.2002       6.93023682E+00
5783.6001       6.95387363E+00
5785.0000       6.97225857E+00
5786.3999       6.98260021E+00
5787.7998       6.98834515E+00
5789.2002       7.00623798E+00
5790.6001       7.00197029E+00
5792.0000       6.96175289E+00
5793.3999       6.93450451E+00
5794.7998       6.93450451E+00
5796.2002       6.93187809E+00
5797.6001       6.93499660E+00
5799.0000       6.94615936E+00
5800.3999       6.96552849E+00
5801.7998       6.97455692E+00
5803.2002       6.97800446E+00
5804.6001       6.98424149E+00
5806.0000       6.98391342E+00
5807.3999       6.99310589E+00
5808.7998       6.99195671E+00
5810.2002       6.98292828E+00
5811.6001       6.98473454E+00
5813.0000       6.98456955E+00
5814.3999       6.98555470E+00
5815.7998       6.98095894E+00
5817.2002       6.97193050E+00
5818.6001       6.97078133E+00
5820.0000       6.98522663E+00
5821.3999       6.99310589E+00
5822.7998       6.98736095E+00
5824.2002       6.97307968E+00
5825.6001       6.97948170E+00
5827.0000       6.98588276E+00
5828.3999       6.98867416E+00
5829.7998       7.00311852E+00
5831.2002       7.01444530E+00
5832.6001       7.00590897E+00
5834.0000       7.01772785E+00
5835.3999       7.02478695E+00
5836.7998       7.01625061E+00
5838.2002       7.01937008E+00
5839.6001       7.00673008E+00
5841.0000       6.99326992E+00
5842.3999       6.98949432E+00
5843.7998       7.00574493E+00
5845.2002       6.99688148E+00
5846.6001       6.97980976E+00
5848.0000       6.99474716E+00
5849.3999       7.00328255E+00
5850.7998       7.00476074E+00
5852.2002       6.97997379E+00
5853.6001       6.96339417E+00
5855.0000       6.94435310E+00
5856.3999       6.91776085E+00
5857.7998       6.92120838E+00
5859.2002       6.94484615E+00
5860.6001       6.97307968E+00
5862.0000       7.00311852E+00
5863.3999       6.99031544E+00
5864.7998       6.98374939E+00
5866.2002       6.98949432E+00
5867.6001       6.99097157E+00
5869.0000       6.99835873E+00
5870.3999       7.00213432E+00
5871.7998       6.97964573E+00
5873.2002       6.98013783E+00
5874.6001       6.98867416E+00
5876.0000       6.99179268E+00
5877.3999       6.99720955E+00
5878.7998       7.00361156E+00
5880.2002       6.97948170E+00
5881.6001       6.98095894E+00
5883.0000       7.00426769E+00
5884.3999       6.99343395E+00
5885.7998       6.97767544E+00
5887.2002       6.96503639E+00
5888.6001       6.92777443E+00
5890.0000       6.90085316E+00
5891.3999       6.90085316E+00
5892.7998       6.91365719E+00
5894.2002       6.91661167E+00
5895.6001       6.90052509E+00
5897.0000       6.90659904E+00
5898.3999       6.93696690E+00
5899.7998       6.95912647E+00
5901.2002       6.96815491E+00
5902.6001       6.96470737E+00
5904.0000       6.96815491E+00
5905.3999       6.98210812E+00
5906.7998       6.98342133E+00
5908.2002       6.97767544E+00
5909.6001       6.97587013E+00
5911.0000       6.97307968E+00
5912.3999       6.96520042E+00
5913.7998       6.96355915E+00
5915.2002       6.97833252E+00
5916.6001       6.98916626E+00
5918.0000       6.98703194E+00
5919.3999       6.98243618E+00
5920.7998       6.98276424E+00
5922.2002       6.98621178E+00
5923.6001       6.98424149E+00
5925.0000       6.99277782E+00
5926.3999       6.99359798E+00
5927.7998       6.98177910E+00
5929.2002       6.98112297E+00
5930.6001       6.98604774E+00
5932.0000       6.98752499E+00
5933.3999       6.96027565E+00
5934.7998       6.96126080E+00
5936.2002       6.96536446E+00
5937.6001       6.97291565E+00
5939.0000       6.96963215E+00
5940.3999       6.94550228E+00
5941.7998       6.95354557E+00
5943.2002       6.95732117E+00
5944.6001       6.95600796E+00
5946.0000       6.97061729E+00
5947.3999       6.94386101E+00
5948.7998       6.93713093E+00
5950.2002       6.93253422E+00
5951.6001       6.92826653E+00
5953.0000       6.93729496E+00
5954.3999       6.94418907E+00
5955.7998       6.96782684E+00
5957.2002       6.98571873E+00
5958.6001       6.97521305E+00
5960.0000       6.96257401E+00
5961.3999       6.96536446E+00
5962.7998       6.98719597E+00
5964.2002       6.99819469E+00
5965.6001       6.98489857E+00
5967.0000       6.96996021E+00
5968.3999       6.96306610E+00
5969.7998       6.98604774E+00
5971.2002       6.99015141E+00
5972.6001       6.98095894E+00
5974.0000       6.98374939E+00
5975.3999       6.97160244E+00
5976.7998       6.94435310E+00
5978.2002       6.95075512E+00
5979.6001       6.96782684E+00
5981.0000       6.97193050E+00
5982.3999       6.96881199E+00
5983.7998       6.96930408E+00
5985.2002       6.97636223E+00
5986.6001       6.96355915E+00
5988.0000       6.95190430E+00
5989.3999       6.96191692E+00
5990.7998       6.97143841E+00
5992.2002       6.95764923E+00
5993.6001       6.96191692E+00
5995.0000       6.98325729E+00
5996.3999       6.96815491E+00
5997.7998       6.96700573E+00
5999.2002       6.96946812E+00
6000.6001       6.96799088E+00
6002.0000       6.95174026E+00
6003.3999       6.94763660E+00
6004.7998       6.97800446E+00
6006.2002       6.96405125E+00
6007.6001       6.94845676E+00
6009.0000       6.93647385E+00
6010.3999       6.93647385E+00
6011.7998       6.96815491E+00
6013.2002       6.97373581E+00
6014.6001       6.95879841E+00
6016.0000       6.93795109E+00
6017.3999       6.93105698E+00
6018.7998       6.93598175E+00
6020.2002       6.92826653E+00
6021.6001       6.90774822E+00
6023.0000       6.91891003E+00
6024.3999       6.93598175E+00
6025.7998       6.95272446E+00
6027.2002       6.93630981E+00
6028.6001       6.95584393E+00
6030.0000       6.97652626E+00
6031.3999       6.97685528E+00
6032.7998       6.97652626E+00
6034.2002       6.97291565E+00
6035.6001       6.98260021E+00
6037.0000       6.93614578E+00
6038.3999       6.93401146E+00
6039.7998       6.92908764E+00
6041.2002       6.91825390E+00
6042.6001       6.93401146E+00
6044.0000       6.93056488E+00
6045.3999       6.93942833E+00
6046.7998       6.94418907E+00
6048.2002       6.93696690E+00
6049.6001       6.93647385E+00
6051.0000       6.92728138E+00
6052.3999       6.93302727E+00
6053.7998       6.93204212E+00
6055.2002       6.92711735E+00
6056.6001       6.91808891E+00
6058.0000       6.92087936E+00
6059.3999       6.92925167E+00
6060.7998       6.93237019E+00
6062.2002       6.93023682E+00
6063.6001       6.91956711E+00
6065.0000       6.91858196E+00
6066.3999       6.91759682E+00
6067.7998       6.94156265E+00
6069.2002       6.95469475E+00
6070.6001       6.92399883E+00
6072.0000       6.94993401E+00
6073.3999       6.94796467E+00
6074.7998       6.95174026E+00
6076.2002       6.94747257E+00
6077.6001       6.93893623E+00
6079.0000       6.94320393E+00
6080.3999       6.92613220E+00
6081.7998       6.91956711E+00
6083.2002       6.93368340E+00
6084.6001       6.93089294E+00
6086.0000       6.92055130E+00
6087.3999       6.93171406E+00
6088.7998       6.95879841E+00
6090.2002       6.94156265E+00
6091.6001       6.93040085E+00
6093.0000       6.90906143E+00
6094.3999       6.90003300E+00
6095.7998       6.92367077E+00
6097.2002       6.96109676E+00
6098.6001       6.96700573E+00
6100.0000       6.92252159E+00
6101.3999       6.89904785E+00
6102.7998       6.89248180E+00
6104.2002       6.89510822E+00
6105.6001       6.91628361E+00
6107.0000       6.93614578E+00
6108.3999       6.95666409E+00
6109.7998       6.96618557E+00
6111.2002       6.97028923E+00
6112.6001       6.96158886E+00
6114.0000       6.94386101E+00
6115.3999       6.94123459E+00
6116.7998       6.94960594E+00
6118.2002       6.95321751E+00
6119.6001       6.94287586E+00
6121.0000       6.92022324E+00
6122.3999       6.91562748E+00
6123.7998       6.93926430E+00
6125.2002       6.96552849E+00
6126.6001       6.96306610E+00
6128.0000       6.94632339E+00
6129.3999       6.93122101E+00
6130.7998       6.91365719E+00
6132.2002       6.92596817E+00
6133.6001       6.93795109E+00
6135.0000       6.94501019E+00
6136.3999       6.91562748E+00
6137.7998       6.86835194E+00
6139.2002       6.87573910E+00
6140.6001       6.89297485E+00
6142.0000       6.90594196E+00
6143.3999       6.91841793E+00
6144.7998       6.92974377E+00
6146.2002       6.92662525E+00
6147.6001       6.91135883E+00
6149.0000       6.93959332E+00
6150.3999       6.92728138E+00
6151.7998       6.92892361E+00
6153.2002       6.93680191E+00
6154.6001       6.95354557E+00
6156.0000       6.95600796E+00
6157.3999       6.92186451E+00
6158.7998       6.92252159E+00
6160.2002       6.92793846E+00
6161.6001       6.92826653E+00
6163.0000       6.89412308E+00
6164.3999       6.86342716E+00
6165.7998       6.88411045E+00
6167.2002       6.90922546E+00
6168.6001       6.92580414E+00
6170.0000       6.91086674E+00
6171.3999       6.90692711E+00
6172.7998       6.91611958E+00
6174.2002       6.91940212E+00
6175.6001       6.90216637E+00
6177.0000       6.87754440E+00
6178.3999       6.88263321E+00
6179.7998       6.89707851E+00
6181.2002       6.91808891E+00
6182.6001       6.92137241E+00
6184.0000       6.90364456E+00
6185.3999       6.90068913E+00
6186.7998       6.91661167E+00
6188.2002       6.91234398E+00
6189.6001       6.92071533E+00
6191.0000       6.91759682E+00
6192.3999       6.89461613E+00
6193.7998       6.90298748E+00
6195.2002       6.94271183E+00
6196.6001       6.96323013E+00
6198.0000       6.95830631E+00
6199.3999       6.94205475E+00
6200.7998       6.90200233E+00
6202.2002       6.88312531E+00
6203.6001       6.87918568E+00
6205.0000       6.88345337E+00
6206.3999       6.90134621E+00
6207.7998       6.93171406E+00
6209.2002       6.96240997E+00
6210.6001       6.96766281E+00
6212.0000       6.95141220E+00
6213.3999       6.93450451E+00
6214.7998       6.92859459E+00
6216.2002       6.92301369E+00
6217.6001       6.90922546E+00
6219.0000       6.90446472E+00
6220.3999       6.90265942E+00
6221.7998       6.89970493E+00
6223.2002       6.90134621E+00
6224.6001       6.91267204E+00
6226.0000       6.90200233E+00
6227.3999       6.91316509E+00
6228.7998       6.90561390E+00
6230.2002       6.88033485E+00
6231.6001       6.85948753E+00
6233.0000       6.88575172E+00
6234.3999       6.94927788E+00
6235.7998       6.96060371E+00
6237.2002       6.94944191E+00
6238.6001       6.92268562E+00
6240.0000       6.91431427E+00
6241.3999       6.91661167E+00
6242.7998       6.92219353E+00
6244.2002       6.92120838E+00
6245.6001       6.91119480E+00
6247.0000       6.91316509E+00
6248.3999       6.91694069E+00
6249.7998       6.93844414E+00
6251.2002       6.88870621E+00
6252.6001       6.87032223E+00
6254.0000       6.88132000E+00
6255.3999       6.87097836E+00
6256.7998       6.86309910E+00
6258.2002       6.86523342E+00
6259.6001       6.88476658E+00
6261.0000       6.90315151E+00
6262.3999       6.89461613E+00
6263.7998       6.87967873E+00
6265.2002       6.87590313E+00
6266.6001       6.87557411E+00
6268.0000       6.89034843E+00
6269.3999       6.89280987E+00
6270.7998       6.88755798E+00
6272.2002       6.90413666E+00
6273.6001       6.90873241E+00
6275.0000       6.88049889E+00
6276.3999       6.84126759E+00
6277.7998       6.83223915E+00
6279.2002       6.82961273E+00
6280.6001       6.83880520E+00
6282.0000       6.85505581E+00
6283.3999       6.87114239E+00
6284.7998       6.87672329E+00
6286.2002       6.89642143E+00
6287.6001       6.93926430E+00
6289.0000       6.94501019E+00
6290.3999       6.91217995E+00
6291.7998       6.88690090E+00
6293.2002       6.87278366E+00
6294.6001       6.86917305E+00
6296.0000       6.87311268E+00
6297.3999       6.86900902E+00
6298.7998       6.87163544E+00
6300.2002       6.87032223E+00
6301.6001       6.84422207E+00
6303.0000       6.83847713E+00
6304.3999       6.86605358E+00
6305.7998       6.91513443E+00
6307.2002       6.92137241E+00
6308.6001       6.91562748E+00
6310.0000       6.88854218E+00
6311.3999       6.86884403E+00
6312.7998       6.85915947E+00
6314.2002       6.85538387E+00
6315.6001       6.85226536E+00
6317.0000       6.85636902E+00
6318.3999       6.87212753E+00
6319.7998       6.87951374E+00
6321.2002       6.86851597E+00
6322.6001       6.87261963E+00
6324.0000       6.90479279E+00
6325.3999       6.92170048E+00
6326.7998       6.92022324E+00
6328.2002       6.90791225E+00
6329.6001       6.88657284E+00
6331.0000       6.88148403E+00
6332.3999       6.88591576E+00
6333.7998       6.87902164E+00
6335.2002       6.85259342E+00
6336.6001       6.81795788E+00
6338.0000       6.81565952E+00
6339.3999       6.84980297E+00
6340.7998       6.88690090E+00
6342.2002       6.89953995E+00
6343.6001       6.88657284E+00
6345.0000       6.87097836E+00
6346.3999       6.88542366E+00
6347.7998       6.91694069E+00
6349.2002       6.91677666E+00
6350.6001       6.90347958E+00
6352.0000       6.90183830E+00
6353.3999       6.90462875E+00
6354.7998       6.89871979E+00
6356.2002       6.88000679E+00
6357.6001       6.87130642E+00
6359.0000       6.87705231E+00
6360.3999       6.89839172E+00
6361.7998       6.91529846E+00
6363.2002       6.89379501E+00
6364.6001       6.88214016E+00
6366.0000       6.89264584E+00
6367.3999       6.90265942E+00
6368.7998       6.93335533E+00
6370.2002       6.92629719E+00
6371.6001       6.90462875E+00
6373.0000       6.89001942E+00
6374.3999       6.87787247E+00
6375.7998       6.90413666E+00
6377.2002       6.91759682E+00
6378.6001       6.92350578E+00
6380.0000       6.93434048E+00
6381.3999       6.92334175E+00
6382.7998       6.90118217E+00
6384.2002       6.89149666E+00
6385.6001       6.89888382E+00
6387.0000       6.90824032E+00
6388.3999       6.89904785E+00
6389.7998       6.89478016E+00
6391.2002       6.88591576E+00
6392.6001       6.86736679E+00
6394.0000       6.86490440E+00
6395.3999       6.86588955E+00
6396.7998       6.85932350E+00
6398.2002       6.85160828E+00
6399.6001       6.85390663E+00
6401.0000       6.88673687E+00
6402.3999       6.91250801E+00
6403.7998       6.90298748E+00
6405.2002       6.89428711E+00
6406.6001       6.89100456E+00
6408.0000       6.88805008E+00
6409.3999       6.89231777E+00
6410.7998       6.89182568E+00
6412.2002       6.89198971E+00
6413.6001       6.89724255E+00
6415.0000       6.89051247E+00
6416.3999       6.88509560E+00
6417.7998       6.88624382E+00
6419.2002       6.88345337E+00
6420.6001       6.88033485E+00
6422.0000       6.87032223E+00
6423.3999       6.88821411E+00
6424.7998       6.91776085E+00
6426.2002       6.90725517E+00
6427.6001       6.89445210E+00
6429.0000       6.89051247E+00
6430.3999       6.89018345E+00
6431.7998       6.87967873E+00
6433.2002       6.86851597E+00
6434.6001       6.85998058E+00
6436.0000       6.84487820E+00
6437.3999       6.87196350E+00
6438.7998       6.86982918E+00
6440.2002       6.86753082E+00
6441.6001       6.87984276E+00
6443.0000       6.89560127E+00
6444.3999       6.88706493E+00
6445.7998       6.88936329E+00
6447.2002       6.87065029E+00
6448.6001       6.86080074E+00
6450.0000       6.84110355E+00
6451.3999       6.86309910E+00
6452.7998       6.89149666E+00
6454.2002       6.90101814E+00
6455.6001       6.87393284E+00
6457.0000       6.86178589E+00
6458.3999       6.86917305E+00
6459.7998       6.87918568E+00
6461.2002       6.87557411E+00
6462.6001       6.87196350E+00
6464.0000       6.86260700E+00
6465.3999       6.86474037E+00
6466.7998       6.87376881E+00
6468.2002       6.87311268E+00
6469.6001       6.88049889E+00
6471.0000       6.86900902E+00
6472.3999       6.85686111E+00
6473.7998       6.86785984E+00
6475.2002       6.87458992E+00
6476.6001       6.87147045E+00
6478.0000       6.85751820E+00
6479.3999       6.83847713E+00
6480.7998       6.83371639E+00
6482.2002       6.83798409E+00
6483.6001       6.84865379E+00
6485.0000       6.86408424E+00
6486.3999       6.85735416E+00
6487.7998       6.84389400E+00
6489.2002       6.84931087E+00
6490.6001       6.84832573E+00
6492.0000       6.83141804E+00
6493.3999       6.81434631E+00
6494.7998       6.80416965E+00
6496.2002       6.80991459E+00
6497.6001       6.84093857E+00
6499.0000       6.87820053E+00
6500.3999       6.90774822E+00
6501.7998       6.90085316E+00
6503.2002       6.88525963E+00
6504.6001       6.88082695E+00
6506.0000       6.89100456E+00
6507.3999       6.91628361E+00
6508.7998       6.90167427E+00
6510.2002       6.90906143E+00
6511.6001       6.89740658E+00
6513.0000       6.86982918E+00
6514.3999       6.88542366E+00
6515.7998       6.88493156E+00
6517.2002       6.88361740E+00
6518.6001       6.89428711E+00
6520.0000       6.90347958E+00
6521.3999       6.89018345E+00
6522.7998       6.90676308E+00
6524.2002       6.93007183E+00
6525.6001       6.92957973E+00
6527.0000       6.91086674E+00
6528.3999       6.90183830E+00
6529.7998       6.90758419E+00
6531.2002       6.89888382E+00
6532.6001       6.90249538E+00
6534.0000       6.91070271E+00
6535.3999       6.91086674E+00
6536.7998       6.90233135E+00
6538.2002       6.90380859E+00
6539.6001       6.91332912E+00
6541.0000       6.92153645E+00
6542.3999       6.92547607E+00
6543.7998       6.92399883E+00
6545.2002       6.91168785E+00
6546.6001       6.89215374E+00
6548.0000       6.88345337E+00
6549.3999       6.86818790E+00
6550.7998       6.85111618E+00
6552.2002       6.84602737E+00
6553.6001       6.83864117E+00
6555.0000       6.83371639E+00
6556.3999       6.83240318E+00
6557.7998       6.83962536E+00
6559.2002       6.83568573E+00
6560.6001       6.79727554E+00
6562.0000       6.72554207E+00
6563.3999       6.66513443E+00
6564.7998       6.69320393E+00
6566.2002       6.77281666E+00
6567.6001       6.81204891E+00
6569.0000       6.79070950E+00
6570.3999       6.78348637E+00
6571.7998       6.82518101E+00
6573.2002       6.85751820E+00
6574.6001       6.87852955E+00
6576.0000       6.87836552E+00
6577.3999       6.86490440E+00
6578.7998       6.86490440E+00
6580.2002       6.86884403E+00
6581.6001       6.87836552E+00
6583.0000       6.85587692E+00
6584.3999       6.84816170E+00
6585.7998       6.85160828E+00
6587.2002       6.84898186E+00
6588.6001       6.85489178E+00
6590.0000       6.87573910E+00
6591.3999       6.85965157E+00
6592.7998       6.84832573E+00
6594.2002       6.83765602E+00
6595.6001       6.84881783E+00
6597.0000       6.85784626E+00
6598.3999       6.86769581E+00
6599.7998       6.87065029E+00
6601.2002       6.86950111E+00
6602.6001       6.86917305E+00
6604.0000       6.87245560E+00
6605.3999       6.86999321E+00
6606.7998       6.86556149E+00
6608.2002       6.85669708E+00
6609.6001       6.84438610E+00
6611.0000       6.85653305E+00
6612.3999       6.87639523E+00
6613.7998       6.87803650E+00
6615.2002       6.88509560E+00
6616.6001       6.89674950E+00
6618.0000       6.88936329E+00
6619.3999       6.86950111E+00
6620.7998       6.85899544E+00
6622.2002       6.88230515E+00
6623.6001       6.90594196E+00
6625.0000       6.89182568E+00
6626.3999       6.88230515E+00
6627.7998       6.87541008E+00
6629.2002       6.85456371E+00
6630.6001       6.85407066E+00
6632.0000       6.86309910E+00
6633.3999       6.86523342E+00
6634.7998       6.85456371E+00
6636.2002       6.85111618E+00
6637.6001       6.86441231E+00
6639.0000       6.85341454E+00
6640.3999       6.85078812E+00
6641.7998       6.86506939E+00
6643.2002       6.86309910E+00
6644.6001       6.85521984E+00
6646.0000       6.85029507E+00
6647.3999       6.84175968E+00
6648.7998       6.83388042E+00
6650.2002       6.83650684E+00
6651.6001       6.85095215E+00
6653.0000       6.87360477E+00
6654.3999       6.86605358E+00
6655.7998       6.86802387E+00
6657.2002       6.87245560E+00
6658.6001       6.86835194E+00
6660.0000       6.85948753E+00
6661.3999       6.85160828E+00
6662.7998       6.83191109E+00
6664.2002       6.82879162E+00
6665.6001       6.82994080E+00
6667.0000       6.84816170E+00
6668.3999       6.83962536E+00
6669.7998       6.83388042E+00
6671.2002       6.83650684E+00
6672.6001       6.84635544E+00
6674.0000       6.84734058E+00
6675.3999       6.85013103E+00
6676.7998       6.83782005E+00
6678.2002       6.83535767E+00
6679.6001       6.82189751E+00
6681.0000       6.82074833E+00
6682.3999       6.83896923E+00
6683.7998       6.83798409E+00
6685.2002       6.85242939E+00
6686.6001       6.86588955E+00
6688.0000       6.86523342E+00
6689.3999       6.87147045E+00
6690.7998       6.86802387E+00
6692.2002       6.86572552E+00
6693.6001       6.87065029E+00
6695.0000       6.87820053E+00
6696.3999       6.85850334E+00
6697.7998       6.83552170E+00
6699.2002       6.83043289E+00
6700.6001       6.83059788E+00
6702.0000       6.84061050E+00
6703.3999       6.85078812E+00
6704.7998       6.85128021E+00
6706.2002       6.84044647E+00
6707.6001       6.82944870E+00
6709.0000       6.82829952E+00
6710.3999       6.83108997E+00
6711.7998       6.84389400E+00
6713.2002       6.85029507E+00
6714.6001       6.83601475E+00
6716.0000       6.81549549E+00
6717.3999       6.80137920E+00
6718.7998       6.81894302E+00
6720.2002       6.84652042E+00
6721.6001       6.84652042E+00
6723.0000       6.84372902E+00
6724.3999       6.84389400E+00
6725.7998       6.84061050E+00
6727.2002       6.83108997E+00
6728.6001       6.83831215E+00
6730.0000       6.85193729E+00
6731.3999       6.86556149E+00
6732.7998       6.82501602E+00
6734.2002       6.82944870E+00
6735.6001       6.86112976E+00
6737.0000       6.89166069E+00
6738.3999       6.86884403E+00
6739.7998       6.84307289E+00
6741.2002       6.84455013E+00
6742.6001       6.86342716E+00
6744.0000       6.87278366E+00
6745.3999       6.87475395E+00
6746.7998       6.86556149E+00
6748.2002       6.84652042E+00
6749.6001       6.83207512E+00
6751.0000       6.81286907E+00
6752.3999       6.81221294E+00
6753.7998       6.83141804E+00
6755.2002       6.84422207E+00
6756.6001       6.85275745E+00
6758.0000       6.84717655E+00
6759.3999       6.82583714E+00
6760.7998       6.79940891E+00
6762.2002       6.79694653E+00
6763.6001       6.80646706E+00
6765.0000       6.81877899E+00
6766.3999       6.82403183E+00
6767.7998       6.81237698E+00
6769.2002       6.79825974E+00
6770.6001       6.78791809E+00
6772.0000       6.78808308E+00
6773.3999       6.79514122E+00
6774.7998       6.79596233E+00
6776.2002       6.80564690E+00
6777.6001       6.82140541E+00
6779.0000       6.83929729E+00
6780.3999       6.84438610E+00
6781.7998       6.83699989E+00
6783.2002       6.83240318E+00
6784.6001       6.80761623E+00
6786.0000       6.80564690E+00
6787.3999       6.82682228E+00
6788.7998       6.81910706E+00
6790.2002       6.80925846E+00
6791.6001       6.80876541E+00
6793.0000       6.80925846E+00
6794.3999       6.80367661E+00
6795.7998       6.81336212E+00
6797.2002       6.81467533E+00
6798.6001       6.81845093E+00
6800.0000       6.82977676E+00
6801.3999       6.84356499E+00
6802.7998       6.84225178E+00
6804.2002       6.82895565E+00
6805.6001       6.83847713E+00
6807.0000       6.84225178E+00
6808.3999       6.84602737E+00
6809.7998       6.84635544E+00
6811.2002       6.83519363E+00
6812.6001       6.84061050E+00
6814.0000       6.85160828E+00
6815.3999       6.85029507E+00
6816.7998       6.84143162E+00
6818.2002       6.85062408E+00
6819.6001       6.83273125E+00
6821.0000       6.81861496E+00
6822.3999       6.81040764E+00
6823.7998       6.81976318E+00
6825.2002       6.83453751E+00
6826.6001       6.83782005E+00
6828.0000       6.83026886E+00
6829.3999       6.81697273E+00
6830.7998       6.81401825E+00
6832.2002       6.82403183E+00
6833.6001       6.82206154E+00
6835.0000       6.80696011E+00
6836.3999       6.80696011E+00
6837.7998       6.81089973E+00
6839.2002       6.81336212E+00
6840.6001       6.82600117E+00
6842.0000       6.81598854E+00
6843.3999       6.80236340E+00
6844.7998       6.80367661E+00
6846.2002       6.82009220E+00
6847.6001       6.83585072E+00
6849.0000       6.82879162E+00
6850.3999       6.82895565E+00
6851.7998       6.84652042E+00
6853.2002       6.85029507E+00
6854.6001       6.83273125E+00
6856.0000       6.81057167E+00
6857.3999       6.80794525E+00
6858.7998       6.82238960E+00
6860.2002       6.82025623E+00
6861.6001       6.80843735E+00
6863.0000       6.79678249E+00
6864.3999       6.76887703E+00
6865.7998       6.72997379E+00
6867.2002       6.66874599E+00
6868.6001       6.60751820E+00
6870.0000       6.57797146E+00
6871.3999       6.57304668E+00
6872.7998       6.59077454E+00
6874.2002       6.61162186E+00
6875.6001       6.63246918E+00
6877.0000       6.64888382E+00
6878.3999       6.65856838E+00
6879.7998       6.69648743E+00
6881.2002       6.73128700E+00
6882.6001       6.74359798E+00
6884.0000       6.75393963E+00
6885.3999       6.74015141E+00
6886.7998       6.70453072E+00
6888.2002       6.68959332E+00
6889.6001       6.69468117E+00
6891.0000       6.69812870E+00
6892.3999       6.69057751E+00
6893.7998       6.69517422E+00
6895.2002       6.70961952E+00
6896.6001       6.72110939E+00
6898.0000       6.72964573E+00
6899.3999       6.73210812E+00
6900.7998       6.74310589E+00
6902.2002       6.76231098E+00
6903.6001       6.75902843E+00
6905.0000       6.74343395E+00
6906.3999       6.73686790E+00
6907.7998       6.73522663E+00
6909.2002       6.75082111E+00
6910.6001       6.76986217E+00
6912.0000       6.75590897E+00
6913.3999       6.74441910E+00
6914.7998       6.74688148E+00
6916.2002       6.74556828E+00
6917.6001       6.74326992E+00
6919.0000       6.74277782E+00
6920.3999       6.74737358E+00
6921.7998       6.74606037E+00
6923.2002       6.74638844E+00
6924.6001       6.75968456E+00
6926.0000       6.76559448E+00
6927.3999       6.76575851E+00
6928.7998       6.75476074E+00
6930.2002       6.74294186E+00
6931.6001       6.75262642E+00
6933.0000       6.75393963E+00
6934.3999       6.74802971E+00
6935.7998       6.75344753E+00
6937.2002       6.77889061E+00
6938.6001       6.78332233E+00
6940.0000       6.77347374E+00
6941.3999       6.75804329E+00
6942.7998       6.76411724E+00
6944.2002       6.76592255E+00
6945.6001       6.75164127E+00
6947.0000       6.73900223E+00
6948.3999       6.73161507E+00
6949.7998       6.74425507E+00
6951.2002       6.75098515E+00
6952.6001       6.75180531E+00
6954.0000       6.75673008E+00
6955.3999       6.77002621E+00
6956.7998       6.78102398E+00
6958.2002       6.77412987E+00
6959.6001       6.76937008E+00
6961.0000       6.78053188E+00
6962.3999       6.80285645E+00
6963.7998       6.79070950E+00
6965.2002       6.78085995E+00
6966.6001       6.78397942E+00
6968.0000       6.79382801E+00
6969.3999       6.81648064E+00
6970.7998       6.82583714E+00
6972.2002       6.81648064E+00
6973.6001       6.77084732E+00
6975.0000       6.77577114E+00
6976.3999       6.78545666E+00
6977.7998       6.77068329E+00
6979.2002       6.75426769E+00
6980.6001       6.74425507E+00
6982.0000       6.73768902E+00
6983.3999       6.75344753E+00
6984.7998       6.77232456E+00
6986.2002       6.78463554E+00
6987.6001       6.75853539E+00
6989.0000       6.74523926E+00
6990.3999       6.75738716E+00
6991.7998       6.76690769E+00
6993.2002       6.79349995E+00
6994.6001       6.81237698E+00
6996.0000       6.80597496E+00
6997.3999       6.78578472E+00
6998.7998       6.76575851E+00
7000.2002       6.74885082E+00
7001.6001       6.74655247E+00
7003.0000       6.74917889E+00
7004.3999       6.73210812E+00
7005.7998       6.73112297E+00
7007.2002       6.75361156E+00
7008.6001       6.79464912E+00
7010.0000       6.80696011E+00
7011.3999       6.80925846E+00
7012.7998       6.80794525E+00
7014.2002       6.78939629E+00
7015.6001       6.76920509E+00
7017.0000       6.77166748E+00
7018.3999       6.79284286E+00
7019.7998       6.81139183E+00
7021.2002       6.80564690E+00
7022.6001       6.77035427E+00
7024.0000       6.76526642E+00
7025.3999       6.76493740E+00
7026.7998       6.77724838E+00
7028.2002       6.78529263E+00
7029.6001       6.79957294E+00
7031.0000       6.80942249E+00
7032.3999       6.79661846E+00
7033.7998       6.79612637E+00
7035.2002       6.79382801E+00
7036.6001       6.78808308E+00
7038.0000       6.77626419E+00
7039.3999       6.78759003E+00
7040.7998       6.80827332E+00
7042.2002       6.81959915E+00
7043.6001       6.79629040E+00
7045.0000       6.79743958E+00
7046.3999       6.81057167E+00
7047.7998       6.81927109E+00
7049.2002       6.81582451E+00
7050.6001       6.80121517E+00
7052.0000       6.78972435E+00
7053.3999       6.78775406E+00
7054.7998       6.79645443E+00
7056.2002       6.80318451E+00
7057.6001       6.80975056E+00
7059.0000       6.80975056E+00
7060.3999       6.80761623E+00
7061.7998       6.80581093E+00
7063.2002       6.79809570E+00
7064.6001       6.76165485E+00
7066.0000       6.73768902E+00
7067.3999       6.75607395E+00
7068.7998       6.79530525E+00
7070.2002       6.81697273E+00
7071.6001       6.79678249E+00
7073.0000       6.77806950E+00
7074.3999       6.78233719E+00
7075.7998       6.80187130E+00
7077.2002       6.81139183E+00
7078.6001       6.77823353E+00
7080.0000       6.75705814E+00
7081.3999       6.78217316E+00
7082.7998       6.79267883E+00
7084.2002       6.80285645E+00
7085.6001       6.80663204E+00
7087.0000       6.79284286E+00
7088.3999       6.77002621E+00
7089.7998       6.77380180E+00
7091.2002       6.79858875E+00
7092.6001       6.78545666E+00
7094.0000       6.76986217E+00
7095.3999       6.77216053E+00
7096.7998       6.76592255E+00
7098.2002       6.76116180E+00
7099.6001       6.76181889E+00
7101.0000       6.77347374E+00
7102.3999       6.78956032E+00
7103.7998       6.79005241E+00
7105.2002       6.77889061E+00
7106.6001       6.76280403E+00
7108.0000       6.76690769E+00
7109.3999       6.78414345E+00
7110.7998       6.79530525E+00
7112.2002       6.79743958E+00
7113.6001       6.78233719E+00
7115.0000       6.76887703E+00
7116.3999       6.77199650E+00
7117.7998       6.78135300E+00
7119.2002       6.78053188E+00
7120.6001       6.77183151E+00
7122.0000       6.78808308E+00
7123.3999       6.79760361E+00
7124.7998       6.80843735E+00
7126.2002       6.80236340E+00
7127.6001       6.78841114E+00
7129.0000       6.78890324E+00
7130.3999       6.78250122E+00
7131.7998       6.81254101E+00
7133.2002       6.85801029E+00
7134.6001       6.87196350E+00
7136.0000       6.86605358E+00
7137.3999       6.83223915E+00
7138.7998       6.80794525E+00
7140.2002       6.81204891E+00
7141.6001       6.81319809E+00
7143.0000       6.81631660E+00
7144.3999       6.82616520E+00
7145.7998       6.81730175E+00
7147.2002       6.76592255E+00
7148.6001       6.73358536E+00
7150.0000       6.75820732E+00
7151.3999       6.78118896E+00
7152.7998       6.81336212E+00
7154.2002       6.82550907E+00
7155.6001       6.80072212E+00
7157.0000       6.81188488E+00
7158.3999       6.80761623E+00
7159.7998       6.79251480E+00
7161.2002       6.78808308E+00
7162.6001       6.77216053E+00
7164.0000       6.74573231E+00
7165.3999       6.72472095E+00
7166.7998       6.71126080E+00
7168.2002       6.69878578E+00
7169.6001       6.69189072E+00
7171.0000       6.69451714E+00
7172.3999       6.70009804E+00
7173.7998       6.72472095E+00
7175.2002       6.72849655E+00
7176.6001       6.71700573E+00
7178.0000       6.74573231E+00
7179.3999       6.73243618E+00
7180.7998       6.72373581E+00
7182.2002       6.71552849E+00
7183.6001       6.68630981E+00
7185.0000       6.65413666E+00
7186.3999       6.64953995E+00
7187.7998       6.70403767E+00
7189.2002       6.71700573E+00
7190.6001       6.69139862E+00
7192.0000       6.67646122E+00
7193.3999       6.68680191E+00
7194.7998       6.71602058E+00
7196.2002       6.73177910E+00
7197.6001       6.74310589E+00
7199.0000       6.74064350E+00
7200.3999       6.71175289E+00
7201.7998       6.72619820E+00
7203.2002       6.72028923E+00
7204.6001       6.70781326E+00
7206.0000       6.72373581E+00
7207.3999       6.73736000E+00
7208.7998       6.74392605E+00
7210.2002       6.75098515E+00
7211.6001       6.76920509E+00
7213.0000       6.79399204E+00
7214.3999       6.81319809E+00
7215.7998       6.82025623E+00
7217.2002       6.81664467E+00
7218.6001       6.83782005E+00
7220.0000       6.84077454E+00
7221.3999       6.78283024E+00
7222.7998       6.75328255E+00
7224.2002       6.76625061E+00
7225.6001       6.78693390E+00
7227.0000       6.81024265E+00
7228.3999       6.81910706E+00
7229.7998       6.78956032E+00
7231.2002       6.74441910E+00
7232.6001       6.70912647E+00
7234.0000       6.69402504E+00
7235.3999       6.71142483E+00
7236.7998       6.76789284E+00
7238.2002       6.78611279E+00
7239.6001       6.73933029E+00
7241.0000       6.72652626E+00
7242.3999       6.72225857E+00
7243.7998       6.72734737E+00
7245.2002       6.74606037E+00
7246.6001       6.77560711E+00
7248.0000       6.76871300E+00
7249.3999       6.75196934E+00
7250.7998       6.70994759E+00
7252.2002       6.64609337E+00
7253.6001       6.67908764E+00
7255.0000       6.69714355E+00
7256.3999       6.68828011E+00
7257.7998       6.69435310E+00
7259.2002       6.69402504E+00
7260.6001       6.69730759E+00
7262.0000       6.67793846E+00
7263.3999       6.67728138E+00
7264.7998       6.69665146E+00
7266.2002       6.73095894E+00
7267.6001       6.75968456E+00
7269.0000       6.75705814E+00
7270.3999       6.75968456E+00
7271.7998       6.75443172E+00
7273.2002       6.74376202E+00
7274.6001       6.71388721E+00
7276.0000       6.67350578E+00
7277.3999       6.66956711E+00
7278.7998       6.70206833E+00
7280.2002       6.72931671E+00
7281.6001       6.73686790E+00
7283.0000       6.74409103E+00
7284.3999       6.75393963E+00
7285.7998       6.73555470E+00
7287.2002       6.69303989E+00
7288.6001       6.64888382E+00
7290.0000       6.62179947E+00
7291.3999       6.63115597E+00
7292.7998       6.66743279E+00
7294.2002       6.71766281E+00
7295.6001       6.75328255E+00
7297.0000       6.74737358E+00
7298.3999       6.73177910E+00
7299.7998       6.72931671E+00
7301.2002       6.71388721E+00
7302.6001       6.68762302E+00
7304.0000       6.67317772E+00
7305.3999       6.68745899E+00
7306.7998       6.69976997E+00
7308.2002       6.69878578E+00
7309.6001       6.68696690E+00
7311.0000       6.68548965E+00
7312.3999       6.72931671E+00
7313.7998       6.76641464E+00
7315.2002       6.77347374E+00
7316.6001       6.75459576E+00
7318.0000       6.71815491E+00
7319.3999       6.70847034E+00
7320.7998       6.70272446E+00
7322.2002       6.71191692E+00
7323.6001       6.72554207E+00
7325.0000       6.72242260E+00
7326.3999       6.73456955E+00
7327.7998       6.72291565E+00
7329.2002       6.73079491E+00
7330.6001       6.73161507E+00
7332.0000       6.72455692E+00
7333.3999       6.71388721E+00
7334.7998       6.71224594E+00
7336.2002       6.71372318E+00
7337.6001       6.72816849E+00
7339.0000       6.74983597E+00
7340.3999       6.76214695E+00
7341.7998       6.75000000E+00
7343.2002       6.70502281E+00
7344.6001       6.70847034E+00
7346.0000       6.72915268E+00
7347.3999       6.73276424E+00
7348.7998       6.72570610E+00
7350.2002       6.71323013E+00
7351.6001       6.71290207E+00
7353.0000       6.73489857E+00
7354.3999       6.75131321E+00
7355.7998       6.73260021E+00
7357.2002       6.70223236E+00
7358.6001       6.68877220E+00
7360.0000       6.69107056E+00
7361.3999       6.70633602E+00
7362.7998       6.72176647E+00
7364.2002       6.72061729E+00
7365.6001       6.70797729E+00
7367.0000       6.69189072E+00
7368.3999       6.68105698E+00
7369.7998       6.68959332E+00
7371.2002       6.70715714E+00
7372.6001       6.71060371E+00
7374.0000       6.69501019E+00
7375.3999       6.68286324E+00
7376.7998       6.69221973E+00
7378.2002       6.69960594E+00
7379.6001       6.71914005E+00
7381.0000       6.74376202E+00
7382.3999       6.72537804E+00
7383.7998       6.71437931E+00
7385.2002       6.70945549E+00
7386.6001       6.70633602E+00
7388.0000       6.69435310E+00
7389.3999       6.68581772E+00
7390.7998       6.69271183E+00
7392.2002       6.69550228E+00
7393.6001       6.68581772E+00
7395.0000       6.68778706E+00
7396.3999       6.67941570E+00
7397.7998       6.66940212E+00
7399.2002       6.67005920E+00
7400.6001       6.66152382E+00
7402.0000       6.66185188E+00
7403.3999       6.65331554E+00
7404.7998       6.65659904E+00
7406.2002       6.67465496E+00
7407.6001       6.66414928E+00
7409.0000       6.64445210E+00
7410.3999       6.64740658E+00
7411.7998       6.64970493E+00
7413.2002       6.66841793E+00
7414.6001       6.68187809E+00
7416.0000       6.68532467E+00
7417.3999       6.67826653E+00
7418.7998       6.68023682E+00
7420.2002       6.68942833E+00
7421.6001       6.67252159E+00
7423.0000       6.67547607E+00
7424.3999       6.68204212E+00
7425.7998       6.67662525E+00
7427.2002       6.67711735E+00
