# Data from SB9: The ninth catalogue of spectroscopic binary orbits
# Pourbaix et al. 2004, A&A, 424, 727
# [sb9.astro.ulb.ac.be]
# Selection: binaries in which the primary is a G dwarf (G0V through G9V)
#
# column 1: SB9 ID number
# column 2: period (in days)
# column 3: error in period (in days), if available (0.000 if none given)
# column 4: periastron time (JD-2400000): unused by us
# column 5: error in periastron time: unused by us
# column 6: flag on periastron time: integer: unused by us
# column 7: eccentricity
# column 8: error in eccentricity, if available (0.000 if none given)
ID   P       errP T        errT f e      errEcc
11   411.449 0.79 34233.31 0.77 0 0.5671 0.0041
33   3.7418 0.000 30001.444 0.000 0 0.01 0.000
72   0.5158 0.000 45603.485 0.000 5 0.0 0.000
117   10.0201 0.000 18911.3 0.000 0 0.01 0.000
169   6.43781 0.00016 53258.4 1.1 0 0.0028 0.0028
180   1.9299257 0.0000021 47632.73 0.33 0 0.0025 0.0024
201   18.7806 0.000 36457.454 0.000 0 0.20 0.000
225   55.130 0.000 43099.37 0.000 0 0.39 0.000
228   5.60925 0.00010 44499.898 0.007 0 0 0.000
231   75.6587 0.0008 52278.874 0.036 0 0.2628 0.0006
242   156.380540 0.000095 56636.67055 0.00046 0 0.851280 0.000031
247   41.6625 0.000 43651.17 0.000 0 0.66 0.000
251   358.484 0.013 50702.66 0.16 0 0.3703 0.0013
276   45.4314 0.0022 47973.75 0.17 0 0.342 0.012
281   19.3468 0.000 44598.44 0.000 0 0.44 0.000
315   6.9369 0.000 44947.894 0.000 1 0.07 0.000
401   0.593073 0.000 50792.6597 0.0011 1 0 0.000
421   9.8154 0.000 46105.6419 0.000 1 0.0 0.000
435   32.807302 0.000078 54663.017 0.039 0 0.07081 0.00057
437   113.23143 0.00048 53356.310 0.006 0 0.3870 0.0001
478   8467. 0.000 20757. 0.000 0 0.69 0.000
559   987.92 0.44 44234.6 1.8 0 0.4290 0.0060
622   0.6001 0.000 32995.406 0.000 10 0.0 0.000
667   3.980507 0.000006 42441.421 0.019 0 0.0 0.000
668   670.24 0.09 47389.1 2.2 0 0.532 0.008
682   7.3283 0.000 18985.575 0.000 10 0.0 0.000
721   5.412514 0.000006 44600.624 0.002 0 0 0.000
729   0.3385 0.000 34837.4198 0.000 1 0.0 0.000
733   17.778584 0.000010 48740.836 0.005 0 0.5688 0.0011
787   0.3432 0.000 42308.6931 0.000 1 0.0 0.000
797   0.8169 0.000 31241.389 0.000 1 0.0 0.000
799   3607.4 3.7 44820.0 11.0 0 0.524 0.015
815   29187.33204 2.84895 35349.44975 55.1135 0 0.524 0.0011
817   101.606 0.003 42478.0 0.8 0 0.117 0.007
818   3385 7 42880 40 0 0.073 0.010
826   0.267818 0.000 50944.6878 0.0002 1 0 0.000
835   0.2922 0.000 46135.8067 0.000 0 0.0 0.000
842   15179.5 0.000 27376.0 0.000 0 0.27 0.000
885   4.28549 0.00004 44796.57 0.14 0 0.031 0.005
894   1.13979142 0.00000008 50127.618 0.00020 0 0 0
898   12.9762 0.000 18103.642 0.000 0 0.06 0.000
914   0.4534 0.000 39639.947 0.000 1 0.0 0.000
917   4.6296 0.000 28019.212 0.000 10 0.0 0.000
977   10.0900 0.000 33798.24 0.000 0 0.14 0.000
1016   0.3448 0.000 46254.8384 0.000 10 0.0 0.000
1017   7.959 0.001 40704.78 0.6 0 0.039 0.019
1023   0.8795 0.000 41032.24 0.000 0 0.05 0.000
1024   7397.54 0.000 43669.24 0.000 0 0.96 0.000
1028   1.8098 0.000 41931.127 0.000 0 0.03 0.000
1122   21.95544 0.00003 53408.758 0.008 0 0.0918 0.0002
1131   2561. 0.000 41044.5 0.000 0 0.19 0.000
1187   154.448 0.015 53405.007 0.032 0 0.175 0.001
1245   57.32176 0.00010 56627.3786 0.0075 0 0.30514 0.00025
1267   11500. 0.000 44690.5 0.000 0 0.74 0.000
1276   0.6311 0.000 39425.1221 0.000 1 0.0 0.000
1282   0.6981 0.000 33130.752 0.000 0 0.02 0.000
1292   21.3462 0.000 19224.11 0.000 0 0.25 0.000
1390   551.6 0.000 46104. 0.000 0 0.05 0.000
1431   109.74 0.000 46317. 0.000 0 0.33 0.000
1432   10633.4 76.7008 45390.6 42.5091 0 0.406764 0.015
1434   11.6598 0.000 45734.25 0.000 10 0.0 0.000
1453   6.201986 0.000010 46996.904 0.000 0 0.00 0.000
1457   0.9969  0.000  46430.3159 0.000 1 0.0 0.000
1468   9594.91 0.000  0.000    0.000   0 0.38 0.000 
1470   9165.64 10.592 14482.7 60.2212 0 0.235178 0.0096
1474   12589.6 116.877 30215.1 177.121 0 0.246703 0.012
1478   31124.9 43.8291 40746.9 63.7636 0 0.492212 0.0033
1480   8161.68 40.1766 46155.7 35.4242 0 0.361683 0.013
1503   6.02628 0.00021 50330.70 0.18 0 0.025 0.007
1512   7.48866 0.00009 51060.558 0.162 0 0.055 0.007
1513   35.99878 0.00025 51067.968 0.042 0 0.450 0.004
1514   14.908342 0.000049 49000.156 0.025 0 0.1342 0.0015
1516   1690.15 4.45 49005.39 3.59 0 0.648 0.013
1519   4.63629 0.00066 50655.681 0.046 0 0 0.000
1520   1296.3 1.1 50572.2 1.5 0 0.589 0.004
1522   47.51 0.04 50798.52 0.95 0 0.418 0.056
1524   17.60249 0.00028 50000.617 0.029 0 0.297 0.003
1525   2951 194 51010 32 0 0.2617 0.0509
1529   126.38 0.22 50498.6 2.1 0 0.331 0.036
1530   522.7 2.2 50761.0 2.9 0 0.606 0.041
1532   701.42 0.01 51791.1 0.7 0 0.12 0.003
1534   803.51 0.03 50690 2 0 0.08 0.001
1535   5156.291 2.508 51468.2 3.083 0 0.452 0.002
1539   2624 371 50690 100 0 0.27 0.04
1627   418.77 0.08 50218.0 5.0 0 0.084 0.006
1628   3.6159 0.0003 52174.127 0.005 0 0.0 0.0
1653   6302.0 59.0 44696.0 135.0 0 0.119 0.018
1661   3.874307 0.000009 50613.0983 0.0012 0 0.0 0.000
1729   3.9660465 0.0000015 46225.5052 0.0007 0 0.0033 0.0008
1730   28685.0 173.0 46812.9 3.0 0 0.8651 0.0008
1750   26.1889 0.0006 49644.88 0.03 0 0.2187 0.0017
1758   23.49785 0.00023 49267.022 0.006 0 0.5100 0.0010
1804   3.558317 0.000054 47934.927 0.0185 0 0.013 0.006
1811   18.377 0.004 46371.5 0.6 0 0.341 0.065
1884   15.08227 0.00013 47457.266 0.017 0 0.325 0.003
1885   7.77561 0.00009 47601.295 0.006 0 0.0 0.000
1886   5.94023 0.00004 47655.397 0.003 0 0.0 0.000
1888   11.1385 0.0003 47706.316 0.013 0 0.0 0.000
1889   3.68061 0.00003 47576.814 0.003 0 0.0 0.000
1962   0.37031142 0.000 50321.74805571 0.0010 1 0 0.000
1963   0.3638384 0.000 48155.1751192 0.0008 1 0 0.000
1965   0.3581502 0.0000004 48417.7851751 0.0009 1 0 0.000
1989   0.329905 0.000 50960.1131 0.0005 1 0 0.000
2022   0.389998 0.000 51718.3951 0.0007 1 0 0.000
2030   0.366340 0.000 52061.1068 0.0022 1 0 0.000
2033   0.415568 0.000 52050.2364 0.0022 1 0 0.000
2058   6.9171 0.0001 50363.05 0.02 0 0 0.000
2124   0.82937122 0.000 49350.0278 0.000 1 0 0.000
2135   0.346503 0.000 51990.9912 0.0013 1 0 0.000
2407   1481 22 49353 76 0 0.33 0.15
2408   1564.4 12.8 48396.5 392.8 0 0.054 0.064
2409   1.8441701 0.0000012 46347.832 0.508 0 0.0025 0.0042
2463   2092.2 5.8 50585.1 7.5 0 0.765 0.013
2555   2059 22 46713 45 0 0.46 0.04
2556   4450.8 6.8 47679.7 5.4 0 0.683 0.007
2774   562.3 1 49064 1.50 0 0.470 0.017
2817   314.61 0.05 49540.3 1.9 0 0.201 0.007
2854   59.331 0.031 53442.09 0.61 0 0.237 0.018
2855   94.851 0.013 53555.40 0.13 0 0.5169 0.0099
3198   216.48 0.06 53845.3 1.0 0 0.261 0.007
3199   1413.7 2.5 51150.0 15.0 0 0.246 0.019
3202   60.58037 0.00030 54239.1125 0.0067 0 0.67827 0.00047
3205   206.088 0.018 54309.15 0.16 0 0.4126 0.0017
3206   2402.7 17.7 55181.29 0.67 0 0.8449 0.0036
3219   1426.71012 0.09079 53649.768 0.153 0 0.6159 0.0004
3220   12489.96477 85.32950 50832.574 0.471 0 0.8045 0.0009
3429   756.4 1.3 44488.1 7.2 0 0.316 0.019
3431   15.8724 0.0002 47989.040 0.060 0 0.326 0.005
3448   896.9000 1.4000 49164.000 18.000 0 0.117 0.020
3456   5551.0000 221.0000 46966.000 94.000 0 0.533 0.049
3459   2657.0000 26.0000 47203.000 18.000 0 0.481 0.029
3472   666.5 2.4 47653.3 2.4 0 0.304 0.021
3490   10.65940 0.00012 56233.3731 0.0062 0 0.3430 0.0013
3500   148.14 0.673 54885.52 1.68 0 0.430 0.0284
3503   170.304 0.013 52746.80 1.48 0 0.135 0.008
3509   257.31 0.22 56143.16 0.98 0 0.626 0.013
3510   211.76 0.17 56372.6 2.7 0 0.210 0.016
3513   3827.3 7.0 54923 12 0 0.3586 0.0056
3516   164.278 0.014 55873.96 0.12 0 0.5919 0.0026
3518   19.37128 0.00005 56938.5994 0.0211 0 0.1028 0.0009
3519   638.66616 0.00047 56903.4035 0.0026 0 0.1912 0.0018
3526   2443.16716 2.1 54775.5755 2.5 0 0.4999 0.0015
3530   4.23345 0.00000 57120.5074 0.0040 0 0.0000 0.0000
3547   553.206 0.037 57163.64 0.19 0 0.4276 0.0012
3564   205.800 0.025 53893.2 0.4 0 0.302 0.004
3565   1506.4 2.4 53071.4 2.7 0 0.459 0.006
3600   1223 30 50489 30 0 0.60 0.05
3613   1030.0 0.6 53542 5 0 0.125 0.004
3627   103.226 0.042 49672.0 5.7 0 0.141 0.044
3631   386.64 0.30 46161.5 4.3 0 0.186 0.018
3662   2533 5 54768 9 0 0.300 0.005
3701   18440 1576 47849 60 0 0.452 0.044
3702   111.1 0.000 58025.7 2.9 0 0.300 0.078
3705   30.427 0.006 58214.038 0.023 0 0.418 0.001
3707   9.6717 0.0008 58194.383 0.345 0 0.007 0.001
3710   21.8186 0.0015 58202.091 0.014 0 0.577 0.002
3711   21.0802 0.0030 58197.2344 0.0072 0 0.708 0.003
3718   22.49302 0.00005 58421.602 0.003 0 0.2886 0.0002
3719   312.279 0.039 50319.39 0.40 0 0.705 0.007
3818   9278 52 57073 60 0 0.401 0.017
3859   3751 6 54694 6 0 0.530 0.006
3871   3038 8 52430 13 0 0.538 0.024
3874   7960 210 52700 250 0 0.56 0.05
3875   5.837891 0.000008 49456.98 0.18 0 0.0144 0.0027
3876   204.256 0.010 50398.69 0.23 0 0.727 0.007
3878   8.43 0.87 51262.37 1.24 0 0.13 0.29
3879   46.1512 0.0002 54324.14 0.03 0 0.285 0.001
3880   562.1 0.4 53762.5 0.9 0 0.532 0.004
3890   7929.4 2500.2 62030.1 2501.4 0 0.685 0.067
3911   691.2 0.4 52380 5 0 0.198 0.007
3913   4410 10 55065 31 0 0.199 0.009
4009   53.6806 0.0029 58498.043 0.034 0 0.462 0.002
4015   354.88 0.05 58243.32 0.13 0 0.397 0.001
