#
# White Dwarf final and initial masses
# Cummings et al. 2018, ApJ, 866, 21
# Table 1 - converted from ApJ ASCII into a machine readable format
#
# Units:
#  Teff  -  K
#  tcool - Myr
#  M_x   - Msun
#  initial mass estimates: P = PARSEC isochrones, M = MESA isochrones
#
starID            Teff  errT  log_g  errlg  M_f    errMf  tcool etm   etp  M_iP    eMiPm   eMiPp   M_iM   eMiMm   eMiMp   SN
NGC2099-WD10      19250  500  8.160  0.084  0.717  0.049  115   21    23   2.99    0.04    0.05   3.03    0.05    0.06   43      
NGC2099-WD13      20250  850  8.526  0.126  0.949  0.078  199   47    58   3.19    0.12    0.19   3.25    0.13    0.20   30      
NGC2099-WD16      17150  850  8.334  0.144  0.823  0.092  230   59    75   3.29    0.17    0.29   3.35    0.18    0.31   24      
NGC2099-WD17      18000  950  8.571  0.154  0.974  0.092  302   82    102  3.57    0.31    0.64   3.64    0.33    0.70   25      
Prae_WD0833+194   14500  300  8.325  0.042  0.813  0.027  364   30    33   3.40    0.10    0.12   3.51    0.10    0.12  173     
Prae_WD0836+199   14900  300  8.351  0.043  0.830  0.028  352   31    34   3.36    0.10    0.12   3.41    0.10    0.12  130     
Prae_WD0837+185   14750  350  8.413  0.046  0.870  0.029  402   39    42   3.54    0.14    0.19   3.65    0.14    0.19  140     
Prae_WD0837+199   17200  200  8.230  0.040  0.757  0.025  190   15    16   2.96    0.03    0.03   3.02    0.03    0.03  216     
Prae_WD0840+190   14800  400  8.452  0.047  0.895  0.030  425   44    48   3.64    0.18    0.25   3.76    0.17    0.26  106     
Prae_WD0840+200   16050  200  8.226  0.042  0.752  0.027  233   18    19   3.05    0.04    0.04   3.12    0.04    0.05  134     
Prae_WD0843+184   14850  300  8.456  0.043  0.898  0.028  423   41    38   3.63    0.17    0.19   3.75    0.16    0.20  173     
NGC6121-WD00      20900  500  7.771  0.076  0.507  0.036   35   4     6    0.87    0.01    0.01   0.83    0.01    0.01   49      
NGC6121-WD04      25450  550  7.776  0.074  0.522  0.034   16   1     1    0.87    0.01    0.01   0.83    0.01    0.01   64      
NGC6121-WD05      28850  500  7.767  0.072  0.527  0.032   10   0.6   0.6  0.87    0.01    0.01   0.83    0.01    0.01   78      
NGC6121-WD06      26350  500  7.903  0.069  0.587  0.035   15   1     3    0.87    0.01    0.01   0.83    0.01    0.01   56      
NGC6121-WD15      24600  600  7.887  0.081  0.574  0.041   19   2     5    0.87    0.01    0.01   0.83    0.01    0.01   47      
NGC6121-WD20      21050  550  7.792  0.084  0.517  0.040   34   4     7    0.87    0.01    0.01   0.83    0.01    0.01   44      
NGC6121-WD24      26250  500  7.789  0.069  0.530  0.032   14   0.9   1    0.87    0.01    0.01   0.83    0.01    0.01   64      
NGC6819-6         21700  350  7.944  0.051  0.597  0.028   40   5     7    1.61    0.01    0.01   1.58    0.01    0.01   97      
NGC7789-5         31700  450  8.116  0.061  0.714  0.036    8   1     0.8  1.90    0.01    0.01   1.79    0.01    0.01   91      
NGC7789-8         24800  550  8.114  0.074  0.700  0.044   32   8     10   1.91    0.01    0.01   1.81    0.01    0.01   58      
NGC7789-11        20500  650  8.270  0.095  0.787  0.060  117   25    28   1.96    0.01    0.01   1.85    0.02    0.03   46      
NGC7789-14        21100 1000  7.987  0.144  0.619  0.080   52   18    28   1.92    0.01    0.02   1.82    0.01    0.01   24      
NGC1039-WD15      25900  500  8.58   0.07   0.990  0.044  103   17    19   5.81    0.46    0.71   5.42    0.36    0.51   66      
NGC1039-WD17      26050  350  8.61   0.05   1.005  0.028  108   12    13   5.95    0.35    0.47   5.53    0.27    0.34  135     
NGC1039-WDS2      31600  400  8.46   0.04   0.921  0.027   31   4     6    4.48    0.04    0.07   4.32    0.04    0.06  303     
NGC2099-WD2       22200  650  8.24   0.07   0.77   0.045   81   16    18   2.92    0.03    0.04   2.95    0.03    0.04   55      
NGC2099-WD5       18100  650  8.21   0.01   0.74   0.062  156   32    36   3.08    0.07    0.09   3.13    0.08    0.10   34      
NGC2099-WD6       16700  750  8.44   0.11   0.89   0.069  299   62    73   3.55    0.24    0.40   3.63    0.26    0.44   32      
NGC2099-WD9       16200  800  7.95   0.14   0.59   0.078  139   38    47   3.04    0.08    0.12   3.08    0.09    0.13   27      
NGC2099-WD18      24900  600  8.21   0.06   0.76   0.036   44   10    11   2.85    0.02    0.02   2.87    0.02    0.02   75      
NGC2099-WD21      16900  700  8.37   0.11   0.85   0.069  258   52    63   3.39    0.17    0.27   3.45    0.18    0.29   36      
NGC2099-WD24      18700  700  8.29   0.11   0.80   0.068  163   35    40   3.10    0.08    0.11   3.14    0.09    0.12   42      
NGC2099-WD25      27500  450  8.11   0.06   0.70   0.03    17   3     5    2.80    0.01    0.01   2.82    0.01    0.01   82      
NGC2099-WD28      22000  400  8.20   0.06   0.75   0.03    76   12    13   2.91    0.02    0.03   2.94    0.02    0.03   80      
NGC2099-WD33      32900 1100  9.27   0.22   1.28   0.08   233   118   102  3.30    0.31    0.43   3.36    0.34    0.46   22      
NGC2168-LAWDS1    33500  450  8.44   0.06   0.911  0.039   19   6     7    4.39    0.06    0.08   4.35    0.06    0.08  122     
NGC2168-LAWDS2    33400  600  8.49   0.10   0.940  0.061   25   10    13   4.46    0.11    0.16   4.42    0.11    0.16   60      
NGC2168-LAWDS5    52700  900  8.21   0.06   0.801  0.031  1.0   0.1   0.1  4.19    0.01    0.01   4.16    0.01    0.01  225     
NGC2168-LAWDS6    57300 1000  8.05   0.06   0.731  0.029  0.5   0.1   0.1  4.20    0.01    0.01   4.17    0.01    0.01  250     
#NGC2168-LAWDS11   19900  350  8.35   0.05   0.834  0.035  149   17    18  10.44    2.67    *      9.13    1.75    11.1   90      
NGC2168-LAWDS12   34200  500  8.60   0.06   1.009  0.037   36   8     9    4.58    0.10    0.12   4.54    0.10    0.11  100     
NGC2168-LAWDS14   30500  450  8.57   0.06   0.988  0.038   54   10    11   4.86    0.16    0.20   4.78    0.14    0.18   98      
NGC2168-LAWDS15   30100  400  8.61   0.06   1.009  0.032   64   10    10   5.03    0.18    0.21   4.93    0.16    0.20  110     
NGC2168-LAWDS22   53000 1000  8.22   0.06   0.807  0.035  1.0   0.1   0.1  4.20    0.01    0.01   4.17    0.01    0.00  233     
NGC2168-LAWDS27   30700  400  8.72   0.06   1.071  0.031   78   11    12   5.35    0.24    0.30   5.24    0.24    0.31  125     
NGC2168-LAWDS29   33500  450  8.56   0.06   0.984  0.034   34   8     8    4.56    0.10    0.11   4.52    0.09    0.10   94      
NGC2168-LAWDS30   29700  500  8.39   0.08   0.878  0.048   33   10    12   4.55    0.12    0.16   4.51    0.12    0.15   60      
NGC2287-2         25900  350  8.45   0.05   0.909  0.028   76   9     10   4.82    0.13    0.17   4.83    0.14    0.17  164     
NGC2287-4         26500  350  8.71   0.05   1.065  0.027  127   13    14   6.02    0.41    0.65   6.06    0.43    0.64  144     
NGC2287-5         25600  350  8.44   0.04   0.901  0.028   77   9     10   4.85    0.14    0.17   4.86    0.14    0.18  189     
NGC2323-WD10      52800 1350  8.68   0.09   1.068  0.045  1.6   0.6   1.2  5.06    0.01    0.02   4.90    0.01    0.02   87      
NGC2323-WD11      54100 1000  8.69   0.07   1.075  0.032  1.3   0.4   0.6  5.05    0.01    0.01   4.89    0.01    0.01  126     
NGC2516-1         30100  350  8.47   0.04   0.925  0.027   42   7     7    4.62    0.09    0.11   4.29    0.06    0.08  270     
NGC2516-2         35500  550  8.55   0.07   0.981  0.040   24   7     8    4.83    0.09    0.11   4.44    0.06    0.08   83      
NGC2516-3         29100  350  8.46   0.04   0.918  0.027   48   7     8    4.89    0.11    0.12   4.49    0.08    0.08  207     
NGC2516-5         32200  400  8.54   0.05   0.970  0.027   38   6     7    4.98    0.12    0.15   4.55    0.08    0.10  213     
NGC3532-1         23100  300  8.52   0.04   0.950  0.026  131   12    13   3.95    0.08    0.09   3.86    0.07    0.08  210     
NGC3532-5         27700  350  8.28   0.05   0.804  0.028   31   6     7    3.44    0.02    0.03   3.39    0.02    0.03  232     
NGC3532-9         31900  400  8.18   0.04   0.752  0.026  9.3   1     2    3.36    0.01    0.01   3.31    0.01    0.01  236     
NGC3532-10        26300  350  8.34   0.04   0.838  0.027   51   8     8    3.52    0.03    0.03   3.46    0.03    0.03  234     
NGC3532-J1106-584 20200  300  8.52   0.05   0.945  0.029  197   18    20   4.54    0.20    0.27   4.38    0.17    0.23  149     
NGC3532-J1106-590 21100  350  8.48   0.05   0.922  0.031  163   17    18   4.20    0.14    0.17   4.07    0.12    0.15  124     
NGC3532-J1107-584 20700  300  8.59   0.05   0.990  0.028  211   20    21   4.73    0.25    0.34   4.54    0.22    0.29  193     
VPHASJ1103-5837   23900  450  8.87   0.06   1.11   0.03   223   30    40   4.91    0.41    0.90   4.69    0.35    0.73  cdots   
Sirius_B          26000  400  8.57   0.04   0.982  0.024   99   10    11   4.58    0.12    0.14   4.88    0.14    0.18  cdots   
Pleiades-LB1497   32700  500  8.67   0.05   1.046  0.028   54   8     9    6.61    0.34    0.51   5.86    0.23    0.31  187     
#GD50              42700  800  9.20   0.07   1.26   0.02    76   11    17   8.21    0.99    2.86   6.74    0.52    1.21  cdots   
PG0136+251        41400  800  9.03   0.07   1.20   0.03    52   12    14   6.49    0.45    0.80   5.78    0.33    0.48  cdots   
Hya_HS0400+1451   14620   60  8.25   0.01   0.765  0.006  316   9     10   3.26    0.02    0.02   3.36    0.02    0.02  cdots   
Hya_WD0348+339    14820  350  8.31   0.05   0.804  0.032  331   36    40   3.32    0.10    0.12   3.42    0.10    0.13  cdots   
Hya_WD0352+096    14670  380  8.30   0.05   0.797  0.032  339   37    41   3.33    0.10    0.13   3.44    0.11    0.13  cdots   
Hya_WD0406+169    15810  290  8.38   0.05   0.850  0.032  316   28    31   3.26    0.08    0.10   3.36    0.09    0.10  cdots   
Hya_WD0421+162    20010  320  8.13   0.05   0.700  0.03    93   12    14   2.80    0.02    0.02   2.84    0.02    0.02  cdots   
Hya_WD0425+168    25130  380  8.12   0.05   0.704  0.029   31   5     6    2.71    0.01    0.01   2.74    0.01    0.01  cdots   
Hya_WD0431+126    21890  350  8.11   0.05   0.691  0.03    60   9     11   2.75    0.01    0.01   2.79    0.02    0.02  cdots   
Hya_WD0437+138    15120  360  8.25   0.09   0.766  0.057  295   44    52   3.18    0.10    0.14   3.28    0.12    0.15  cdots   
Hya_WD0438+108    27540  400  8.15   0.05   0.726  0.03    20   4     5    2.70    0.00    0.01   2.73    0.01    0.01  cdots   
Hya_WD0625+415    17610  280  8.07   0.05   0.659  0.03   132   14    16   2.86    0.02    0.03   2.91    0.03    0.03  cdots   
Hya_WD0637+477    14650  590  8.30   0.06   0.797  0.039  339   44    50   3.34    0.14    0.19   3.44    0.15    0.19  cdots   
