Mass       Radius     X          Y          c12        n14        o16        mu
0.00000    0.00000    0.33984    0.64034    0.00048    0.10940    0.17300    0.85391
0.00003    0.00649    0.33984    0.64034    0.00048    0.10940    0.17300    0.85391
0.00003    0.00659    0.33989    0.64030    0.00048    0.10940    0.17300    0.85386
0.00003    0.00670    0.33993    0.64026    0.00048    0.10940    0.17300    0.85383
0.00003    0.00680    0.33997    0.64021    0.00048    0.10940    0.17300    0.85379
0.00004    0.00690    0.34002    0.64017    0.00048    0.10940    0.17300    0.85374
0.00004    0.00701    0.34007    0.64012    0.00048    0.10940    0.17300    0.85370
0.00004    0.00712    0.34012    0.64007    0.00048    0.10940    0.17300    0.85365
0.00004    0.00723    0.34017    0.64002    0.00048    0.10940    0.17300    0.85361
0.00004    0.00734    0.34022    0.63997    0.00048    0.10940    0.17300    0.85356
0.00004    0.00745    0.34028    0.63991    0.00048    0.10940    0.17300    0.85351
0.00005    0.00756    0.34033    0.63986    0.00048    0.10940    0.17300    0.85346
0.00005    0.00768    0.34039    0.63980    0.00048    0.10940    0.17300    0.85341
0.00005    0.00780    0.34045    0.63974    0.00048    0.10940    0.17300    0.85335
0.00005    0.00792    0.34051    0.63968    0.00048    0.10940    0.17300    0.85330
0.00006    0.00804    0.34057    0.63962    0.00048    0.10940    0.17300    0.85324
0.00006    0.00816    0.34064    0.63955    0.00048    0.10920    0.17300    0.85318
0.00006    0.00829    0.34070    0.63948    0.00048    0.10920    0.17320    0.85313
0.00006    0.00841    0.34077    0.63942    0.00048    0.10920    0.17320    0.85306
0.00007    0.00854    0.34084    0.63934    0.00048    0.10920    0.17320    0.85300
0.00007    0.00867    0.34092    0.63927    0.00048    0.10920    0.17320    0.85293
0.00007    0.00881    0.34099    0.63920    0.00048    0.10920    0.17320    0.85286
0.00008    0.00894    0.34107    0.63912    0.00048    0.10920    0.17320    0.85279
0.00008    0.00908    0.34115    0.63904    0.00048    0.10920    0.17320    0.85272
0.00008    0.00922    0.34123    0.63896    0.00048    0.10920    0.17320    0.85264
0.00009    0.00936    0.34132    0.63887    0.00048    0.10920    0.17320    0.85256
0.00009    0.00950    0.34140    0.63879    0.00048    0.10920    0.17320    0.85249
0.00010    0.00964    0.34149    0.63870    0.00048    0.10920    0.17320    0.85241
0.00010    0.00979    0.34159    0.63860    0.00048    0.10920    0.17320    0.85232
0.00011    0.00994    0.34168    0.63851    0.00048    0.10920    0.17320    0.85223
0.00011    0.01009    0.34178    0.63841    0.00048    0.10920    0.17320    0.85214
0.00012    0.01025    0.34188    0.63831    0.00048    0.10920    0.17320    0.85205
0.00012    0.01040    0.34199    0.63820    0.00048    0.10900    0.17320    0.85195
0.00013    0.01056    0.34209    0.63810    0.00048    0.10900    0.17340    0.85186
0.00013    0.01072    0.34220    0.63799    0.00048    0.10900    0.17340    0.85176
0.00014    0.01088    0.34232    0.63787    0.00048    0.10900    0.17340    0.85165
0.00015    0.01105    0.34243    0.63776    0.00048    0.10900    0.17340    0.85155
0.00015    0.01122    0.34256    0.63764    0.00048    0.10900    0.17340    0.85144
0.00016    0.01139    0.34268    0.63751    0.00048    0.10900    0.17340    0.85133
0.00017    0.01156    0.34281    0.63739    0.00048    0.10900    0.17340    0.85121
0.00017    0.01173    0.34294    0.63725    0.00048    0.10900    0.17340    0.85109
0.00018    0.01191    0.34307    0.63712    0.00048    0.10900    0.17340    0.85097
0.00019    0.01209    0.34321    0.63698    0.00048    0.10900    0.17340    0.85085
0.00020    0.01227    0.34336    0.63684    0.00048    0.10880    0.17340    0.85071
0.00021    0.01246    0.34350    0.63669    0.00048    0.10880    0.17360    0.85059
0.00022    0.01264    0.34365    0.63654    0.00048    0.10880    0.17360    0.85045
0.00023    0.01283    0.34381    0.63638    0.00048    0.10880    0.17360    0.85031
0.00024    0.01303    0.34397    0.63622    0.00048    0.10880    0.17360    0.85016
0.00025    0.01322    0.34414    0.63606    0.00048    0.10880    0.17360    0.85001
0.00026    0.01342    0.34431    0.63589    0.00048    0.10880    0.17360    0.84985
0.00027    0.01362    0.34448    0.63572    0.00048    0.10880    0.17360    0.84970
0.00029    0.01383    0.34466    0.63554    0.00048    0.10860    0.17360    0.84954
0.00030    0.01403    0.34484    0.63535    0.00048    0.10860    0.17380    0.84938
0.00031    0.01424    0.34503    0.63516    0.00048    0.10860    0.17380    0.84920
0.00033    0.01445    0.34523    0.63497    0.00048    0.10860    0.17380    0.84902
0.00034    0.01467    0.34543    0.63477    0.00048    0.10860    0.17380    0.84884
0.00036    0.01489    0.34563    0.63456    0.00048    0.10860    0.17380    0.84866
0.00037    0.01511    0.34584    0.63435    0.00047    0.10860    0.17380    0.84847
0.00039    0.01533    0.34606    0.63414    0.00047    0.10840    0.17380    0.84828
0.00041    0.01556    0.34628    0.63391    0.00047    0.10840    0.17400    0.84808
0.00042    0.01579    0.34651    0.63368    0.00047    0.10840    0.17400    0.84787
0.00044    0.01602    0.34675    0.63345    0.00047    0.10840    0.17400    0.84766
0.00046    0.01626    0.34699    0.63321    0.00047    0.10840    0.17400    0.84744
0.00048    0.01649    0.34724    0.63296    0.00047    0.10840    0.17400    0.84722
0.00050    0.01674    0.34749    0.63271    0.00047    0.10820    0.17400    0.84699
0.00053    0.01698    0.34775    0.63245    0.00047    0.10820    0.17420    0.84676
0.00055    0.01723    0.34802    0.63218    0.00047    0.10820    0.17420    0.84652
0.00057    0.01748    0.34830    0.63190    0.00047    0.10820    0.17420    0.84627
0.00060    0.01773    0.34858    0.63162    0.00047    0.10820    0.17420    0.84601
0.00063    0.01799    0.34887    0.63133    0.00047    0.10820    0.17420    0.84576
0.00065    0.01825    0.34917    0.63104    0.00047    0.10800    0.17440    0.84549
0.00068    0.01851    0.34947    0.63073    0.00047    0.10800    0.17440    0.84522
0.00071    0.01878    0.34978    0.63042    0.00047    0.10800    0.17440    0.84494
0.00074    0.01905    0.35010    0.63010    0.00047    0.10800    0.17440    0.84466
0.00077    0.01932    0.35043    0.62978    0.00047    0.10780    0.17440    0.84436
0.00081    0.01960    0.35076    0.62944    0.00047    0.10780    0.17460    0.84407
0.00084    0.01987    0.35111    0.62910    0.00047    0.10780    0.17460    0.84376
0.00088    0.02016    0.35146    0.62875    0.00047    0.10780    0.17460    0.84344
0.00091    0.02044    0.35182    0.62839    0.00047    0.10760    0.17460    0.84312
0.00095    0.02073    0.35219    0.62802    0.00047    0.10760    0.17480    0.84280
0.00099    0.02102    0.35257    0.62764    0.00047    0.10760    0.17480    0.84246
0.00103    0.02131    0.35295    0.62726    0.00047    0.10760    0.17480    0.84212
0.00108    0.02161    0.35335    0.62686    0.00047    0.10740    0.17480    0.84177
0.00112    0.02191    0.35375    0.62646    0.00047    0.10740    0.17500    0.84141
0.00117    0.02221    0.35417    0.62605    0.00046    0.10740    0.17500    0.84104
0.00122    0.02252    0.35459    0.62562    0.00046    0.10740    0.17500    0.84067
0.00127    0.02283    0.35502    0.62519    0.00046    0.10720    0.17500    0.84029
0.00132    0.02314    0.35546    0.62475    0.00046    0.10720    0.17520    0.83990
0.00137    0.02345    0.35591    0.62430    0.00046    0.10720    0.17520    0.83951
0.00143    0.02377    0.35637    0.62384    0.00046    0.10700    0.17520    0.83910
0.00149    0.02409    0.35684    0.62338    0.00046    0.10700    0.17520    0.83869
0.00154    0.02442    0.35732    0.62290    0.00046    0.10700    0.17540    0.83826
0.00161    0.02474    0.35781    0.62241    0.00046    0.10700    0.17540    0.83783
0.00167    0.02507    0.35830    0.62191    0.00046    0.10680    0.17540    0.83741
0.00174    0.02540    0.35881    0.62141    0.00046    0.10680    0.17560    0.83696
0.00180    0.02574    0.35933    0.62089    0.00046    0.10680    0.17560    0.83650
0.00187    0.02608    0.35986    0.62036    0.00046    0.10660    0.17560    0.83604
0.00195    0.02642    0.36040    0.61982    0.00046    0.10660    0.17580    0.83557
0.00202    0.02676    0.36094    0.61928    0.00046    0.10660    0.17580    0.83510
0.00210    0.02710    0.36150    0.61872    0.00046    0.10640    0.17580    0.83461
0.00218    0.02745    0.36207    0.61815    0.00046    0.10640    0.17600    0.83411
0.00226    0.02780    0.36265    0.61758    0.00045    0.10640    0.17600    0.83361
0.00235    0.02815    0.36324    0.61699    0.00045    0.10620    0.17600    0.83310
0.00243    0.02851    0.36383    0.61639    0.00045    0.10620    0.17620    0.83258
0.00252    0.02887    0.36444    0.61579    0.00045    0.10620    0.17620    0.83206
0.00262    0.02923    0.36506    0.61517    0.00045    0.10600    0.17620    0.83152
0.00271    0.02959    0.36569    0.61454    0.00045    0.10600    0.17640    0.83097
0.00281    0.02995    0.36632    0.61391    0.00045    0.10580    0.17640    0.83043
0.00291    0.03032    0.36697    0.61326    0.00045    0.10580    0.17640    0.82987
0.00302    0.03068    0.36763    0.61261    0.00045    0.10580    0.17660    0.82930
0.00313    0.03105    0.36829    0.61194    0.00045    0.10560    0.17660    0.82874
0.00324    0.03143    0.36897    0.61127    0.00045    0.10560    0.17660    0.82815
0.00335    0.03180    0.36966    0.61058    0.00045    0.10560    0.17680    0.82756
0.00347    0.03218    0.37035    0.60989    0.00045    0.10540    0.17680    0.82697
0.00358    0.03255    0.37106    0.60918    0.00045    0.10540    0.17680    0.82636
0.00371    0.03293    0.37177    0.60847    0.00044    0.10520    0.17700    0.82576
0.00383    0.03331    0.37249    0.60775    0.00044    0.10520    0.17700    0.82515
0.00396    0.03369    0.37323    0.60702    0.00044    0.10520    0.17700    0.82451
0.00409    0.03408    0.37397    0.60628    0.00044    0.10500    0.17720    0.82389
0.00423    0.03446    0.37472    0.60553    0.00044    0.10500    0.17720    0.82325
0.00437    0.03485    0.37548    0.60477    0.00044    0.10480    0.17720    0.82261
0.00451    0.03524    0.37625    0.60400    0.00044    0.10480    0.17740    0.82196
0.00466    0.03563    0.37702    0.60323    0.00044    0.10480    0.17740    0.82131
0.00481    0.03602    0.37781    0.60244    0.00044    0.10460    0.17760    0.82064
0.00496    0.03641    0.37860    0.60165    0.00044    0.10460    0.17760    0.81998
0.00511    0.03680    0.37940    0.60085    0.00044    0.10440    0.17760    0.81930
0.00527    0.03719    0.38021    0.60004    0.00044    0.10440    0.17780    0.81863
0.00543    0.03759    0.38103    0.59923    0.00043    0.10440    0.17780    0.81794
0.00560    0.03798    0.38185    0.59840    0.00043    0.10420    0.17780    0.81725
0.00577    0.03838    0.38269    0.59757    0.00043    0.10420    0.17800    0.81655
0.00594    0.03878    0.38353    0.59673    0.00043    0.10400    0.17800    0.81585
0.00612    0.03917    0.38438    0.59589    0.00043    0.10400    0.17800    0.81514
0.00630    0.03957    0.38523    0.59503    0.00043    0.10400    0.17820    0.81444
0.00649    0.03997    0.38609    0.59417    0.00043    0.10380    0.17820    0.81373
0.00667    0.04037    0.38696    0.59331    0.00043    0.10380    0.17820    0.81301
0.00686    0.04077    0.38784    0.59243    0.00043    0.10360    0.17840    0.81228
0.00706    0.04117    0.38872    0.59155    0.00043    0.10360    0.17840    0.81156
0.00726    0.04158    0.38961    0.59066    0.00043    0.10360    0.17860    0.81082
0.00746    0.04198    0.39050    0.58977    0.00042    0.10340    0.17860    0.81009
0.00766    0.04238    0.39140    0.58887    0.00042    0.10340    0.17860    0.80936
0.00787    0.04278    0.39231    0.58797    0.00042    0.10320    0.17880    0.80861
0.00809    0.04319    0.39322    0.58706    0.00042    0.10320    0.17880    0.80787
0.00830    0.04359    0.39414    0.58614    0.00042    0.10320    0.17880    0.80712
0.00852    0.04399    0.39506    0.58522    0.00042    0.10300    0.17900    0.80637
0.00875    0.04440    0.39599    0.58429    0.00042    0.10300    0.17900    0.80561
0.00898    0.04480    0.39693    0.58336    0.00042    0.10280    0.17900    0.80485
0.00921    0.04521    0.39786    0.58242    0.00042    0.10280    0.17900    0.80410
0.00944    0.04561    0.39881    0.58148    0.00042    0.10280    0.17920    0.80333
0.00968    0.04601    0.39976    0.58053    0.00042    0.10260    0.17920    0.80257
0.00992    0.04642    0.40071    0.57958    0.00041    0.10260    0.17920    0.80180
0.01017    0.04682    0.40167    0.57862    0.00041    0.10240    0.17940    0.80103
0.01042    0.04723    0.40263    0.57766    0.00041    0.10240    0.17940    0.80026
0.01067    0.04763    0.40360    0.57670    0.00041    0.10240    0.17940    0.79948
0.01093    0.04804    0.40457    0.57573    0.00041    0.10220    0.17960    0.79871
0.01119    0.04844    0.40554    0.57476    0.00041    0.10220    0.17960    0.79794
0.01145    0.04884    0.40652    0.57378    0.00041    0.10220    0.17960    0.79716
0.01172    0.04925    0.40750    0.57280    0.00041    0.10200    0.17960    0.79638
0.01199    0.04965    0.40848    0.57182    0.00041    0.10200    0.17980    0.79560
0.01227    0.05006    0.40947    0.57083    0.00041    0.10200    0.17980    0.79482
0.01255    0.05046    0.41046    0.56984    0.00041    0.10180    0.17980    0.79404
0.01283    0.05086    0.41146    0.56885    0.00040    0.10180    0.17980    0.79325
0.01312    0.05127    0.41246    0.56785    0.00040    0.10180    0.18000    0.79247
0.01341    0.05167    0.41346    0.56686    0.00040    0.10160    0.18000    0.79168
0.01370    0.05207    0.41446    0.56585    0.00040    0.10160    0.18000    0.79090
0.01400    0.05248    0.41547    0.56485    0.00040    0.10160    0.18000    0.79011
0.01430    0.05288    0.41648    0.56384    0.00040    0.10140    0.18020    0.78932
0.01460    0.05328    0.41749    0.56283    0.00040    0.10140    0.18020    0.78854
0.01491    0.05368    0.41850    0.56182    0.00040    0.10140    0.18020    0.78775
0.01522    0.05408    0.41952    0.56081    0.00040    0.10120    0.18020    0.78696
0.01554    0.05448    0.42053    0.55979    0.00040    0.10120    0.18040    0.78618
0.01586    0.05489    0.42155    0.55877    0.00040    0.10120    0.18040    0.78539
0.01618    0.05529    0.42257    0.55775    0.00039    0.10100    0.18040    0.78461
0.01650    0.05569    0.42360    0.55673    0.00039    0.10100    0.18040    0.78381
0.01683    0.05609    0.42462    0.55571    0.00039    0.10100    0.18040    0.78303
0.01717    0.05649    0.42565    0.55468    0.00039    0.10080    0.18060    0.78224
0.01750    0.05688    0.42668    0.55366    0.00039    0.10080    0.18060    0.78146
0.01784    0.05728    0.42771    0.55263    0.00039    0.10080    0.18060    0.78067
0.01819    0.05768    0.42874    0.55160    0.00039    0.10080    0.18060    0.77989
0.01853    0.05808    0.42977    0.55057    0.00039    0.10060    0.18060    0.77910
0.01888    0.05848    0.43081    0.54954    0.00039    0.10060    0.18080    0.77831
0.01924    0.05888    0.43184    0.54850    0.00039    0.10060    0.18080    0.77754
0.01959    0.05927    0.43288    0.54747    0.00039    0.10040    0.18080    0.77675
0.01995    0.05967    0.43392    0.54643    0.00039    0.10040    0.18080    0.77597
0.02032    0.06007    0.43496    0.54540    0.00038    0.10040    0.18080    0.77518
0.02069    0.06046    0.43599    0.54436    0.00038    0.10040    0.18080    0.77441
0.02106    0.06086    0.43703    0.54332    0.00038    0.10020    0.18100    0.77363
0.02143    0.06125    0.43808    0.54228    0.00038    0.10020    0.18100    0.77285
0.02181    0.06165    0.43912    0.54124    0.00038    0.10020    0.18100    0.77207
0.02219    0.06204    0.44016    0.54020    0.00038    0.10020    0.18100    0.77130
0.02258    0.06244    0.44120    0.53916    0.00038    0.10000    0.18100    0.77052
0.02297    0.06283    0.44225    0.53812    0.00038    0.10000    0.18100    0.76974
0.02336    0.06322    0.44329    0.53708    0.00038    0.10000    0.18100    0.76898
0.02375    0.06362    0.44433    0.53604    0.00038    0.10000    0.18120    0.76821
0.02415    0.06401    0.44538    0.53499    0.00038    0.09980    0.18120    0.76743
0.02455    0.06440    0.44642    0.53395    0.00037    0.09980    0.18120    0.76667
0.02496    0.06479    0.44747    0.53291    0.00037    0.09980    0.18120    0.76590
0.02537    0.06519    0.44851    0.53186    0.00037    0.09980    0.18120    0.76514
0.02578    0.06558    0.44956    0.53082    0.00037    0.09960    0.18120    0.76437
0.02620    0.06597    0.45060    0.52978    0.00037    0.09960    0.18120    0.76361
0.02662    0.06636    0.45165    0.52873    0.00037    0.09960    0.18120    0.76284
0.02704    0.06675    0.45270    0.52769    0.00037    0.09960    0.18140    0.76208
0.02746    0.06714    0.45374    0.52664    0.00037    0.09960    0.18140    0.76133
0.02789    0.06753    0.45479    0.52560    0.00037    0.09940    0.18140    0.76057
0.02833    0.06792    0.45583    0.52456    0.00037    0.09940    0.18140    0.75981
0.02876    0.06831    0.45688    0.52351    0.00037    0.09940    0.18140    0.75906
0.02920    0.06870    0.45792    0.52247    0.00037    0.09940    0.18140    0.75831
0.02965    0.06909    0.45897    0.52143    0.00036    0.09920    0.18140    0.75755
0.03009    0.06948    0.46001    0.52038    0.00036    0.09920    0.18140    0.75681
0.03054    0.06987    0.46106    0.51934    0.00036    0.09920    0.18140    0.75606
0.03100    0.07025    0.46210    0.51830    0.00036    0.09920    0.18140    0.75532
0.03145    0.07064    0.46315    0.51726    0.00036    0.09920    0.18140    0.75457
0.03191    0.07103    0.46419    0.51622    0.00036    0.09900    0.18140    0.75383
0.03238    0.07142    0.46523    0.51517    0.00036    0.09900    0.18140    0.75309
0.03284    0.07180    0.46628    0.51413    0.00036    0.09900    0.18140    0.75235
0.03331    0.07219    0.46732    0.51309    0.00036    0.09900    0.18160    0.75161
0.03379    0.07258    0.46836    0.51205    0.00036    0.09900    0.18160    0.75088
0.03426    0.07296    0.46940    0.51101    0.00036    0.09900    0.18160    0.75014
0.03475    0.07335    0.47044    0.50997    0.00036    0.09880    0.18160    0.74941
0.03523    0.07374    0.47148    0.50894    0.00035    0.09880    0.18160    0.74868
0.03572    0.07412    0.47252    0.50790    0.00035    0.09880    0.18160    0.74796
0.03621    0.07451    0.47356    0.50686    0.00035    0.09880    0.18160    0.74723
0.03670    0.07490    0.47460    0.50582    0.00035    0.09880    0.18160    0.74650
0.03720    0.07528    0.47564    0.50479    0.00035    0.09880    0.18160    0.74578
0.03770    0.07567    0.47667    0.50375    0.00035    0.09860    0.18160    0.74506
0.03821    0.07605    0.47771    0.50272    0.00035    0.09860    0.18160    0.74434
0.03871    0.07644    0.47875    0.50169    0.00035    0.09860    0.18160    0.74362
0.03923    0.07682    0.47978    0.50065    0.00035    0.09860    0.18160    0.74291
0.03974    0.07721    0.48082    0.49962    0.00035    0.09860    0.18160    0.74219
0.04026    0.07759    0.48185    0.49859    0.00035    0.09860    0.18160    0.74148
0.04078    0.07798    0.48288    0.49756    0.00035    0.09840    0.18160    0.74078
0.04131    0.07836    0.48391    0.49653    0.00034    0.09840    0.18160    0.74007
0.04184    0.07875    0.48494    0.49550    0.00034    0.09840    0.18160    0.73937
0.04237    0.07913    0.48597    0.49447    0.00034    0.09840    0.18160    0.73866
0.04290    0.07952    0.48700    0.49344    0.00034    0.09840    0.18160    0.73796
0.04344    0.07990    0.48803    0.49242    0.00034    0.09840    0.18160    0.73726
0.04399    0.08029    0.48906    0.49139    0.00034    0.09840    0.18160    0.73656
0.04453    0.08067    0.49009    0.49036    0.00034    0.09840    0.18160    0.73586
0.04508    0.08106    0.49111    0.48934    0.00034    0.09820    0.18160    0.73517
0.04564    0.08144    0.49214    0.48832    0.00034    0.09820    0.18160    0.73448
0.04619    0.08183    0.49316    0.48730    0.00034    0.09820    0.18160    0.73379
0.04675    0.08221    0.49419    0.48627    0.00034    0.09820    0.18160    0.73310
0.04732    0.08259    0.49521    0.48525    0.00034    0.09820    0.18160    0.73241
0.04789    0.08298    0.49623    0.48424    0.00033    0.09820    0.18160    0.73173
0.04846    0.08336    0.49725    0.48322    0.00033    0.09820    0.18160    0.73105
0.04903    0.08375    0.49827    0.48220    0.00033    0.09800    0.18160    0.73037
0.04961    0.08413    0.49929    0.48118    0.00033    0.09800    0.18160    0.72969
0.05019    0.08452    0.50030    0.48017    0.00033    0.09800    0.18160    0.72902
0.05078    0.08490    0.50132    0.47915    0.00033    0.09800    0.18160    0.72834
0.05137    0.08529    0.50233    0.47814    0.00033    0.09800    0.18160    0.72767
0.05196    0.08567    0.50335    0.47713    0.00033    0.09800    0.18160    0.72699
0.05256    0.08606    0.50436    0.47612    0.00033    0.09800    0.18160    0.72633
0.05316    0.08645    0.50537    0.47511    0.00033    0.09800    0.18160    0.72566
0.05376    0.08683    0.50638    0.47410    0.00033    0.09800    0.18160    0.72500
0.05437    0.08722    0.50739    0.47309    0.00033    0.09780    0.18160    0.72433
0.05498    0.08760    0.50840    0.47209    0.00033    0.09780    0.18160    0.72367
0.05560    0.08799    0.50941    0.47108    0.00032    0.09780    0.18160    0.72301
0.05622    0.08838    0.51042    0.47008    0.00032    0.09780    0.18160    0.72235
0.05684    0.08876    0.51142    0.46907    0.00032    0.09780    0.18160    0.72170
0.05747    0.08915    0.51242    0.46807    0.00032    0.09780    0.18160    0.72105
0.05810    0.08954    0.51343    0.46707    0.00032    0.09780    0.18160    0.72039
0.05873    0.08993    0.51443    0.46607    0.00032    0.09780    0.18160    0.71974
0.05937    0.09031    0.51543    0.46507    0.00032    0.09780    0.18140    0.71910
0.06001    0.09070    0.51643    0.46407    0.00032    0.09760    0.18140    0.71845
0.06066    0.09109    0.51743    0.46308    0.00032    0.09760    0.18140    0.71781
0.06131    0.09148    0.51842    0.46208    0.00032    0.09760    0.18140    0.71717
0.06196    0.09187    0.51942    0.46109    0.00032    0.09760    0.18140    0.71653
0.06262    0.09226    0.52041    0.46009    0.00032    0.09760    0.18140    0.71589
0.06328    0.09264    0.52141    0.45910    0.00032    0.09760    0.18140    0.71525
0.06395    0.09303    0.52240    0.45811    0.00031    0.09760    0.18140    0.71462
0.06462    0.09342    0.52339    0.45712    0.00031    0.09760    0.18140    0.71399
0.06529    0.09381    0.52438    0.45614    0.00031    0.09760    0.18140    0.71336
0.06597    0.09421    0.52537    0.45515    0.00031    0.09760    0.18140    0.71273
0.06665    0.09460    0.52636    0.45416    0.00031    0.09760    0.18140    0.71210
0.06734    0.09499    0.52734    0.45318    0.00031    0.09740    0.18140    0.71148
0.06803    0.09538    0.52833    0.45220    0.00031    0.09740    0.18140    0.71085
0.06872    0.09577    0.52931    0.45121    0.00031    0.09740    0.18140    0.71023
0.06942    0.09616    0.53029    0.45023    0.00031    0.09740    0.18140    0.70962
0.07012    0.09656    0.53127    0.44925    0.00031    0.09740    0.18140    0.70900
0.07083    0.09695    0.53225    0.44828    0.00031    0.09740    0.18140    0.70838
0.07154    0.09735    0.53323    0.44730    0.00031    0.09740    0.18120    0.70777
0.07226    0.09774    0.53421    0.44633    0.00030    0.09740    0.18120    0.70716
0.07298    0.09813    0.53518    0.44535    0.00030    0.09740    0.18120    0.70655
0.07370    0.09853    0.53616    0.44438    0.00030    0.09740    0.18120    0.70594
0.07443    0.09893    0.53713    0.44341    0.00030    0.09740    0.18120    0.70534
0.07516    0.09932    0.53810    0.44244    0.00030    0.09740    0.18120    0.70473
0.07590    0.09972    0.53908    0.44147    0.00030    0.09720    0.18120    0.70412
0.07664    0.10012    0.54004    0.44050    0.00030    0.09720    0.18120    0.70353
0.07739    0.10052    0.54101    0.43953    0.00030    0.09720    0.18120    0.70293
0.07814    0.10091    0.54198    0.43857    0.00030    0.09720    0.18120    0.70233
0.07889    0.10131    0.54294    0.43761    0.00030    0.09720    0.18120    0.70174
0.07965    0.10171    0.54391    0.43664    0.00030    0.09720    0.18120    0.70114
0.08041    0.10211    0.54487    0.43568    0.00030    0.09720    0.18120    0.70055
0.08118    0.10251    0.54583    0.43472    0.00030    0.09720    0.18120    0.69997
0.08195    0.10292    0.54679    0.43377    0.00029    0.09720    0.18120    0.69938
0.08273    0.10332    0.54775    0.43281    0.00029    0.09720    0.18100    0.69879
0.08351    0.10372    0.54871    0.43185    0.00029    0.09720    0.18100    0.69821
0.08430    0.10413    0.54966    0.43090    0.00029    0.09720    0.18100    0.69763
0.08509    0.10453    0.55062    0.42995    0.00029    0.09720    0.18100    0.69704
0.08589    0.10493    0.55157    0.42899    0.00029    0.09700    0.18100    0.69647
0.08669    0.10534    0.55252    0.42804    0.00029    0.09700    0.18100    0.69589
0.08750    0.10575    0.55347    0.42710    0.00029    0.09700    0.18100    0.69532
0.08831    0.10615    0.55442    0.42615    0.00029    0.09700    0.18100    0.69474
0.08912    0.10656    0.55537    0.42520    0.00029    0.09700    0.18100    0.69417
0.08995    0.10697    0.55632    0.42426    0.00029    0.09700    0.18100    0.69360
0.09077    0.10738    0.55726    0.42331    0.00029    0.09700    0.18100    0.69303
0.09160    0.10779    0.55821    0.42237    0.00028    0.09700    0.18100    0.69246
0.09244    0.10820    0.55915    0.42143    0.00028    0.09700    0.18080    0.69190
0.09328    0.10861    0.56009    0.42049    0.00028    0.09700    0.18080    0.69134
0.09413    0.10903    0.56103    0.41956    0.00028    0.09700    0.18080    0.69078
0.09498    0.10944    0.56197    0.41862    0.00028    0.09700    0.18080    0.69022
0.09583    0.10985    0.56290    0.41769    0.00028    0.09700    0.18080    0.68966
0.09669    0.11027    0.56384    0.41675    0.00028    0.09700    0.18080    0.68910
0.09756    0.11069    0.56477    0.41582    0.00028    0.09700    0.18080    0.68855
0.09843    0.11110    0.56570    0.41489    0.00028    0.09680    0.18080    0.68800
0.09931    0.11152    0.56663    0.41396    0.00028    0.09680    0.18080    0.68745
0.10020    0.11194    0.56756    0.41303    0.00028    0.09680    0.18080    0.68690
0.10109    0.11236    0.56849    0.41211    0.00028    0.09680    0.18080    0.68635
0.10198    0.11278    0.56942    0.41118    0.00027    0.09680    0.18060    0.68581
0.10288    0.11321    0.57034    0.41026    0.00027    0.09680    0.18060    0.68527
0.10378    0.11363    0.57127    0.40934    0.00027    0.09680    0.18060    0.68472
0.10470    0.11405    0.57219    0.40842    0.00027    0.09680    0.18060    0.68418
0.10561    0.11448    0.57311    0.40750    0.00027    0.09680    0.18060    0.68364
0.10653    0.11490    0.57403    0.40658    0.00027    0.09680    0.18060    0.68311
0.10746    0.11533    0.57494    0.40566    0.00027    0.09680    0.18060    0.68258
0.10840    0.11576    0.57586    0.40475    0.00027    0.09680    0.18060    0.68204
0.10934    0.11619    0.57678    0.40384    0.00027    0.09680    0.18060    0.68150
0.11028    0.11662    0.57769    0.40293    0.00027    0.09680    0.18060    0.68098
0.11124    0.11705    0.57860    0.40202    0.00027    0.09680    0.18060    0.68045
0.11219    0.11749    0.57951    0.40111    0.00027    0.09680    0.18040    0.67992
0.11316    0.11792    0.58042    0.40020    0.00027    0.09660    0.18040    0.67940
0.11413    0.11835    0.58133    0.39929    0.00026    0.09660    0.18040    0.67887
0.11511    0.11879    0.58223    0.39839    0.00026    0.09660    0.18040    0.67836
0.11609    0.11923    0.58313    0.39749    0.00026    0.09660    0.18040    0.67784
0.11708    0.11967    0.58404    0.39659    0.00026    0.09660    0.18040    0.67731
0.11807    0.12011    0.58494    0.39569    0.00026    0.09660    0.18040    0.67680
0.11907    0.12055    0.58584    0.39479    0.00026    0.09660    0.18040    0.67628
0.12008    0.12099    0.58673    0.39389    0.00026    0.09660    0.18040    0.67578
0.12110    0.12144    0.58763    0.39300    0.00026    0.09660    0.18040    0.67526
0.12212    0.12188    0.58853    0.39211    0.00026    0.09660    0.18020    0.67475
0.12315    0.12233    0.58942    0.39122    0.00026    0.09660    0.18020    0.67424
0.12418    0.12278    0.59031    0.39033    0.00026    0.09660    0.18020    0.67374
0.12522    0.12323    0.59120    0.38944    0.00025    0.09660    0.18020    0.67323
0.12627    0.12368    0.59209    0.38855    0.00025    0.09660    0.18020    0.67273
0.12733    0.12414    0.59297    0.38767    0.00025    0.09660    0.18020    0.67223
0.12839    0.12459    0.59386    0.38678    0.00025    0.09660    0.18020    0.67173
0.12946    0.12505    0.59474    0.38590    0.00025    0.09640    0.18020    0.67123
0.13054    0.12550    0.59562    0.38502    0.00025    0.09640    0.18020    0.67074
0.13162    0.12596    0.59650    0.38414    0.00025    0.09640    0.18020    0.67024
0.13271    0.12642    0.59738    0.38326    0.00025    0.09640    0.18000    0.66975
0.13381    0.12689    0.59826    0.38239    0.00025    0.09640    0.18000    0.66926
0.13492    0.12735    0.59913    0.38152    0.00025    0.09640    0.18000    0.66877
0.13603    0.12782    0.60001    0.38064    0.00025    0.09640    0.18000    0.66828
0.13715    0.12828    0.60088    0.37977    0.00025    0.09640    0.18000    0.66779
0.13828    0.12875    0.60175    0.37891    0.00025    0.09640    0.18000    0.66731
0.13942    0.12922    0.60262    0.37804    0.00024    0.09640    0.18000    0.66682
0.14056    0.12970    0.60348    0.37717    0.00024    0.09640    0.18000    0.66635
0.14171    0.13017    0.60435    0.37631    0.00024    0.09640    0.18000    0.66586
0.14287    0.13065    0.60521    0.37545    0.00024    0.09640    0.17980    0.66539
0.14404    0.13112    0.60607    0.37459    0.00024    0.09640    0.17980    0.66491
0.14522    0.13160    0.60693    0.37373    0.00024    0.09640    0.17980    0.66444
0.14640    0.13209    0.60779    0.37288    0.00025    0.09640    0.17980    0.66396
0.14760    0.13257    0.60864    0.37202    0.00025    0.09640    0.17980    0.66349
0.14880    0.13306    0.60950    0.37117    0.00025    0.09620    0.17980    0.66302
0.15001    0.13354    0.61035    0.37032    0.00025    0.09620    0.17980    0.66255
0.15122    0.13403    0.61120    0.36947    0.00025    0.09620    0.17980    0.66209
0.15245    0.13452    0.61205    0.36862    0.00026    0.09620    0.17980    0.66162
0.15369    0.13502    0.61289    0.36778    0.00027    0.09620    0.17960    0.66116
0.15493    0.13551    0.61374    0.36693    0.00027    0.09620    0.17960    0.66070
0.15618    0.13601    0.61458    0.36609    0.00028    0.09620    0.17960    0.66024
0.15744    0.13651    0.61542    0.36525    0.00029    0.09620    0.17960    0.65978
0.15872    0.13701    0.61626    0.36442    0.00031    0.09600    0.17960    0.65933
0.16000    0.13752    0.61709    0.36358    0.00033    0.09600    0.17960    0.65888
0.16129    0.13802    0.61793    0.36275    0.00035    0.09600    0.17960    0.65842
0.16258    0.13853    0.61876    0.36192    0.00037    0.09600    0.17960    0.65797
0.16389    0.13904    0.61959    0.36109    0.00040    0.09580    0.17960    0.65752
0.16521    0.13956    0.62042    0.36026    0.00044    0.09580    0.17940    0.65707
0.16654    0.14007    0.62125    0.35943    0.00048    0.09580    0.17940    0.65662
0.16787    0.14059    0.62207    0.35861    0.00054    0.09560    0.17940    0.65618
0.16922    0.14111    0.62289    0.35779    0.00060    0.09560    0.17940    0.65574
0.17058    0.14163    0.62371    0.35697    0.00066    0.09540    0.17940    0.65530
0.17195    0.14216    0.62453    0.35615    0.00074    0.09540    0.17940    0.65486
0.17332    0.14269    0.62535    0.35534    0.00084    0.09520    0.17940    0.65442
0.17471    0.14322    0.62616    0.35452    0.00094    0.09500    0.17940    0.65399
0.17611    0.14375    0.62697    0.35371    0.00106    0.09480    0.17940    0.65356
0.17752    0.14428    0.62778    0.35291    0.00120    0.09460    0.17920    0.65312
0.17894    0.14482    0.62859    0.35210    0.00135    0.09440    0.17920    0.65269
0.18036    0.14536    0.62940    0.35129    0.00153    0.09400    0.17920    0.65226
0.18181    0.14591    0.63020    0.35049    0.00172    0.09380    0.17920    0.65184
0.18326    0.14645    0.63100    0.34969    0.00194    0.09340    0.17920    0.65141
0.18472    0.14700    0.63180    0.34889    0.00218    0.09300    0.17920    0.65099
0.18619    0.14755    0.63259    0.34810    0.00244    0.09260    0.17920    0.65057
0.18768    0.14811    0.63339    0.34731    0.00274    0.09220    0.17920    0.65014
0.18917    0.14867    0.63418    0.34651    0.00306    0.09180    0.17900    0.64973
0.19068    0.14923    0.63497    0.34573    0.00342    0.09120    0.17900    0.64931
0.19220    0.14979    0.63576    0.34494    0.00380    0.09060    0.17900    0.64890
0.19373    0.15036    0.63654    0.34416    0.00422    0.09000    0.17900    0.64848
0.19527    0.15093    0.63732    0.34337    0.00466    0.08940    0.17900    0.64808
0.19683    0.15150    0.63810    0.34259    0.00514    0.08860    0.17900    0.64767
0.19839    0.15207    0.63888    0.34182    0.00566    0.08780    0.17900    0.64726
0.19997    0.15265    0.63966    0.34104    0.00622    0.08700    0.17900    0.64685
0.20156    0.15323    0.64043    0.34027    0.00682    0.08600    0.17900    0.64645
0.20316    0.15382    0.64120    0.33950    0.00744    0.08520    0.17880    0.64604
0.20478    0.15441    0.64197    0.33873    0.00810    0.08420    0.17880    0.64564
0.20641    0.15500    0.64273    0.33797    0.00880    0.08320    0.17880    0.64525
0.20805    0.15559    0.64349    0.33720    0.00954    0.08200    0.17880    0.64485
0.20971    0.15619    0.64425    0.33644    0.01032    0.08080    0.17880    0.64446
0.21137    0.15680    0.64501    0.33569    0.01112    0.07960    0.17880    0.64406
0.21306    0.15740    0.64577    0.33493    0.01196    0.07840    0.17880    0.64367
0.21475    0.15801    0.64652    0.33418    0.01284    0.07700    0.17880    0.64328
0.21646    0.15862    0.64727    0.33343    0.01376    0.07580    0.17860    0.64289
0.21818    0.15924    0.64802    0.33268    0.01470    0.07440    0.17860    0.64251
0.21992    0.15986    0.64876    0.33194    0.01566    0.07280    0.17860    0.64212
0.22167    0.16048    0.64950    0.33119    0.01666    0.07140    0.17860    0.64174
0.22343    0.16111    0.65024    0.33046    0.01768    0.07000    0.17860    0.64136
0.22521    0.16174    0.65098    0.32972    0.01872    0.06840    0.17860    0.64098
0.22700    0.16238    0.65171    0.32899    0.01978    0.06680    0.17860    0.64061
0.22881    0.16302    0.65244    0.32826    0.02080    0.06520    0.17860    0.64023
0.23064    0.16366    0.65317    0.32753    0.02200    0.06360    0.17840    0.63986
0.23247    0.16431    0.65389    0.32680    0.02300    0.06200    0.17840    0.63949
0.23433    0.16496    0.65461    0.32608    0.02420    0.06040    0.17840    0.63912
0.23619    0.16562    0.65533    0.32536    0.02540    0.05880    0.17840    0.63876
0.23808    0.16628    0.65604    0.32465    0.02640    0.05700    0.17840    0.63839
0.23998    0.16694    0.65676    0.32393    0.02760    0.05540    0.17840    0.63803
0.24190    0.16761    0.65746    0.32323    0.02880    0.05380    0.17840    0.63767
0.24383    0.16829    0.65817    0.32252    0.02980    0.05220    0.17840    0.63731
0.24578    0.16896    0.65887    0.32182    0.03100    0.05060    0.17820    0.63696
0.24774    0.16965    0.65957    0.32112    0.03220    0.04900    0.17820    0.63660
0.24973    0.17034    0.66026    0.32042    0.03320    0.04740    0.17820    0.63625
0.25173    0.17103    0.66095    0.31973    0.03440    0.04600    0.17820    0.63590
0.25374    0.17173    0.66164    0.31904    0.03560    0.04440    0.17820    0.63556
0.25578    0.17243    0.66232    0.31836    0.03660    0.04300    0.17820    0.63521
0.25783    0.17313    0.66300    0.31768    0.03760    0.04160    0.17820    0.63487
0.25989    0.17385    0.66368    0.31700    0.03880    0.04020    0.17800    0.63453
0.26198    0.17456    0.66435    0.31633    0.03980    0.03880    0.17800    0.63419
0.26408    0.17529    0.66501    0.31566    0.04080    0.03760    0.17800    0.63386
0.26620    0.17601    0.66568    0.31499    0.04180    0.03640    0.17800    0.63352
0.26835    0.17675    0.66634    0.31433    0.04280    0.03520    0.17800    0.63319
0.27050    0.17748    0.66699    0.31367    0.04380    0.03400    0.17800    0.63287
0.27268    0.17823    0.66764    0.31302    0.04460    0.03300    0.17800    0.63254
0.27487    0.17898    0.66829    0.31237    0.04560    0.03200    0.17800    0.63222
0.27709    0.17973    0.66893    0.31173    0.04640    0.03100    0.17780    0.63190
0.27932    0.18049    0.66957    0.31109    0.04740    0.03000    0.17780    0.63158
0.28158    0.18126    0.67020    0.31045    0.04820    0.02920    0.17780    0.63126
0.28385    0.18203    0.67083    0.30982    0.04900    0.02840    0.17780    0.63095
0.28614    0.18280    0.67145    0.30919    0.04980    0.02760    0.17780    0.63064
0.28845    0.18359    0.67207    0.30857    0.05040    0.02700    0.17780    0.63034
0.29078    0.18438    0.67268    0.30795    0.05120    0.02620    0.17780    0.63003
0.29313    0.18517    0.67329    0.30734    0.05200    0.02560    0.17760    0.62973
0.29550    0.18597    0.67390    0.30673    0.05260    0.02500    0.17760    0.62943
0.29789    0.18678    0.67450    0.30613    0.05320    0.02440    0.17760    0.62913
0.30030    0.18759    0.67509    0.30553    0.05380    0.02400    0.17760    0.62884
0.30273    0.18841    0.67568    0.30493    0.05440    0.02360    0.17760    0.62855
0.30518    0.18923    0.67627    0.30434    0.05500    0.02320    0.17760    0.62826
0.30765    0.19007    0.67685    0.30376    0.05560    0.02280    0.17760    0.62797
0.31014    0.19090    0.67742    0.30318    0.05600    0.02240    0.17740    0.62769
0.31265    0.19175    0.67799    0.30260    0.05660    0.02200    0.17740    0.62741
0.31518    0.19260    0.67855    0.30203    0.05700    0.02180    0.17740    0.62714
0.31773    0.19345    0.67911    0.30147    0.05740    0.02140    0.17740    0.62686
0.32030    0.19432    0.67966    0.30091    0.05800    0.02120    0.17740    0.62659
0.32290    0.19519    0.68021    0.30035    0.05840    0.02100    0.17740    0.62632
0.32551    0.19606    0.68076    0.29980    0.05860    0.02080    0.17740    0.62605
0.32814    0.19695    0.68129    0.29926    0.05900    0.02060    0.17720    0.62580
0.33080    0.19784    0.68182    0.29872    0.05940    0.02040    0.17720    0.62554
0.33347    0.19873    0.68235    0.29819    0.05980    0.02040    0.17720    0.62528
0.33617    0.19964    0.68287    0.29766    0.06000    0.02020    0.17720    0.62502
0.33888    0.20055    0.68338    0.29714    0.06040    0.02000    0.17720    0.62478
0.34162    0.20146    0.68389    0.29662    0.06060    0.01996    0.17720    0.62453
0.34438    0.20239    0.68440    0.29610    0.06080    0.01986    0.17720    0.62428
0.34715    0.20332    0.68489    0.29560    0.06100    0.01978    0.17700    0.62404
0.34995    0.20425    0.68539    0.29510    0.06140    0.01970    0.17700    0.62380
0.35277    0.20520    0.68587    0.29460    0.06160    0.01964    0.17700    0.62357
0.35561    0.20615    0.68635    0.29411    0.06180    0.01956    0.17700    0.62334
0.35846    0.20711    0.68683    0.29362    0.06180    0.01952    0.17700    0.62310
0.36134    0.20807    0.68729    0.29314    0.06200    0.01946    0.17700    0.62288
0.36424    0.20905    0.68776    0.29267    0.06220    0.01942    0.17700    0.62265
0.36715    0.21002    0.68821    0.29220    0.06240    0.01938    0.17680    0.62244
0.37009    0.21101    0.68866    0.29174    0.06260    0.01934    0.17680    0.62222
0.37304    0.21200    0.68911    0.29128    0.06260    0.01930    0.17680    0.62200
0.37602    0.21300    0.68954    0.29083    0.06280    0.01928    0.17680    0.62180
0.37901    0.21401    0.68997    0.29038    0.06280    0.01926    0.17680    0.62159
0.38202    0.21503    0.69040    0.28994    0.06300    0.01924    0.17680    0.62138
0.38505    0.21605    0.69082    0.28950    0.06300    0.01920    0.17660    0.62118
0.38810    0.21708    0.69123    0.28907    0.06320    0.01920    0.17660    0.62099
0.39117    0.21811    0.69164    0.28865    0.06320    0.01918    0.17660    0.62079
0.39425    0.21916    0.69204    0.28823    0.06340    0.01916    0.17660    0.62060
0.39735    0.22021    0.69244    0.28782    0.06340    0.01914    0.17660    0.62041
0.40047    0.22126    0.69282    0.28741    0.06340    0.01914    0.17660    0.62022
0.40360    0.22233    0.69321    0.28701    0.06360    0.01912    0.17660    0.62004
0.40675    0.22340    0.69358    0.28661    0.06360    0.01910    0.17640    0.61986
0.40991    0.22447    0.69395    0.28622    0.06360    0.01910    0.17640    0.61969
0.41309    0.22556    0.69431    0.28583    0.06360    0.01908    0.17640    0.61952
0.41629    0.22665    0.69467    0.28545    0.06380    0.01908    0.17640    0.61934
0.41950    0.22775    0.69502    0.28507    0.06380    0.01908    0.17640    0.61918
0.42272    0.22885    0.69537    0.28470    0.06380    0.01906    0.17640    0.61901
0.42596    0.22997    0.69570    0.28434    0.06380    0.01906    0.17640    0.61886
0.42921    0.23108    0.69604    0.28398    0.06380    0.01906    0.17620    0.61870
0.43247    0.23221    0.69636    0.28362    0.06380    0.01904    0.17620    0.61855
0.43575    0.23334    0.69668    0.28327    0.06380    0.01904    0.17620    0.61839
0.43904    0.23448    0.69699    0.28293    0.06380    0.01904    0.17620    0.61825
0.44233    0.23563    0.69730    0.28259    0.06400    0.01902    0.17620    0.61810
0.44565    0.23678    0.69760    0.28225    0.06400    0.01902    0.17620    0.61796
0.44897    0.23793    0.69790    0.28192    0.06400    0.01902    0.17620    0.61782
0.45229    0.23910    0.69819    0.28160    0.06400    0.01902    0.17600    0.61769
0.45564    0.24027    0.69847    0.28128    0.06400    0.01900    0.17600    0.61755
0.45898    0.24145    0.69874    0.28096    0.06400    0.01900    0.17600    0.61743
0.46234    0.24263    0.69901    0.28065    0.06400    0.01900    0.17600    0.61730
0.46570    0.24382    0.69928    0.28034    0.06400    0.01900    0.17600    0.61718
0.46907    0.24501    0.69954    0.28004    0.06400    0.01900    0.17600    0.61706
0.47245    0.24621    0.69979    0.27974    0.06400    0.01898    0.17600    0.61694
0.47584    0.24742    0.70004    0.27944    0.06400    0.01898    0.17580    0.61683
0.47923    0.24863    0.70028    0.27915    0.06400    0.01898    0.17580    0.61672
0.48262    0.24985    0.70051    0.27886    0.06400    0.01898    0.17580    0.61661
0.48602    0.25107    0.70074    0.27858    0.06400    0.01898    0.17580    0.61650
0.48942    0.25230    0.70096    0.27830    0.06400    0.01898    0.17580    0.61640
0.49283    0.25354    0.70118    0.27802    0.06400    0.01896    0.17580    0.61630
0.49624    0.25478    0.70139    0.27774    0.06400    0.01896    0.17580    0.61621
0.49964    0.25602    0.70160    0.27747    0.06400    0.01896    0.17560    0.61611
0.50306    0.25727    0.70180    0.27720    0.06400    0.01896    0.17560    0.61602
0.50648    0.25853    0.70200    0.27694    0.06400    0.01896    0.17560    0.61593
0.50989    0.25979    0.70219    0.27668    0.06400    0.01896    0.17560    0.61585
0.51331    0.26106    0.70238    0.27642    0.06400    0.01894    0.17560    0.61576
0.51672    0.26233    0.70256    0.27617    0.06400    0.01894    0.17560    0.61568
0.52014    0.26361    0.70274    0.27592    0.06400    0.01894    0.17560    0.61560
0.52356    0.26489    0.70292    0.27568    0.06400    0.01894    0.17540    0.61552
0.52697    0.26618    0.70308    0.27544    0.06380    0.01894    0.17540    0.61545
0.53039    0.26747    0.70325    0.27521    0.06380    0.01894    0.17540    0.61538
0.53380    0.26877    0.70341    0.27498    0.06380    0.01892    0.17540    0.61530
0.53721    0.27008    0.70357    0.27476    0.06380    0.01892    0.17540    0.61523
0.54063    0.27139    0.70373    0.27455    0.06380    0.01892    0.17540    0.61516
0.54404    0.27270    0.70388    0.27435    0.06380    0.01892    0.17520    0.61509
0.54745    0.27402    0.70403    0.27416    0.06380    0.01892    0.17520    0.61503
0.55086    0.27535    0.70418    0.27397    0.06380    0.01892    0.17520    0.61496
0.55426    0.27668    0.70433    0.27380    0.06380    0.01890    0.17520    0.61489
0.55766    0.27802    0.70448    0.27363    0.06380    0.01890    0.17520    0.61482
0.56106    0.27937    0.70463    0.27348    0.06380    0.01890    0.17520    0.61475
0.56445    0.28072    0.70478    0.27333    0.06380    0.01890    0.17520    0.61468
0.56784    0.28207    0.70492    0.27319    0.06380    0.01890    0.17500    0.61461
0.57122    0.28343    0.70507    0.27306    0.06380    0.01890    0.17500    0.61454
0.57460    0.28479    0.70522    0.27294    0.06380    0.01888    0.17500    0.61447
0.57797    0.28616    0.70536    0.27282    0.06380    0.01888    0.17500    0.61440
0.58133    0.28754    0.70551    0.27272    0.06380    0.01888    0.17500    0.61432
0.58468    0.28892    0.70565    0.27262    0.06380    0.01888    0.17500    0.61426
0.58803    0.29030    0.70580    0.27252    0.06380    0.01888    0.17500    0.61418
0.59136    0.29169    0.70595    0.27244    0.06380    0.01888    0.17500    0.61411
0.59469    0.29308    0.70609    0.27235    0.06380    0.01888    0.17480    0.61404
0.59800    0.29447    0.70623    0.27227    0.06380    0.01886    0.17480    0.61397
0.60130    0.29587    0.70637    0.27220    0.06360    0.01886    0.17480    0.61389
0.60459    0.29727    0.70652    0.27213    0.06360    0.01886    0.17480    0.61382
0.60787    0.29868    0.70666    0.27206    0.06360    0.01886    0.17480    0.61375
0.61113    0.30009    0.70679    0.27199    0.06360    0.01886    0.17480    0.61368
0.61438    0.30150    0.70693    0.27193    0.06360    0.01886    0.17480    0.61361
0.61761    0.30291    0.70706    0.27187    0.06360    0.01886    0.17460    0.61354
0.62083    0.30433    0.70720    0.27181    0.06360    0.01884    0.17460    0.61347
0.62404    0.30575    0.70733    0.27175    0.06360    0.01884    0.17460    0.61341
0.62724    0.30718    0.70746    0.27169    0.06360    0.01884    0.17460    0.61334
0.63041    0.30860    0.70758    0.27163    0.06360    0.01884    0.17460    0.61328
0.63357    0.31003    0.70771    0.27158    0.06360    0.01884    0.17460    0.61321
0.63672    0.31146    0.70783    0.27152    0.06360    0.01884    0.17460    0.61315
0.63985    0.31290    0.70795    0.27147    0.06360    0.01884    0.17460    0.61309
0.64296    0.31434    0.70807    0.27142    0.06360    0.01884    0.17440    0.61303
0.64606    0.31578    0.70819    0.27136    0.06360    0.01882    0.17440    0.61297
0.64913    0.31722    0.70830    0.27131    0.06360    0.01882    0.17440    0.61291
0.65220    0.31866    0.70841    0.27126    0.06360    0.01882    0.17440    0.61286
0.65525    0.32011    0.70852    0.27121    0.06360    0.01882    0.17440    0.61280
0.65828    0.32156    0.70863    0.27116    0.06360    0.01882    0.17440    0.61275
0.66129    0.32302    0.70874    0.27111    0.06360    0.01882    0.17440    0.61269
0.66429    0.32447    0.70884    0.27106    0.06360    0.01882    0.17440    0.61264
0.66726    0.32593    0.70894    0.27101    0.06360    0.01880    0.17440    0.61259
0.67023    0.32739    0.70904    0.27096    0.06340    0.01880    0.17420    0.61254
0.67317    0.32885    0.70914    0.27091    0.06340    0.01880    0.17420    0.61249
0.67610    0.33032    0.70924    0.27086    0.06340    0.01880    0.17420    0.61244
0.67901    0.33179    0.70933    0.27081    0.06340    0.01880    0.17420    0.61239
0.68190    0.33326    0.70942    0.27076    0.06340    0.01880    0.17420    0.61235
0.68478    0.33473    0.70951    0.27071    0.06340    0.01880    0.17420    0.61230
0.68764    0.33620    0.70960    0.27067    0.06340    0.01880    0.17420    0.61226
0.69048    0.33768    0.70969    0.27062    0.06340    0.01878    0.17420    0.61221
0.69330    0.33916    0.70978    0.27057    0.06340    0.01878    0.17400    0.61217
0.69610    0.34065    0.70986    0.27052    0.06340    0.01878    0.17400    0.61213
0.69888    0.34213    0.70995    0.27047    0.06340    0.01878    0.17400    0.61208
0.70165    0.34362    0.71003    0.27043    0.06340    0.01878    0.17400    0.61204
0.70441    0.34511    0.71011    0.27038    0.06340    0.01878    0.17400    0.61200
0.70714    0.34660    0.71019    0.27033    0.06340    0.01878    0.17400    0.61196
0.70985    0.34810    0.71027    0.27028    0.06340    0.01878    0.17400    0.61192
0.71255    0.34960    0.71035    0.27024    0.06340    0.01876    0.17400    0.61188
0.71523    0.35110    0.71042    0.27019    0.06340    0.01876    0.17400    0.61185
0.71789    0.35260    0.71050    0.27014    0.06340    0.01876    0.17380    0.61181
0.72053    0.35410    0.71057    0.27010    0.06340    0.01876    0.17380    0.61177
0.72316    0.35561    0.71065    0.27005    0.06340    0.01876    0.17380    0.61174
0.72577    0.35712    0.71072    0.27000    0.06340    0.01876    0.17380    0.61170
0.72836    0.35864    0.71079    0.26996    0.06340    0.01876    0.17380    0.61167
0.73093    0.36015    0.71086    0.26991    0.06340    0.01876    0.17380    0.61163
0.73348    0.36167    0.71093    0.26987    0.06340    0.01876    0.17380    0.61160
0.73602    0.36319    0.71100    0.26982    0.06340    0.01874    0.17380    0.61156
0.73854    0.36472    0.71106    0.26977    0.06320    0.01874    0.17380    0.61153
0.74104    0.36624    0.71113    0.26973    0.06320    0.01874    0.17380    0.61150
0.74352    0.36777    0.71120    0.26968    0.06320    0.01874    0.17360    0.61147
0.74599    0.36930    0.71126    0.26964    0.06320    0.01874    0.17360    0.61144
0.74844    0.37084    0.71132    0.26959    0.06320    0.01874    0.17360    0.61141
0.75087    0.37237    0.71139    0.26955    0.06320    0.01874    0.17360    0.61137
0.75328    0.37391    0.71145    0.26950    0.06320    0.01874    0.17360    0.61134
0.75567    0.37545    0.71151    0.26946    0.06320    0.01874    0.17360    0.61131
0.75805    0.37700    0.71157    0.26941    0.06320    0.01872    0.17360    0.61129
0.76041    0.37855    0.71163    0.26937    0.06320    0.01872    0.17360    0.61126
0.76275    0.38010    0.71170    0.26932    0.06320    0.01872    0.17360    0.61122
0.76508    0.38165    0.71175    0.26928    0.06320    0.01872    0.17340    0.61120
0.76739    0.38320    0.71181    0.26923    0.06320    0.01872    0.17340    0.61117
0.76968    0.38476    0.71187    0.26919    0.06320    0.01872    0.17340    0.61114
0.77195    0.38632    0.71193    0.26914    0.06320    0.01872    0.17340    0.61111
0.77421    0.38789    0.71199    0.26910    0.06320    0.01872    0.17340    0.61108
0.77645    0.38945    0.71204    0.26905    0.06320    0.01872    0.17340    0.61106
0.77867    0.39102    0.71210    0.26901    0.06320    0.01870    0.17340    0.61103
0.78087    0.39259    0.71216    0.26897    0.06320    0.01870    0.17340    0.61100
0.78306    0.39417    0.71221    0.26892    0.06320    0.01870    0.17340    0.61098
0.78523    0.39574    0.71227    0.26888    0.06320    0.01870    0.17340    0.61095
0.78739    0.39732    0.71232    0.26883    0.06320    0.01870    0.17320    0.61092
0.78953    0.39891    0.71238    0.26879    0.06320    0.01870    0.17320    0.61089
0.79165    0.40049    0.71243    0.26874    0.06320    0.01870    0.17320    0.61087
0.79376    0.40208    0.71248    0.26870    0.06320    0.01870    0.17320    0.61085
0.79584    0.40367    0.71254    0.26866    0.06320    0.01870    0.17320    0.61082
0.79792    0.40526    0.71259    0.26861    0.06300    0.01868    0.17320    0.61079
0.79997    0.40686    0.71264    0.26857    0.06300    0.01868    0.17320    0.61077
0.80201    0.40846    0.71270    0.26853    0.06300    0.01868    0.17320    0.61074
0.80403    0.41006    0.71275    0.26848    0.06300    0.01868    0.17320    0.61072
0.80604    0.41167    0.71280    0.26844    0.06300    0.01868    0.17320    0.61069
0.80803    0.41327    0.71285    0.26839    0.06300    0.01868    0.17300    0.61067
0.81001    0.41489    0.71290    0.26835    0.06300    0.01868    0.17300    0.61065
0.81196    0.41650    0.71295    0.26831    0.06300    0.01868    0.17300    0.61062
0.81391    0.41812    0.71300    0.26826    0.06300    0.01868    0.17300    0.61060
0.81583    0.41974    0.71305    0.26822    0.06300    0.01868    0.17300    0.61057
0.81774    0.42136    0.71310    0.26818    0.06300    0.01866    0.17300    0.61055
0.81964    0.42298    0.71315    0.26813    0.06300    0.01866    0.17300    0.61053
0.82152    0.42461    0.71320    0.26809    0.06300    0.01866    0.17300    0.61050
0.82338    0.42624    0.71325    0.26805    0.06300    0.01866    0.17300    0.61048
0.82523    0.42788    0.71330    0.26801    0.06300    0.01866    0.17300    0.61046
0.82707    0.42951    0.71335    0.26796    0.06300    0.01866    0.17300    0.61043
0.82888    0.43115    0.71340    0.26792    0.06300    0.01866    0.17280    0.61041
0.83068    0.43279    0.71345    0.26788    0.06300    0.01866    0.17280    0.61038
0.83247    0.43444    0.71349    0.26783    0.06300    0.01866    0.17280    0.61037
0.83425    0.43609    0.71354    0.26779    0.06300    0.01866    0.17280    0.61034
0.83601    0.43774    0.71359    0.26775    0.06300    0.01864    0.17280    0.61032
0.83775    0.43939    0.71364    0.26771    0.06300    0.01864    0.17280    0.61029
0.83948    0.44105    0.71369    0.26766    0.06300    0.01864    0.17280    0.61027
0.84119    0.44271    0.71373    0.26762    0.06300    0.01864    0.17280    0.61025
0.84289    0.44438    0.71378    0.26758    0.06300    0.01864    0.17280    0.61023
0.84458    0.44604    0.71383    0.26753    0.06300    0.01864    0.17280    0.61021
0.84625    0.44771    0.71387    0.26749    0.06300    0.01864    0.17280    0.61019
0.84790    0.44938    0.71392    0.26745    0.06300    0.01864    0.17260    0.61016
0.84954    0.45106    0.71397    0.26741    0.06300    0.01864    0.17260    0.61014
0.85117    0.45274    0.71401    0.26736    0.06300    0.01864    0.17260    0.61012
0.85278    0.45442    0.71406    0.26732    0.06280    0.01862    0.17260    0.61010
0.85438    0.45610    0.71411    0.26728    0.06280    0.01862    0.17260    0.61007
0.85596    0.45779    0.71415    0.26724    0.06280    0.01862    0.17260    0.61005
0.85754    0.45948    0.71420    0.26719    0.06280    0.01862    0.17260    0.61003
0.85909    0.46117    0.71425    0.26715    0.06280    0.01862    0.17260    0.61001
0.86064    0.46287    0.71429    0.26711    0.06280    0.01862    0.17260    0.60999
0.86217    0.46457    0.71434    0.26707    0.06280    0.01862    0.17260    0.60996
0.86368    0.46627    0.71438    0.26702    0.06280    0.01862    0.17260    0.60995
0.86519    0.46798    0.71443    0.26698    0.06280    0.01862    0.17260    0.60992
0.86668    0.46968    0.71448    0.26694    0.06280    0.01862    0.17240    0.60990
0.86816    0.47140    0.71452    0.26690    0.06280    0.01862    0.17240    0.60988
0.86961    0.47311    0.71457    0.26685    0.06280    0.01860    0.17240    0.60986
0.87107    0.47483    0.71461    0.26681    0.06280    0.01860    0.17240    0.60984
0.87251    0.47655    0.71466    0.26677    0.06280    0.01860    0.17240    0.60981
0.87393    0.47827    0.71470    0.26673    0.06280    0.01860    0.17240    0.60980
0.87534    0.48000    0.71475    0.26668    0.06280    0.01860    0.17240    0.60977
0.87674    0.48173    0.71479    0.26664    0.06280    0.01860    0.17240    0.60975
0.87813    0.48346    0.71484    0.26660    0.06280    0.01860    0.17240    0.60973
0.87950    0.48520    0.71489    0.26655    0.06280    0.01860    0.17240    0.60971
0.88086    0.48694    0.71493    0.26651    0.06280    0.01860    0.17240    0.60969
0.88221    0.48868    0.71498    0.26647    0.06280    0.01860    0.17240    0.60966
0.88354    0.49043    0.71502    0.26643    0.06280    0.01860    0.17220    0.60965
0.88487    0.49217    0.71507    0.26638    0.06280    0.01860    0.17220    0.60962
0.88618    0.49392    0.71511    0.26634    0.06280    0.01858    0.17220    0.60960
0.88748    0.49568    0.71516    0.26630    0.06280    0.01858    0.17220    0.60958
0.88877    0.49744    0.71520    0.26626    0.06280    0.01858    0.17220    0.60956
0.89005    0.49920    0.71525    0.26621    0.06280    0.01858    0.17220    0.60954
0.89131    0.50096    0.71529    0.26617    0.06280    0.01858    0.17220    0.60952
0.89256    0.50273    0.71533    0.26613    0.06280    0.01858    0.17220    0.60950
0.89381    0.50450    0.71538    0.26609    0.06280    0.01858    0.17220    0.60948
0.89503    0.50627    0.71542    0.26604    0.06280    0.01858    0.17220    0.60946
0.89625    0.50804    0.71547    0.26600    0.06280    0.01858    0.17220    0.60944
0.89746    0.50982    0.71551    0.26596    0.06280    0.01858    0.17220    0.60942
0.89865    0.51160    0.71556    0.26591    0.06280    0.01858    0.17220    0.60939
0.89983    0.51339    0.71560    0.26587    0.06280    0.01858    0.17220    0.60938
0.90101    0.51518    0.71565    0.26583    0.06260    0.01856    0.17200    0.60935
0.90217    0.51697    0.71570    0.26579    0.06260    0.01856    0.17200    0.60933
0.90332    0.51876    0.71574    0.26574    0.06260    0.01856    0.17200    0.60931
0.90446    0.52056    0.71579    0.26570    0.06260    0.01856    0.17200    0.60929
0.90559    0.52236    0.71583    0.26566    0.06260    0.01856    0.17200    0.60927
0.90670    0.52416    0.71588    0.26561    0.06260    0.01856    0.17200    0.60924
0.90781    0.52597    0.71592    0.26557    0.06260    0.01856    0.17200    0.60923
0.90891    0.52777    0.71597    0.26553    0.06260    0.01856    0.17200    0.60920
0.91000    0.52958    0.71601    0.26548    0.06260    0.01856    0.17200    0.60918
0.91107    0.53140    0.71606    0.26544    0.06260    0.01856    0.17200    0.60916
0.91213    0.53322    0.71610    0.26540    0.06260    0.01856    0.17200    0.60914
0.91319    0.53504    0.71615    0.26535    0.06260    0.01856    0.17200    0.60912
0.91424    0.53686    0.71619    0.26531    0.06260    0.01856    0.17200    0.60910
0.91527    0.53869    0.71623    0.26527    0.06260    0.01856    0.17200    0.60908
0.91629    0.54051    0.71628    0.26522    0.06260    0.01856    0.17200    0.60906
0.91731    0.54235    0.71632    0.26518    0.06260    0.01854    0.17180    0.60904
0.91832    0.54418    0.71637    0.26514    0.06260    0.01854    0.17180    0.60901
0.91931    0.54602    0.71641    0.26509    0.06260    0.01854    0.17180    0.60900
0.92029    0.54786    0.71646    0.26505    0.06260    0.01854    0.17180    0.60897
0.92127    0.54970    0.71650    0.26501    0.06260    0.01854    0.17180    0.60895
0.92224    0.55155    0.71654    0.26497    0.06260    0.01854    0.17180    0.60894
0.92319    0.55340    0.71659    0.26492    0.06260    0.01854    0.17180    0.60891
0.92414    0.55525    0.71663    0.26488    0.06260    0.01854    0.17180    0.60889
0.92508    0.55710    0.71668    0.26484    0.06260    0.01854    0.17180    0.60887
0.92600    0.55896    0.71672    0.26480    0.06260    0.01854    0.17180    0.60885
0.92692    0.56082    0.71676    0.26476    0.06260    0.01854    0.17180    0.60883
0.92784    0.56268    0.71680    0.26471    0.06260    0.01854    0.17180    0.60882
0.92873    0.56454    0.71685    0.26467    0.06260    0.01854    0.17180    0.60879
0.92963    0.56641    0.71689    0.26463    0.06260    0.01854    0.17180    0.60877
0.93051    0.56828    0.71693    0.26459    0.06260    0.01854    0.17180    0.60875
0.93139    0.57015    0.71697    0.26455    0.06260    0.01854    0.17180    0.60874
0.93225    0.57203    0.71701    0.26451    0.06260    0.01854    0.17180    0.60872
0.93311    0.57390    0.71705    0.26447    0.06260    0.01854    0.17180    0.60870
0.93395    0.57578    0.71709    0.26444    0.06260    0.01854    0.17180    0.60868
0.93479    0.57767    0.71713    0.26440    0.06260    0.01854    0.17180    0.60866
0.93562    0.57955    0.71716    0.26436    0.06260    0.01854    0.17180    0.60865
0.93644    0.58144    0.71720    0.26432    0.06260    0.01854    0.17180    0.60863
0.93726    0.58333    0.71724    0.26429    0.06260    0.01854    0.17180    0.60861
0.93806    0.58522    0.71727    0.26425    0.06260    0.01854    0.17180    0.60860
0.93886    0.58711    0.71730    0.26422    0.06260    0.01854    0.17180    0.60858
0.93965    0.58901    0.71734    0.26418    0.06260    0.01854    0.17180    0.60856
0.94043    0.59091    0.71737    0.26415    0.06260    0.01854    0.17180    0.60855
0.94120    0.59281    0.71740    0.26412    0.06260    0.01854    0.17180    0.60854
0.94197    0.59471    0.71743    0.26409    0.06260    0.01854    0.17180    0.60852
0.94272    0.59662    0.71746    0.26406    0.06260    0.01854    0.17180    0.60851
0.94347    0.59852    0.71749    0.26403    0.06260    0.01854    0.17180    0.60850
0.94421    0.60043    0.71752    0.26400    0.06260    0.01854    0.17180    0.60848
0.94494    0.60234    0.71754    0.26397    0.06260    0.01854    0.17180    0.60847
0.94567    0.60426    0.71757    0.26394    0.06260    0.01854    0.17180    0.60846
0.94639    0.60617    0.71760    0.26392    0.06260    0.01854    0.17180    0.60844
0.94709    0.60809    0.71762    0.26389    0.06260    0.01854    0.17180    0.60844
0.94780    0.61001    0.71764    0.26386    0.06260    0.01856    0.17200    0.60843
0.94849    0.61193    0.71767    0.26384    0.06260    0.01856    0.17200    0.60841
0.94919    0.61385    0.71769    0.26381    0.06260    0.01856    0.17200    0.60840
0.94986    0.61577    0.71772    0.26378    0.06260    0.01856    0.17200    0.60839
0.95054    0.61770    0.71774    0.26375    0.06260    0.01856    0.17200    0.60838
0.95120    0.61962    0.71777    0.26372    0.06260    0.01856    0.17200    0.60837
0.95186    0.62155    0.71779    0.26369    0.06280    0.01858    0.17220    0.60836
0.95251    0.62348    0.71782    0.26366    0.06280    0.01858    0.17220    0.60835
0.95315    0.62541    0.71785    0.26362    0.06280    0.01858    0.17220    0.60833
0.95380    0.62734    0.71789    0.26358    0.06280    0.01860    0.17220    0.60831
0.95443    0.62927    0.71793    0.26354    0.06280    0.01860    0.17240    0.60830
0.95505    0.63121    0.71797    0.26349    0.06280    0.01860    0.17240    0.60828
0.95567    0.63314    0.71802    0.26343    0.06280    0.01862    0.17240    0.60826
0.95628    0.63508    0.71807    0.26336    0.06280    0.01862    0.17260    0.60823
0.95688    0.63701    0.71814    0.26329    0.06300    0.01864    0.17260    0.60820
0.95748    0.63895    0.71821    0.26321    0.06300    0.01864    0.17280    0.60817
0.95807    0.64089    0.71829    0.26311    0.06300    0.01866    0.17280    0.60813
0.95865    0.64283    0.71839    0.26300    0.06300    0.01866    0.17300    0.60809
0.95923    0.64477    0.71849    0.26288    0.06300    0.01868    0.17320    0.60804
0.95980    0.64671    0.71861    0.26274    0.06320    0.01870    0.17340    0.60799
0.96036    0.64865    0.71875    0.26259    0.06320    0.01872    0.17340    0.60793
0.96093    0.65059    0.71891    0.26241    0.06320    0.01874    0.17360    0.60785
0.96148    0.65253    0.71908    0.26222    0.06340    0.01876    0.17380    0.60778
0.96203    0.65447    0.71928    0.26199    0.06340    0.01878    0.17400    0.60769
0.96257    0.65641    0.71950    0.26175    0.06360    0.01882    0.17440    0.60759
0.96310    0.65835    0.71975    0.26147    0.06360    0.01884    0.17460    0.60747
0.96363    0.66029    0.72002    0.26116    0.06380    0.01888    0.17500    0.60735
0.96415    0.66223    0.72032    0.26082    0.06380    0.01892    0.17540    0.60721
0.96467    0.66417    0.72066    0.26044    0.06400    0.01896    0.17560    0.60706
0.96518    0.66611    0.72103    0.26004    0.06420    0.01900    0.17600    0.60689
0.96568    0.66805    0.72143    0.25962    0.06420    0.01900    0.17620    0.60671
0.96618    0.66999    0.72187    0.25919    0.06420    0.01902    0.17620    0.60651
0.96667    0.67192    0.72233    0.25875    0.06400    0.01898    0.17600    0.60629
0.96715    0.67386    0.72283    0.25832    0.06380    0.01892    0.17540    0.60606
0.96764    0.67580    0.72334    0.25788    0.06360    0.01884    0.17460    0.60582
0.96811    0.67773    0.72389    0.25742    0.06340    0.01876    0.17380    0.60556
0.96858    0.67966    0.72445    0.25693    0.06300    0.01868    0.17300    0.60530
0.96905    0.68159    0.72504    0.25642    0.06280    0.01860    0.17240    0.60503
0.96951    0.68352    0.72566    0.25588    0.06260    0.01852    0.17160    0.60474
0.96996    0.68545    0.72630    0.25532    0.06220    0.01844    0.17080    0.60444
0.97040    0.68737    0.72696    0.25473    0.06200    0.01836    0.17020    0.60413
0.97085    0.68929    0.72765    0.25412    0.06180    0.01828    0.16940    0.60381
0.97129    0.69122    0.72837    0.25348    0.06140    0.01820    0.16880    0.60348
0.97172    0.69312    0.72911    0.25282    0.06120    0.01812    0.16800    0.60314
0.97215    0.69505    0.72989    0.25212    0.06100    0.01804    0.16720    0.60278
0.97226    0.69555    0.73009    0.25194    0.06080    0.01802    0.16700    0.60268
0.97237    0.69603    0.73029    0.25176    0.06080    0.01800    0.16680    0.60259
0.97247    0.69650    0.73049    0.25158    0.06080    0.01798    0.16660    0.60250
0.97257    0.69697    0.73069    0.25140    0.06060    0.01796    0.16640    0.60241
0.97267    0.69745    0.73089    0.25122    0.06060    0.01794    0.16620    0.60232
0.97278    0.69792    0.73109    0.25104    0.06060    0.01792    0.16620    0.60222
0.97289    0.69839    0.73129    0.25085    0.06040    0.01790    0.16600    0.60213
0.97299    0.69887    0.73150    0.25067    0.06040    0.01788    0.16580    0.60204
0.97309    0.69934    0.73171    0.25048    0.06040    0.01786    0.16560    0.60194
0.97320    0.69981    0.73192    0.25029    0.06020    0.01784    0.16540    0.60184
0.97330    0.70028    0.73213    0.25010    0.06020    0.01782    0.16520    0.60175
0.97339    0.70075    0.73234    0.24991    0.06000    0.01780    0.16500    0.60165
0.97349    0.70123    0.73256    0.24972    0.06000    0.01778    0.16480    0.60155
0.97360    0.70170    0.73278    0.24952    0.06000    0.01776    0.16460    0.60145
0.97370    0.70217    0.73299    0.24932    0.05980    0.01774    0.16440    0.60135
0.97380    0.70264    0.73321    0.24913    0.05980    0.01772    0.16420    0.60125
0.97390    0.70311    0.73344    0.24892    0.05980    0.01770    0.16400    0.60114
0.97400    0.70358    0.73366    0.24872    0.05960    0.01766    0.16380    0.60104
0.97410    0.70405    0.73389    0.24852    0.05960    0.01764    0.16360    0.60094
0.97420    0.70452    0.73411    0.24831    0.05960    0.01762    0.16340    0.60084
0.97430    0.70499    0.73434    0.24810    0.05940    0.01760    0.16320    0.60073
0.97439    0.70546    0.73457    0.24790    0.05940    0.01758    0.16300    0.60063
0.97450    0.70593    0.73481    0.24769    0.05920    0.01756    0.16260    0.60052
0.97459    0.70640    0.73504    0.24748    0.05920    0.01754    0.16240    0.60041
0.97468    0.70686    0.73528    0.24726    0.05920    0.01750    0.16220    0.60030
0.97479    0.70733    0.73552    0.24705    0.05900    0.01748    0.16200    0.60019
0.97488    0.70780    0.73576    0.24683    0.05900    0.01746    0.16180    0.60008
0.97497    0.70827    0.73600    0.24661    0.05880    0.01744    0.16160    0.59997
0.97508    0.70873    0.73625    0.24639    0.05880    0.01742    0.16140    0.59986
0.97517    0.70920    0.73650    0.24616    0.05880    0.01738    0.16120    0.59975
0.97527    0.70967    0.73674    0.24594    0.05860    0.01736    0.16100    0.59964
0.97536    0.71013    0.73700    0.24571    0.05860    0.01734    0.16060    0.59952
0.97545    0.71060    0.73725    0.24548    0.05840    0.01732    0.16040    0.59940
0.97555    0.71106    0.73751    0.24525    0.05840    0.01728    0.16020    0.59929
0.97565    0.71153    0.73776    0.24502    0.05820    0.01726    0.16000    0.59917
0.97575    0.71200    0.73802    0.24479    0.05820    0.01724    0.15960    0.59905
0.97583    0.71246    0.73829    0.24455    0.05820    0.01720    0.15940    0.59893
0.97593    0.71292    0.73855    0.24432    0.05800    0.01718    0.15920    0.59881
0.97602    0.71339    0.73882    0.24408    0.05800    0.01716    0.15900    0.59869
0.97611    0.71385    0.73908    0.24383    0.05780    0.01714    0.15880    0.59857
0.97621    0.71431    0.73936    0.24359    0.05780    0.01710    0.15840    0.59844
0.97630    0.71478    0.73963    0.24335    0.05760    0.01708    0.15820    0.59832
0.97640    0.71525    0.73963    0.24335    0.05760    0.01708    0.15820    0.59832
0.97649    0.71572    0.73963    0.24335    0.05760    0.01708    0.15820    0.59832
0.97659    0.71619    0.73963    0.24335    0.05760    0.01708    0.15820    0.59832
0.97667    0.71665    0.73963    0.24335    0.05760    0.01708    0.15820    0.59832
0.97677    0.71712    0.73963    0.24335    0.05760    0.01708    0.15820    0.59832
0.97686    0.71758    0.73963    0.24335    0.05760    0.01708    0.15820    0.59832
0.97696    0.71805    0.73963    0.24335    0.05760    0.01708    0.15820    0.59832
0.97704    0.71852    0.73963    0.24335    0.05760    0.01708    0.15820    0.59832
0.97714    0.71898    0.73963    0.24335    0.05760    0.01708    0.15820    0.59832
0.97722    0.71944    0.73963    0.24335    0.05760    0.01708    0.15820    0.59832
0.97732    0.71991    0.73963    0.24335    0.05760    0.01708    0.15820    0.59832
0.97740    0.72037    0.73963    0.24335    0.05760    0.01708    0.15820    0.59832
0.97750    0.72083    0.73963    0.24335    0.05760    0.01708    0.15820    0.59832
0.97758    0.72129    0.73963    0.24335    0.05760    0.01708    0.15820    0.59832
0.97768    0.72176    0.73963    0.24335    0.05760    0.01708    0.15820    0.59832
0.97776    0.72222    0.73963    0.24335    0.05760    0.01708    0.15820    0.59832
0.97785    0.72268    0.73963    0.24335    0.05760    0.01708    0.15820    0.59832
0.97794    0.72314    0.73963    0.24335    0.05760    0.01708    0.15820    0.59832
0.97803    0.72360    0.73963    0.24335    0.05760    0.01708    0.15820    0.59832
0.97811    0.72406    0.73963    0.24335    0.05760    0.01708    0.15820    0.59832
0.97820    0.72451    0.73963    0.24335    0.05760    0.01708    0.15820    0.59832
0.97829    0.72497    0.73963    0.24335    0.05760    0.01708    0.15820    0.59832
0.97838    0.72543    0.73963    0.24335    0.05760    0.01708    0.15820    0.59832
0.97847    0.72589    0.73963    0.24335    0.05760    0.01708    0.15820    0.59832
0.97855    0.72634    0.73963    0.24335    0.05760    0.01708    0.15820    0.59832
0.97864    0.72680    0.73963    0.24335    0.05760    0.01708    0.15820    0.59832
0.97872    0.72725    0.73963    0.24335    0.05760    0.01708    0.15820    0.59832
0.97881    0.72771    0.73963    0.24335    0.05760    0.01708    0.15820    0.59832
0.97890    0.72816    0.73963    0.24335    0.05760    0.01708    0.15820    0.59832
0.97898    0.72862    0.73963    0.24335    0.05760    0.01708    0.15820    0.59832
0.97907    0.72907    0.73963    0.24335    0.05760    0.01708    0.15820    0.59832
0.97915    0.72952    0.73963    0.24335    0.05760    0.01708    0.15820    0.59832
0.97923    0.72997    0.73963    0.24335    0.05760    0.01708    0.15820    0.59832
0.97932    0.73043    0.73963    0.24335    0.05760    0.01708    0.15820    0.59832
0.97940    0.73088    0.73963    0.24335    0.05760    0.01708    0.15820    0.59832
0.97948    0.73131    0.73963    0.24335    0.05760    0.01708    0.15820    0.59832
0.97952    0.73151    0.73963    0.24335    0.05760    0.01708    0.15820    0.59832
0.97965    0.73223    0.73963    0.24335    0.05760    0.01708    0.15820    0.59832
0.97998    0.73402    0.73963    0.24335    0.05760    0.01708    0.15820    0.59832
0.98030    0.73579    0.73963    0.24335    0.05760    0.01708    0.15820    0.59832
0.98062    0.73756    0.73963    0.24335    0.05760    0.01708    0.15820    0.59832
0.98094    0.73932    0.73963    0.24335    0.05760    0.01708    0.15820    0.59832
0.98125    0.74107    0.73963    0.24335    0.05760    0.01708    0.15820    0.59832
0.98155    0.74282    0.73963    0.24335    0.05760    0.01708    0.15820    0.59832
0.98185    0.74455    0.73963    0.24335    0.05760    0.01708    0.15820    0.59832
0.98214    0.74628    0.73963    0.24335    0.05760    0.01708    0.15820    0.59832
0.98244    0.74800    0.73963    0.24335    0.05760    0.01708    0.15820    0.59832
0.98273    0.74971    0.73963    0.24335    0.05760    0.01708    0.15820    0.59832
0.98301    0.75141    0.73963    0.24335    0.05760    0.01708    0.15820    0.59832
0.98329    0.75311    0.73963    0.24335    0.05760    0.01708    0.15820    0.59832
0.98357    0.75479    0.73963    0.24335    0.05760    0.01708    0.15820    0.59832
0.98384    0.75647    0.73963    0.24335    0.05760    0.01708    0.15820    0.59832
0.98411    0.75814    0.73963    0.24335    0.05760    0.01708    0.15820    0.59832
0.98438    0.75980    0.73963    0.24335    0.05760    0.01708    0.15820    0.59832
0.98464    0.76146    0.73963    0.24335    0.05760    0.01708    0.15820    0.59832
0.98490    0.76310    0.73963    0.24335    0.05760    0.01708    0.15820    0.59832
0.98515    0.76474    0.73963    0.24335    0.05760    0.01708    0.15820    0.59832
0.98540    0.76637    0.73963    0.24335    0.05760    0.01708    0.15820    0.59832
0.98565    0.76799    0.73963    0.24335    0.05760    0.01708    0.15820    0.59832
0.98589    0.76960    0.73963    0.24335    0.05760    0.01708    0.15820    0.59832
0.98614    0.77121    0.73963    0.24335    0.05760    0.01708    0.15820    0.59832
0.98637    0.77280    0.73963    0.24335    0.05760    0.01708    0.15820    0.59832
0.98660    0.77439    0.73963    0.24335    0.05760    0.01708    0.15820    0.59832
0.98683    0.77597    0.73963    0.24335    0.05760    0.01708    0.15820    0.59832
0.98706    0.77754    0.73963    0.24335    0.05760    0.01708    0.15820    0.59832
0.98728    0.77911    0.73963    0.24335    0.05760    0.01708    0.15820    0.59832
0.98750    0.78066    0.73963    0.24335    0.05760    0.01708    0.15820    0.59832
0.98771    0.78221    0.73963    0.24335    0.05760    0.01708    0.15820    0.59832
0.98793    0.78375    0.73963    0.24335    0.05760    0.01708    0.15820    0.59832
0.98814    0.78528    0.73963    0.24335    0.05760    0.01708    0.15820    0.59832
0.98835    0.78680    0.73963    0.24335    0.05760    0.01708    0.15820    0.59832
0.98855    0.78831    0.73963    0.24335    0.05760    0.01708    0.15820    0.59832
0.98875    0.78982    0.73963    0.24335    0.05760    0.01708    0.15820    0.59832
0.98895    0.79132    0.73963    0.24335    0.05760    0.01708    0.15820    0.59832
0.98914    0.79281    0.73963    0.24335    0.05760    0.01708    0.15820    0.59832
0.98933    0.79429    0.73963    0.24335    0.05760    0.01708    0.15820    0.59832
0.98952    0.79576    0.73963    0.24335    0.05760    0.01708    0.15820    0.59832
0.98970    0.79723    0.73963    0.24335    0.05760    0.01708    0.15820    0.59832
0.98989    0.79868    0.73963    0.24335    0.05760    0.01708    0.15820    0.59832
0.99007    0.80013    0.73963    0.24335    0.05760    0.01708    0.15820    0.59832
0.99024    0.80157    0.73963    0.24335    0.05760    0.01708    0.15820    0.59832
0.99042    0.80300    0.73963    0.24335    0.05760    0.01708    0.15820    0.59832
0.99059    0.80443    0.73963    0.24335    0.05760    0.01708    0.15820    0.59832
0.99076    0.80584    0.73963    0.24335    0.05760    0.01708    0.15820    0.59832
0.99093    0.80725    0.73963    0.24335    0.05760    0.01708    0.15820    0.59832
0.99109    0.80865    0.73963    0.24335    0.05760    0.01708    0.15820    0.59832
0.99125    0.81004    0.73963    0.24335    0.05760    0.01708    0.15820    0.59832
0.99141    0.81142    0.73963    0.24335    0.05760    0.01708    0.15820    0.59832
0.99157    0.81280    0.73963    0.24335    0.05760    0.01708    0.15820    0.59832
0.99171    0.81417    0.73963    0.24335    0.05760    0.01708    0.15820    0.59832
0.99187    0.81553    0.73963    0.24335    0.05760    0.01708    0.15820    0.59832
0.99202    0.81688    0.73963    0.24335    0.05760    0.01708    0.15820    0.59832
0.99216    0.81822    0.73963    0.24335    0.05760    0.01708    0.15820    0.59832
0.99231    0.81956    0.73963    0.24335    0.05760    0.01708    0.15820    0.59832
0.99245    0.82088    0.73963    0.24335    0.05760    0.01708    0.15820    0.59832
0.99259    0.82220    0.73963    0.24335    0.05760    0.01708    0.15820    0.59832
0.99272    0.82351    0.73963    0.24335    0.05760    0.01708    0.15820    0.59832
0.99286    0.82482    0.73963    0.24335    0.05760    0.01708    0.15820    0.59832
0.99299    0.82611    0.73963    0.24335    0.05760    0.01708    0.15820    0.59832
0.99312    0.82740    0.73963    0.24335    0.05760    0.01708    0.15820    0.59832
0.99324    0.82868    0.73963    0.24335    0.05760    0.01708    0.15820    0.59832
0.99337    0.82995    0.73963    0.24335    0.05760    0.01708    0.15820    0.59832
0.99349    0.83121    0.73963    0.24335    0.05760    0.01708    0.15820    0.59832
0.99361    0.83247    0.73963    0.24335    0.05760    0.01708    0.15820    0.59832
0.99373    0.83372    0.73963    0.24335    0.05760    0.01708    0.15820    0.59832
0.99385    0.83496    0.73963    0.24335    0.05760    0.01708    0.15820    0.59832
0.99396    0.83619    0.73963    0.24335    0.05760    0.01708    0.15820    0.59832
0.99408    0.83742    0.73963    0.24335    0.05760    0.01708    0.15820    0.59832
0.99419    0.83864    0.73963    0.24335    0.05760    0.01708    0.15820    0.59832
0.99430    0.83985    0.73963    0.24335    0.05760    0.01708    0.15820    0.59832
0.99441    0.84105    0.73963    0.24335    0.05760    0.01708    0.15820    0.59832
0.99451    0.84224    0.73963    0.24335    0.05760    0.01708    0.15820    0.59832
0.99462    0.84343    0.73963    0.24335    0.05760    0.01708    0.15820    0.59832
0.99471    0.84461    0.73963    0.24335    0.05760    0.01708    0.15820    0.59832
0.99482    0.84578    0.73963    0.24335    0.05760    0.01708    0.15820    0.59832
0.99492    0.84694    0.73963    0.24335    0.05760    0.01708    0.15820    0.59832
0.99501    0.84810    0.73963    0.24335    0.05760    0.01708    0.15820    0.59832
0.99511    0.84925    0.73963    0.24335    0.05760    0.01708    0.15820    0.59832
0.99520    0.85039    0.73963    0.24335    0.05760    0.01708    0.15820    0.59832
0.99529    0.85152    0.73963    0.24335    0.05760    0.01708    0.15820    0.59832
0.99539    0.85265    0.73963    0.24335    0.05760    0.01708    0.15820    0.59832
0.99548    0.85377    0.73963    0.24335    0.05760    0.01708    0.15820    0.59832
0.99556    0.85488    0.73963    0.24335    0.05760    0.01708    0.15820    0.59832
0.99565    0.85599    0.73963    0.24335    0.05760    0.01708    0.15820    0.59832
0.99573    0.85708    0.73963    0.24335    0.05760    0.01708    0.15820    0.59832
0.99582    0.85817    0.73963    0.24335    0.05760    0.01708    0.15820    0.59832
0.99589    0.85926    0.73963    0.24335    0.05760    0.01708    0.15820    0.59832
0.99597    0.86033    0.73963    0.24335    0.05760    0.01708    0.15820    0.59832
0.99605    0.86140    0.73963    0.24335    0.05760    0.01708    0.15820    0.59832
0.99613    0.86246    0.73963    0.24335    0.05760    0.01708    0.15820    0.59832
0.99620    0.86352    0.73963    0.24335    0.05760    0.01708    0.15820    0.59832
0.99628    0.86456    0.73963    0.24335    0.05760    0.01708    0.15820    0.59832
0.99635    0.86560    0.73963    0.24335    0.05760    0.01708    0.15820    0.59832
0.99642    0.86663    0.73963    0.24335    0.05760    0.01708    0.15820    0.59832
0.99649    0.86766    0.73963    0.24335    0.05760    0.01708    0.15820    0.59832
0.99656    0.86868    0.73963    0.24335    0.05760    0.01708    0.15820    0.59832
0.99663    0.86969    0.73963    0.24335    0.05760    0.01708    0.15820    0.59832
0.99670    0.87069    0.73963    0.24335    0.05760    0.01708    0.15820    0.59832
0.99676    0.87169    0.73963    0.24335    0.05760    0.01708    0.15820    0.59832
0.99682    0.87268    0.73963    0.24335    0.05760    0.01708    0.15820    0.59832
0.99688    0.87367    0.73963    0.24335    0.05760    0.01708    0.15820    0.59832
0.99695    0.87464    0.73963    0.24335    0.05760    0.01708    0.15820    0.59832
0.99701    0.87561    0.73963    0.24335    0.05760    0.01708    0.15820    0.59832
0.99707    0.87658    0.73963    0.24335    0.05760    0.01708    0.15820    0.59832
0.99713    0.87753    0.73963    0.24335    0.05760    0.01708    0.15820    0.59832
0.99718    0.87848    0.73963    0.24335    0.05760    0.01708    0.15820    0.59832
0.99724    0.87943    0.73963    0.24335    0.05760    0.01708    0.15820    0.59832
0.99730    0.88036    0.73963    0.24335    0.05760    0.01708    0.15820    0.59832
0.99735    0.88129    0.73963    0.24335    0.05760    0.01708    0.15820    0.59832
0.99740    0.88222    0.73963    0.24335    0.05760    0.01708    0.15820    0.59832
0.99745    0.88313    0.73963    0.24335    0.05760    0.01708    0.15820    0.59832
0.99751    0.88404    0.73963    0.24335    0.05760    0.01708    0.15820    0.59832
0.99756    0.88495    0.73963    0.24335    0.05760    0.01708    0.15820    0.59832
0.99761    0.88584    0.73963    0.24335    0.05760    0.01708    0.15820    0.59832
0.99765    0.88674    0.73963    0.24335    0.05760    0.01708    0.15820    0.59832
0.99771    0.88762    0.73963    0.24335    0.05760    0.01708    0.15820    0.59832
0.99775    0.88850    0.73963    0.24335    0.05760    0.01708    0.15820    0.59832
0.99779    0.88937    0.73963    0.24335    0.05760    0.01708    0.15820    0.59832
0.99784    0.89024    0.73963    0.24335    0.05760    0.01708    0.15820    0.59832
0.99788    0.89109    0.73963    0.24335    0.05760    0.01708    0.15820    0.59832
0.99793    0.89195    0.73963    0.24335    0.05760    0.01708    0.15820    0.59832
0.99797    0.89279    0.73963    0.24335    0.05760    0.01708    0.15820    0.59832
0.99801    0.89364    0.73963    0.24335    0.05760    0.01708    0.15820    0.59832
0.99805    0.89447    0.73963    0.24335    0.05760    0.01708    0.15820    0.59832
0.99809    0.89530    0.73963    0.24335    0.05760    0.01708    0.15820    0.59832
0.99813    0.89612    0.73963    0.24335    0.05760    0.01708    0.15820    0.59832
0.99817    0.89694    0.73963    0.24335    0.05760    0.01708    0.15820    0.59832
0.99821    0.89775    0.73963    0.24335    0.05760    0.01708    0.15820    0.59832
0.99824    0.89855    0.73963    0.24335    0.05760    0.01708    0.15820    0.59832
0.99828    0.89935    0.73963    0.24335    0.05760    0.01708    0.15820    0.59832
0.99831    0.90014    0.73963    0.24335    0.05760    0.01708    0.15820    0.59832
0.99835    0.90093    0.73963    0.24335    0.05760    0.01708    0.15820    0.59832
0.99838    0.90171    0.73963    0.24335    0.05760    0.01708    0.15820    0.59832
0.99842    0.90248    0.73963    0.24335    0.05760    0.01708    0.15820    0.59832
0.99845    0.90325    0.73963    0.24335    0.05760    0.01708    0.15820    0.59832
0.99849    0.90402    0.73963    0.24335    0.05760    0.01708    0.15820    0.59832
0.99851    0.90477    0.73963    0.24335    0.05760    0.01708    0.15820    0.59832
0.99855    0.90553    0.73963    0.24335    0.05760    0.01708    0.15820    0.59832
0.99858    0.90627    0.73963    0.24335    0.05760    0.01708    0.15820    0.59832
0.99861    0.90701    0.73963    0.24335    0.05760    0.01708    0.15820    0.59832
0.99864    0.90775    0.73963    0.24335    0.05760    0.01708    0.15820    0.59832
0.99866    0.90848    0.73963    0.24335    0.05760    0.01708    0.15820    0.59832
0.99869    0.90920    0.73963    0.24335    0.05760    0.01708    0.15820    0.59832
0.99872    0.90992    0.73963    0.24335    0.05760    0.01708    0.15820    0.59832
0.99875    0.91063    0.73963    0.24335    0.05760    0.01708    0.15820    0.59832
0.99878    0.91134    0.73963    0.24335    0.05760    0.01708    0.15820    0.59832
0.99880    0.91204    0.73963    0.24335    0.05760    0.01708    0.15820    0.59832
0.99882    0.91274    0.73963    0.24335    0.05760    0.01708    0.15820    0.59832
0.99885    0.91343    0.73963    0.24335    0.05760    0.01708    0.15820    0.59832
0.99887    0.91412    0.73963    0.24335    0.05760    0.01708    0.15820    0.59832
0.99890    0.91480    0.73963    0.24335    0.05760    0.01708    0.15820    0.59832
0.99893    0.91547    0.73963    0.24335    0.05760    0.01708    0.15820    0.59832
0.99894    0.91614    0.73963    0.24335    0.05760    0.01708    0.15820    0.59832
0.99897    0.91681    0.73963    0.24335    0.05760    0.01708    0.15820    0.59832
0.99899    0.91747    0.73963    0.24335    0.05760    0.01708    0.15820    0.59832
0.99901    0.91812    0.73963    0.24335    0.05760    0.01708    0.15820    0.59832
0.99903    0.91877    0.73963    0.24335    0.05760    0.01708    0.15820    0.59832
0.99906    0.91942    0.73963    0.24335    0.05760    0.01708    0.15820    0.59832
0.99908    0.92006    0.73963    0.24335    0.05760    0.01708    0.15820    0.59832
0.99909    0.92069    0.73963    0.24335    0.05760    0.01708    0.15820    0.59832
0.99911    0.92132    0.73963    0.24335    0.05760    0.01708    0.15820    0.59832
0.99914    0.92195    0.73963    0.24335    0.05760    0.01708    0.15820    0.59832
0.99915    0.92257    0.73963    0.24335    0.05760    0.01708    0.15820    0.59832
0.99917    0.92318    0.73963    0.24335    0.05760    0.01708    0.15820    0.59832
0.99919    0.92379    0.73963    0.24335    0.05760    0.01708    0.15820    0.59832
0.99921    0.92440    0.73963    0.24335    0.05760    0.01708    0.15820    0.59832
0.99922    0.92500    0.73963    0.24335    0.05760    0.01708    0.15820    0.59832
0.99924    0.92560    0.73963    0.24335    0.05760    0.01708    0.15820    0.59832
0.99926    0.92619    0.73963    0.24335    0.05760    0.01708    0.15820    0.59832
0.99928    0.92678    0.73963    0.24335    0.05760    0.01708    0.15820    0.59832
0.99929    0.92736    0.73963    0.24335    0.05760    0.01708    0.15820    0.59832
0.99930    0.92793    0.73963    0.24335    0.05760    0.01708    0.15820    0.59832
0.99932    0.92851    0.73963    0.24335    0.05760    0.01708    0.15820    0.59832
0.99934    0.92908    0.73963    0.24335    0.05760    0.01708    0.15820    0.59832
0.99935    0.92964    0.73963    0.24335    0.05760    0.01708    0.15820    0.59832
0.99936    0.93020    0.73963    0.24335    0.05760    0.01708    0.15820    0.59832
0.99938    0.93075    0.73963    0.24335    0.05760    0.01708    0.15820    0.59832
0.99939    0.93130    0.73963    0.24335    0.05760    0.01708    0.15820    0.59832
0.99941    0.93185    0.73963    0.24335    0.05760    0.01708    0.15820    0.59832
0.99942    0.93239    0.73963    0.24335    0.05760    0.01708    0.15820    0.59832
0.99944    0.93293    0.73963    0.24335    0.05760    0.01708    0.15820    0.59832
0.99944    0.93346    0.73963    0.24335    0.05760    0.01708    0.15820    0.59832
0.99946    0.93399    0.73963    0.24335    0.05760    0.01708    0.15820    0.59832
0.99947    0.93452    0.73963    0.24335    0.05760    0.01708    0.15820    0.59832
0.99948    0.93504    0.73963    0.24335    0.05760    0.01708    0.15820    0.59832
0.99950    0.93555    0.73963    0.24335    0.05760    0.01708    0.15820    0.59832
0.99951    0.93607    0.73963    0.24335    0.05760    0.01708    0.15820    0.59832
0.99951    0.93657    0.73963    0.24335    0.05760    0.01708    0.15820    0.59832
0.99953    0.93708    0.73963    0.24335    0.05760    0.01708    0.15820    0.59832
0.99954    0.93758    0.73963    0.24335    0.05760    0.01708    0.15820    0.59832
0.99955    0.93807    0.73963    0.24335    0.05760    0.01708    0.15820    0.59832
0.99956    0.93856    0.73963    0.24335    0.05760    0.01708    0.15820    0.59832
0.99957    0.93905    0.73963    0.24335    0.05760    0.01708    0.15820    0.59832
0.99958    0.93954    0.73963    0.24335    0.05760    0.01708    0.15820    0.59832
0.99959    0.94001    0.73963    0.24335    0.05760    0.01708    0.15820    0.59832
0.99960    0.94049    0.73963    0.24335    0.05760    0.01708    0.15820    0.59832
0.99961    0.94096    0.73963    0.24335    0.05760    0.01708    0.15820    0.59832
0.99962    0.94143    0.73963    0.24335    0.05760    0.01708    0.15820    0.59832
0.99963    0.94189    0.73963    0.24335    0.05760    0.01708    0.15820    0.59832
0.99964    0.94236    0.73963    0.24335    0.05760    0.01708    0.15820    0.59832
0.99965    0.94281    0.73963    0.24335    0.05760    0.01708    0.15820    0.59832
0.99965    0.94326    0.73963    0.24335    0.05760    0.01708    0.15820    0.59832
0.99966    0.94371    0.73963    0.24335    0.05760    0.01708    0.15820    0.59832
0.99967    0.94416    0.73963    0.24335    0.05760    0.01708    0.15820    0.59832
0.99967    0.94460    0.73963    0.24335    0.05760    0.01708    0.15820    0.59832
0.99968    0.94504    0.73963    0.24335    0.05760    0.01708    0.15820    0.59832
0.99969    0.94548    0.73963    0.24335    0.05760    0.01708    0.15820    0.59832
0.99970    0.94591    0.73963    0.24335    0.05760    0.01708    0.15820    0.59832
0.99971    0.94633    0.73963    0.24335    0.05760    0.01708    0.15820    0.59832
0.99972    0.94676    0.73963    0.24335    0.05760    0.01708    0.15820    0.59832
1.00000    1.00000    0.73963    0.24335    0.05760    0.01708    0.15820    0.59832
