  0.0199999996  45.4080009
  0.0399999991  179.520004
  0.0599999987  397.056
  0.0799999982  693.791992
  0.100000001  1066.03198
  0.119999997  1509.552
  0.140000001  2019.59998
  0.159999996  2593.53613
  0.180000007  3227.13599
  0.200000003  3916.17603
  0.219999999  4656.43213
  0.239999995  5444.73633
  0.25999999  6275.27979
  0.280000001  7142.78418
  0.300000012  8036.15967
  0.319999993  8933.23145
  0.340000004  9846.14355
  0.360000014  10945.4395
  0.379999995  12091.7285
  0.400000006  13282.3682
  0.419999987  14511.0244
  0.439999998  15785.6162
  0.460000008  17126.7363
  0.479999989  18510.623
  0.5  19934.6406
  0.519999981  21389.8086
  0.540000021  22895.1367
  0.560000002  24469.1035
  0.579999983  26084.7832
  0.600000024  27739.5371
  0.620000005  29428.6074
  0.639999986  31164.6699
  0.660000026  32949.8398
  0.680000007  34773.0234
  0.699999988  36633.168
  0.720000029  38527.1055
  0.74000001  40462.2227
  0.75999999  42436.9414
  0.779999971  44445.9844
  0.800000012  46487.2344
  0.819999993  48555.9375
  0.839999974  50670.0508
  0.860000014  52819.5352
  0.879999995  54999.1211
  0.899999976  57207.7461
  0.920000017  59435.9023
  0.939999998  61718.9766
  0.959999979  64033.1992
  0.980000019  66375.4062
  1.  68743.4844
  1.01999998  71130.0469
  1.03999996  73568.8828
  1.05999994  76034.1094
  1.08000004  78525.2188
  1.10000002  81039.5547
  1.12  83573.9531
  1.13999999  86152.7031
  1.15999997  88755.2188
  1.17999995  91382.0156
  1.20000005  94029.9375
  1.22000003  96697.9219
  1.24000001  99401.8047
  1.25999999  102127.344
  1.27999997  104873.992
  1.29999995  107640.188
  1.32000005  110425.914
  1.34000003  113239.633
  1.36000001  116072.883
  1.38  118923.547
  1.39999998  121790.07
  1.41999996  124675.578
  1.44000006  127590.672
  1.46000004  130523.188
  1.48000002  133471.531
  1.5  136432.562
  1.51999998  139413.125
  1.53999996  142417.969
  1.55999994  145437.594
  1.58000004  148470.969
  1.60000002  151516.469
  1.62  154578.859
  1.63999999  157660.281
  1.65999997  160754.875
  1.67999995  163860.578
  1.70000005  166976.297
  1.72000003  170107.859
  1.74000001  173254.219
  1.75999999  176410.078
  1.77999997  179575.438
  1.79999995  182745.031
  1.82000005  185936.25
  1.84000003  189140.156
  1.86000001  192352.516
  1.88  195571.719
  1.89999998  198793.578
  1.91999996  202036.562
  1.94000006  205287.453
  1.96000004  208544.688
  1.98000002  211807.188
  2.  215070.234
  2.01999998  218354.922
  2.03999996  221644.891
  2.05999994  224939.078
  2.07999992  228236.984
  2.0999999  231534.875
  2.11999989  234850.703
  2.1400001  238169.719
  2.16000009  241491.875
  2.18000007  244814.594
  2.20000005  248138.359
  2.22000003  251476.375
  2.24000001  254815.969
  2.25999999  258157.156
  2.27999997  261497.266
  2.29999995  264837.938
  2.31999993  268189.688
  2.33999991  271541.406
  2.3599999  274892.625
  2.38000011  278241.219
  2.4000001  281590.344
  2.42000008  284949.438
  2.44000006  288307.
  2.46000004  291662.438
  2.48000002  295013.125
  2.5  298364.875
  2.51999998  301722.438
  2.53999996  305077.344
  2.55999994  308427.5
  2.57999992  311771.312
  2.5999999  315117.781
  2.61999989  318467.406
  2.6400001  321811.781
  2.66000009  325150.844
  2.68000007  328481.469
  2.70000005  331815.781
  2.72000003  335149.594
  2.74000001  338477.062
  2.75999999  341798.188
  2.77999997  345107.656
  2.79999995  348423.5
  2.81999993  351735.656
  2.83999991  355040.406
  2.8599999  358336.156
  2.88000011  361618.75
  2.9000001  364910.812
  2.92000008  368195.
  2.94000006  371470.688
  2.96000004  374736.906
  2.98000002  377990.438
  3.  381248.219
  3.01999998  384497.
  3.03999996  387735.75
  3.05999994  390963.406
  3.07999992  394179.438
  3.0999999  397397.094
  3.11999989  400604.156
  3.1400001  403800.688
  3.16000009  406984.5
  3.18000007  410156.219
  3.20000005  413328.438
  3.22000003  416489.562
  3.24000001  419638.531
  3.25999999  422773.281
  3.27999997  425897.469
  3.29999995  429017.969
  3.31999993  432125.75
  3.33999991  435220.344
  3.3599999  438299.156
  3.38000011  441368.375
  3.4000001  444433.438
  3.42000008  447484.75
  3.44000006  450522.344
  3.46000004  453543.031
  3.48000002  456554.719
  3.5  459558.031
  3.51999998  462547.
  3.53999996  465520.719
  3.55999994  468475.906
  3.57999992  471424.25
  3.5999999  474362.062
  3.61999989  477284.
  3.6400001  480189.594
  3.66000009  483074.594
  3.68000007  485955.875
  3.70000005  488824.5
  3.72000003  491675.719
  3.74000001  494510.031
  3.75999999  497321.094
  3.77999997  500132.688
  3.79999995  502927.375
  3.81999993  505704.656
  3.83999991  508463.469
  3.8599999  511200.625
  3.88000011  513934.594
  3.9000001  516651.156
  3.92000008  519349.781
  3.94000006  522028.344
  3.96000004  524685.75
  3.98000002  527338.938
  4.  529973.625
  4.01999998  532588.812
  4.03999996  535183.938
  4.05999994  537758.5
  4.07999992  540327.75
  4.0999999  542877.438
  4.11999989  545407.125
  4.13999987  547916.188
  4.15999985  550405.688
  4.17999983  552887.25
  4.19999981  555348.812
  4.21999979  557789.75
  4.23999977  560208.
  4.26000023  562609.875
  4.28000021  565000.625
  4.30000019  567370.875
  4.32000017  569719.375
  4.34000015  572044.688
  4.36000013  574354.688
  4.38000011  576651.
  4.4000001  578926.125
  4.42000008  581178.562
  4.44000006  583405.688
  4.46000004  585622.25
  4.48000002  587821.875
  4.5  590000.375
  4.51999998  592155.688
  4.53999996  594283.562
  4.55999994  596404.5
  4.57999992  598505.938
  4.5999999  600584.688
  4.61999989  602640.188
  4.63999987  604667.688
  4.65999985  606689.938
  4.67999983  608690.
  4.69999981  610666.875
  4.71999979  612619.375
  4.73999977  614545.5
  4.76000023  616464.812
  4.78000021  618361.438
  4.80000019  620234.25
  4.82000017  622081.688
  4.84000015  623904.875
  4.86000013  625718.562
  4.88000011  627509.5
  4.9000001  629276.188
  4.92000008  631017.562
  4.94000006  632735.125
  4.96000004  634442.188
  4.98000002  636125.938
  5.  637784.938
  5.01999998  639418.062
  5.03999996  641030.062
  5.05999994  642628.812
  5.07999992  644203.25
  5.0999999  645753.5
  5.11999989  647276.25
  5.13999987  648780.
  5.15999985  650269.
  5.17999983  651733.625
  5.19999981  653172.938
  5.21999979  654584.312
  5.23999977  655979.25
  5.26000023  657357.375
  5.28000021  658710.125
  5.30000019  660038.
  5.32000017  661335.875
  5.34000015  662621.562
  5.36000013  663886.625
  5.38000011  665126.375
  5.4000001  666340.75
  5.42000008  667524.
  5.44000006  668698.812
  5.46000004  669850.375
  5.48000002  670976.062
  5.5  672075.938
  5.51999998  673145.062
  5.53999996  674206.938
  5.55999994  675242.875
  5.57999992  676253.938
  5.5999999  677238.688
  5.61999989  678194.875
  5.63999987  679141.062
  5.65999985  680062.438
  5.67999983  680957.875
  5.69999981  681825.938
  5.71999979  682668.125
  5.73999977  683499.688
  5.76000023  684304.938
  5.78000021  685084.812
  5.80000019  685836.625
  5.82000017  686564.75
  5.84000015  687280.125
  5.86000013  687970.812
  5.88000011  688634.5
  5.9000001  689270.25
  5.92000008  689885.312
  5.94000006  690484.625
  5.96000004  691059.625
  5.98000002  691607.125
  6.  692126.188
  6.01999998  692627.75
  6.03999996  693112.5
  6.05999994  693571.312
  6.07999992  694004.312
  6.0999999  694407.125
  6.11999989  694796.25
  6.13999987  695164.812
  6.15999985  695508.
  6.17999983  695823.75
  6.19999981  696108.875
  6.21999979  696385.562
  6.23999977  696639.
  6.26000023  696866.062
  6.28000021  697067.125
  6.30000019  697237.188
  6.32000017  697400.938
  6.34000015  697538.125
  6.36000013  697651.188
  6.38000011  697736.125
  6.4000001  697793.188
  6.42000008  697842.312
  6.44000006  697866.062
  6.46000004  697863.938
  6.48000002  697835.438
  6.5  697780.
  6.51999998  697715.062
  6.53999996  697624.75
  6.55999994  697509.062
  6.57999992  697366.062
  6.5999999  697199.75
  6.61999989  697022.312
  6.63999987  696819.562
  6.65999985  696591.438
  6.67999983  696335.375
  6.69999981  696059.75
  6.71999979  695769.938
  6.73999977  695456.25
  6.76000023  695116.75
  6.78000021  694748.75
  6.80000019  694364.875
  6.82000017  693964.625
  6.84000015  693540.188
  6.86000013  693089.75
  6.88000011  692610.375
  6.9000001  692119.812
  6.92000008  691610.25
  6.94000006  691076.5
  6.96000004  690517.375
  6.98000002  689926.5
  7.  689331.438
  7.01999998  688714.188
  7.03999996  688071.625
  7.05999994  687403.75
  7.07999992  686706.25
  7.0999999  686006.125
  7.11999989  685281.75
  7.13999987  684534.062
  7.15999985  683760.562
  7.17999983  682959.562
  7.19999981  682154.375
  7.21999979  681325.375
  7.23999977  680472.688
  7.26000023  679594.062
  7.28000021  678692.25
  7.30000019  677783.062
  7.32000017  676851.125
  7.34000015  675895.438
  7.36000013  674913.938
  7.38000011  673912.25
  7.4000001  672901.188
  7.42000008  671867.312
  7.44000006  670810.312
  7.46000004  669726.812
  7.48000002  668627.5
  7.5  667516.062
  7.51999998  666382.438
  7.53999996  665225.625
  7.55999994  664041.875
  7.57999992  662847.5
  7.5999999  661638.375
  7.61999989  660407.625
  7.63999987  659153.625
  7.65999985  657871.625
  7.67999983  656584.375
  7.69999981  655279.688
  7.71999979  653953.375
  7.73999977  652603.25
  7.76000023  651224.625
  7.78000021  649848.188
  7.80000019  648450.
  7.82000017  647031.25
  7.84000015  645589.312
  7.86000013  644120.938
  7.88000011  642653.062
  7.9000001  641164.125
  7.92000008  639654.562
  7.94000006  638122.312
  7.96000004  636566.812
  7.98000002  635009.75
  8.  633433.125
  8.02000046  631835.438
  8.03999996  630214.438
  8.06000042  628575.
  8.07999992  626931.875
  8.10000038  625269.25
  8.11999989  623585.938
  8.14000034  621879.438
  8.15999985  620158.688
  8.18000031  618431.625
  8.19999981  616685.
  8.22000027  614918.875
  8.23999977  613128.375
  8.26000023  611328.938
  8.27999973  609521.125
  8.30000019  607694.188
  8.31999969  605847.25
  8.34000015  603976.
  8.35999966  602102.188
  8.38000011  600216.125
  8.39999962  598311.688
  8.42000008  596387.625
  8.43999958  594438.25
  8.46000004  592493.125
  8.47999954  590532.062
  8.5  588553.125
  8.52000046  586555.188
  8.53999996  584532.438
  8.56000042  582516.5
  8.57999992  580483.188
  8.60000038  578432.938
  8.61999989  576363.25
  8.64000034  574273.438
  8.65999985  572188.312
  8.68000031  570086.375
  8.69999981  567967.5
  8.72000027  565829.062
  8.73999977  563674.812
  8.76000023  561523.25
  8.77999973  559356.375
  8.80000019  557172.
  8.81999969  554969.75
  8.84000015  552754.75
  8.85999966  550540.312
  8.88000011  548310.062
  8.89999962  546063.938
  8.92000008  543797.75
  8.93999958  541526.312
  8.96000004  539251.125
  8.97999954  536961.75
  9.  534656.
  9.02000046  532330.625
  9.03999996  530005.375
  9.06000042  527674.75
  9.07999992  525329.938
  9.10000038  522969.75
  9.11999989  520587.438
  9.14000034  518214.062
  9.15999985  515830.656
  9.18000031  513433.531
  9.19999981  511021.125
  9.22000027  508588.062
  9.23999977  506167.719
  9.26000023  503734.688
  9.27999973  501288.469
  9.30000019  498827.469
  9.31999969  496349.562
  9.34000015  493882.781
  9.35999966  491403.781
  9.38000011  488912.688
  9.39999962  486406.25
  9.42000008  483887.688
  9.43999958  481378.656
  9.46000004  478858.
  9.47999954  476325.156
  9.5  473778.094
  9.52000046  471223.125
  9.53999996  468674.969
  9.56000042  466116.812
  9.57999992  463546.531
  9.60000038  460960.875
  9.61999989  458374.219
  9.64000034  455791.25
  9.65999985  453198.219
  9.68000031  450594.156
  9.69999981  447974.188
  9.72000027  445359.562
  9.73999977  442745.406
  9.76000023  440121.25
  9.77999973  437486.562
  9.80000019  434834.906
  9.81999969  432197.594
  9.84000015  429556.
  9.85999966  426904.906
  9.88000011  424244.281
  9.89999962  421565.781
  9.92000008  418908.344
  9.93999958  416243.
  9.96000004  413569.188
  9.97999954  410885.375
  10.  408188.875
  10.0200005  405511.375
  10.04  402826.531
  10.0600004  400134.25
  10.0799999  397431.906
  10.1000004  394721.688
  10.1199999  392027.875
  10.1400003  389327.688
  10.1599998  386620.594
  10.1800003  383902.969
  10.1999998  381183.281
  10.2200003  378477.812
  10.2399998  375765.969
  10.2600002  373047.844
  10.2799997  370318.594
  10.3000002  367594.656
  10.3199997  364880.719
  10.3400002  362162.031
  10.3599997  359437.062
  10.3800001  356699.906
  10.3999996  353975.938
  10.4200001  351258.312
  10.4399996  348536.5
  10.46  345808.312
  10.4799995  343066.438
  10.5  340348.812
  10.5200005  337631.688
  10.54  334910.375
  10.5600004  332183.281
  10.5799999  329443.5
  10.6000004  326733.25
  10.6199999  324020.406
  10.6400003  321304.375
  10.6599998  318582.531
  10.6800003  315852.781
  10.6999998  313151.
  10.7200003  310447.094
  10.7399998  307740.062
  10.7600002  305027.719
  10.7799997  302313.781
  10.8000002  299623.625
  10.8199997  296932.938
  10.8400002  294239.094
  10.8599997  291539.938
  10.8800001  288845.562
  10.8999996  286171.781
  10.9200001  283497.969
  10.9399996  280821.531
  10.96  278138.781
  10.9799995  275469.219
  11.  272816.531
  11.0200005  270162.812
  11.04  267508.562
  11.0600004  264844.781
  11.0799999  262205.344
  11.1000004  259577.469
  11.1199999  256949.625
  11.1400003  254320.703
  11.1599998  251679.656
  11.1800003  249077.141
  11.1999998  246477.797
  11.2200003  243879.5
  11.2399998  241280.156
  11.2600002  238672.375
  11.2799997  236103.656
  11.3000002  233537.562
  11.3199997  230972.531
  11.3400002  228406.469
  11.3599997  225838.281
  11.3800001  223305.984
  11.3999996  220776.344
  11.4200001  218248.812
  11.4399996  215719.156
  11.46  213194.781
  11.4799995  210702.625
  11.5  208214.688
  11.5200005  205728.344
  11.54  203239.344
  11.5600004  200764.094
  11.5799999  198316.812
  11.6000004  195873.219
  11.6199999  193432.266
  11.6400003  190987.109
  11.6599998  188566.219
  11.6800003  186167.531
  11.6999998  183773.031
  11.7200003  181380.672
  11.7399998  178981.438
  11.7600002  176620.766
  11.7799997  174274.328
  11.8000002  171932.641
  11.8199997  169593.078
  11.8400002  167244.531
  11.8599997  164947.734
  11.8800001  162657.266
  11.8999996  160371.547
  11.9200001  158087.953
  11.9399996  155801.703
  11.96  153564.578
  11.9799995  151333.781
  12.  149108.781
  12.0200005  146884.859
  12.04  144665.672
  12.0600004  142491.891
  12.0799999  140324.969
  12.1000004  138163.344
  12.1199999  136002.234
  12.1400003  133854.875
  12.1599998  131748.141
  12.1800003  129648.281
  12.1999998  127554.234
  12.2200003  125457.555
  12.2399998  123387.266
  12.2600002  121350.766
  12.2799997  119321.664
  12.3000002  117297.844
  12.3199997  115268.734
  12.3400002  113280.812
  12.3599997  111318.234
  12.3800001  109363.055
  12.3999996  107412.094
  12.4200001  105449.516
  12.4399996  103551.359
  12.46  101665.344
  12.4799995  99786.7188
  12.5  97911.7969
  12.5200005  96028.9375
  12.54  94214.7344
  12.5600004  92408.9766
  12.5799999  90610.6016
  12.6000004  88814.3516
  12.6199999  87019.6875
  12.6400003  85287.8438
  12.6599998  83564.9766
  12.6800003  81848.9766
  12.6999998  80132.9766
  12.7200003  78430.1797
  12.7399998  76784.3984
  12.7600002  75147.0703
  12.7799997  73515.5547
  12.8000002  71881.3906
  12.8199997  70274.6875
  12.8400002  68717.0859
  12.8599997  67167.4062
  12.8800001  65623.0078
  12.8999996  64070.1602
  12.9200001  62565.3594
  12.9399996  61098.0469
  12.96  59638.6562
  12.9799995  58182.9609
  13.  56710.3672
  13.0200005  55314.3359
  13.04  53939.4258
  13.0600004  52571.375
  13.0799999  51204.3828
  13.1000004  49818.9141
  13.1199999  48530.0625
  13.1400003  47249.1328
  13.1599998  45974.543
  13.1800003  44698.8945
  13.1999998  43416.3828
  13.2200003  42224.1562
  13.2399998  41039.3281
  13.2600002  39858.7188
  13.2799997  38673.8867
  13.3000002  37496.9766
  13.3199997  36402.4297
  13.3400002  35314.2227
  13.3599997  34228.6562
  13.3800001  33133.582
  13.3999996  32067.0234
  13.4200001  31070.6875
  13.4399996  30079.1035
  13.46  29088.0469
  13.4799995  28079.5684
  13.5  27128.1113
  13.5200005  26229.9824
  13.54  25336.0801
  13.5600004  24439.5371
  13.5799999  23513.4238
  13.6000004  22683.9355
  13.6199999  21884.0156
  13.6400003  21086.209
  13.6599998  20283.1211
  13.6800003  19440.9609
  13.6999998  18732.9121
  13.7200003  18029.0879
  13.7399998  17325.793
  13.7600002  16614.0488
  13.7799997  15880.6562
  13.8000002  15267.6475
  13.8199997  14657.2793
  13.8400002  14045.8564
  13.8599997  13421.2314
  13.8800001  12797.1357
  13.8999996  12274.415
  13.9200001  11753.2793
  13.9399996  11229.5039
  13.96  10687.7764
  13.9799995  10170.3359
  14.  9732.62402
  14.0200005  9294.91211
  14.04  8852.44824
  14.0600004  8387.80762
  14.0799999  7973.32764
  14.1000004  7612.7041
  14.1199999  7251.02393
  14.1400003  6884.06396
  14.1599998  6487.0083
  14.1800003  6169.68018
  14.1999998  5877.16797
  14.2200003  5583.6001
  14.2399998  5283.16846
  14.2600002  4948.41602
  14.2799997  4715.04004
  14.3000002  4481.66406
  14.3199997  4247.23193
  14.3400002  4004.88013
  14.3599997  3745.63184
  14.3800001  3562.94409
  14.3999996  3379.72803
  14.4200001  3194.92798
  14.4399996  3002.20801
  14.46  2807.37598
  14.4799995  2665.87207
  14.5  2523.84009
  14.5200005  2379.69604
  14.54  2227.104
  14.5600004  2084.54395
  14.5799999  1976.30396
  14.6000004  1867.00793
  14.6199999  1756.12805
  14.6400003  1636.27197
  14.6599998  1534.896
  14.6800003  1452.52795
  14.6999998  1369.63196
  14.7200003  1284.62402
  14.7399998  1189.58398
  14.7600002  1119.88794
  14.7799997  1057.58398
  14.8000002  994.751953
  14.8199997  929.807983
  14.8400002  855.359985
  14.8599997  808.895996
  14.8800001  762.431946
  14.8999996  715.440002
  14.9200001  666.335999
  14.9399996  613.007996
  14.96  578.687988
  14.9799995  543.839966
  15.  508.463989
  15.0200005  471.504028
  15.04  434.015991
  15.0600004  408.143982
  15.0799999  382.799988
  15.1000004  356.399994
  15.1199999  328.416016
  15.1400003  303.071991
  15.1599998  284.063995
  15.1800003  265.056
  15.1999998  246.047989
  15.2200003  224.928009
  15.2399998  207.503998
  15.2600002  194.304001
  15.2799997  180.575989
  15.3000002  166.319992
  15.3199997  150.479996
  15.3400002  139.391998
  15.3599997  129.888
  15.3800001  120.384003
  15.3999996  110.352005
  15.4200001  98.7360001
  15.4399996  91.8720016
  15.46  85.5359955
  15.4799995  78.6719971
  15.5  71.2799988
  15.5200005  63.8880005
  15.54  59.1359978
  15.5600004  54.3840027
  15.5799999  50.159996
  15.6000004  44.8800011
  15.6199999  40.1280022
  15.6400003  36.9599991
  15.6599998  33.7919998
  15.6800003  30.6240005
  15.6999998  27.4559994
  15.7200003  24.2880001
  15.7399998  22.1760006
  15.7600002  20.0640011
  15.7799997  17.9519997
  15.8000002  15.8400002
  15.8199997  14.2560005
  15.8400002  12.6720009
  15.8599997  11.6159992
  15.8800001  10.0320005
  15.8999996  8.44799995
  15.9200001  7.92000008
  15.9399996  6.86399984
  15.96  6.33600044
  15.9799995  5.28000021
  16.  4.75199986
