  0.00347999996  161.340805
  0.00695999991  643.298828
  0.0104400003  1442.77734
  0.0139199998  2556.75928
  0.0174000002  3982.30688
  0.0208800007  5716.00586
  0.0243599992  7754.99805
  0.0278399996  10096.1064
  0.0313199982  12736.9512
  0.0348000005  15673.5596
  0.038279999  18903.5508
  0.0417600013  22423.752
  0.0452399999  26231.377
  0.0487199984  30323.2578
  0.0522000007  34696.2109
  0.0556799993  39347.8594
  0.0591600016  44273.4414
  0.0626399964  49474.1406
  0.0661199987  54944.8008
  0.069600001  60677.4805
  0.0730800033  66676.1484
  0.0765599981  72936.8359
  0.0800400004  79455.5781
  0.0835200027  86228.3984
  0.0869999975  93255.3047
  0.0904799998  100528.336
  0.0939600021  108047.523
  0.0974399969  115812.836
  0.100919999  123820.328
  0.104400001  132062.047
  0.107879996  140541.969
  0.111359999  149252.156
  0.114840001  158192.594
  0.118320003  167359.312
  0.121799998  176748.375
  0.125279993  186359.734
  0.128759995  196193.438
  0.132239997  206237.531
  0.13572  216496.016
  0.139200002  226968.859
  0.142680004  237644.188
  0.146160007  248525.969
  0.149639994  259610.219
  0.153119996  270892.969
  0.156599998  282374.188
  0.160080001  294045.969
  0.163560003  305912.312
  0.167040005  317969.188
  0.170519993  330208.719
  0.173999995  342630.844
  0.177479997  355235.594
  0.18096  368019.
  0.184440002  380977.094
  0.187920004  394109.844
  0.191400006  407401.406
  0.194879994  420899.406
  0.198359996  434516.5
  0.201839998  448332.094
  0.205320001  462266.781
  0.208800003  476400.
  0.212280005  490652.312
  0.215759993  505103.125
  0.219239995  519672.969
  0.222719997  534362.
  0.226199999  549249.5
  0.229680002  564256.125
  0.233160004  579421.5
  0.236640006  594706.
  0.240119994  610109.562
  0.243599996  625672.
  0.247079998  641353.5
  0.250559986  657154.062
  0.254040003  673113.5
  0.25751999  689152.312
  0.261000007  705349.938
  0.264479995  721666.562
  0.267960012  738062.688
  0.271439999  754617.625
  0.274919987  771251.875
  0.278400004  788005.25
  0.281879991  804838.125
  0.285360008  821790.
  0.288839996  838861.
  0.292320013  856051.062
  0.2958  873280.938
  0.299279988  890669.5
  0.302760005  908097.812
  0.306239992  925645.188
  0.30972001  943272.
  0.313199997  960978.25
  0.316680014  978763.75
  0.320160002  996668.5
  0.323639989  1014612.88
  0.327120006  1032636.69
  0.330599993  1050740.
  0.334080011  1068922.5
  0.337559998  1087184.5
  0.341039985  1105486.12
  0.344520003  1123907.
  0.34799999  1142327.75
  0.351480007  1160867.62
  0.354959995  1179407.62
  0.358440012  1198066.5
  0.361919999  1216725.5
  0.365399987  1235464.
  0.368880004  1254242.12
  0.372359991  1273099.62
  0.375840008  1291996.75
  0.379319996  1310894.
  0.382800013  1329870.62
  0.38628  1348886.88
  0.389759988  1367943.
  0.393240005  1387038.5
  0.396719992  1406174.
  0.400200009  1425309.38
  0.403679997  1444524.25
  0.407160014  1463739.
  0.410640001  1482953.88
  0.414119989  1502248.
  0.417600006  1521502.5
  0.421079993  1540836.38
  0.42456001  1560170.25
  0.428039998  1579504.12
  0.431519985  1598877.75
  0.435000002  1618251.5
  0.43847999  1637625.
  0.441960007  1657038.25
  0.445439994  1676411.88
  0.448920012  1695825.12
  0.452399999  1715238.5
  0.455879986  1734651.88
  0.459360003  1754065.12
  0.462839991  1773478.38
  0.466320008  1792891.75
  0.469799995  1812305.
  0.473280013  1831678.62
  0.47676  1851052.12
  0.480239987  1870425.75
  0.483720005  1889799.38
  0.487199992  1909133.38
  0.490680009  1928467.25
  0.494159997  1947801.12
  0.497640014  1967095.38
  0.501119971  1986349.75
  0.504599988  2005604.38
  0.508080006  2024819.
  0.511560023  2044033.88
  0.51503998  2063169.25
  0.518519998  2082304.75
  0.522000015  2101440.25
  0.525479972  2120496.
  0.52895999  2139552.
  0.532440007  2158528.75
  0.535920024  2177505.25
  0.539399981  2196402.5
  0.542879999  2215299.75
  0.546360016  2234117.5
  0.549839973  2252935.25
  0.553319991  2271673.75
  0.556800008  2290372.25
  0.560280025  2308991.75
  0.563759983  2327611.
  0.56724  2346150.75
  0.570720017  2364611.25
  0.574199975  2383071.75
  0.577679992  2401413.25
  0.581160009  2419754.75
  0.584640026  2437977.
  0.588119984  2456199.25
  0.591600001  2474302.5
  0.595080018  2492366.
  0.598559976  2510389.75
  0.602039993  2528294.5
  0.60552001  2546159.5
  0.609000027  2563945.
  0.612479985  2581651.25
  0.615960002  2599317.75
  0.619440019  2616865.25
  0.622919977  2634372.75
  0.626399994  2651761.5
  0.629880011  2669110.5
  0.633360028  2686380.
  0.636839986  2703530.25
  0.640320003  2720601.25
  0.64380002  2737632.75
  0.647279978  2754545.
  0.650759995  2771377.5
  0.654240012  2788091.25
  0.657720029  2804765.25
  0.661199987  2821320.
  0.664680004  2837756.
  0.668160021  2854152.
  0.671639979  2870429.
  0.675119996  2886587.
  0.678600013  2902665.5
  0.682079971  2918664.75
  0.685559988  2934544.75
  0.689040005  2950345.25
  0.692520022  2965987.
  0.69599998  2981589.25
  0.699479997  2997032.5
  0.702960014  3012396.25
  0.706439972  3027641.
  0.709919989  3042806.5
  0.713400006  3057852.75
  0.716880023  3072780.
  0.720359981  3087588.
  0.723839998  3102277.
  0.727320015  3116847.
  0.730799973  3131337.5
  0.73427999  3145669.25
  0.737760007  3159921.5
  0.741240025  3174015.
  0.744719982  3188029.25
  0.748199999  3201884.25
  0.751680017  3215660.25
  0.755159974  3229277.5
  0.758639991  3242775.5
  0.762120008  3256154.25
  0.765600026  3269414.25
  0.769079983  3282554.75
  0.77256  3295536.75
  0.776040018  3308399.5
  0.779519975  3321143.25
  0.782999992  3333767.75
  0.78648001  3346233.75
  0.789960027  3358580.25
  0.793439984  3370768.25
  0.796920002  3382876.75
  0.800400019  3394786.75
  0.803879976  3406577.75
  0.807359993  3418249.5
  0.810840011  3429762.25
  0.814320028  3441156.25
  0.817799985  3452391.5
  0.821280003  3463507.5
  0.82476002  3474464.5
  0.828239977  3485263.
  0.831719995  3495942.5
  0.835200012  3506462.75
  0.838680029  3516864.25
  0.842159986  3527106.75
  0.845640004  3537190.5
  0.849120021  3547115.5
  0.852599978  3556921.5
  0.856079996  3566568.5
  0.859560013  3576057.
  0.86303997  3585386.25
  0.866519988  3594596.75
  0.870000005  3603608.75
  0.873480022  3612501.5
  0.87695998  3621235.5
  0.880439997  3629810.5
  0.883920014  3638227.
  0.887399971  3646484.75
  0.890879989  3654583.5
  0.894360006  3662523.5
  0.897840023  3670304.75
  0.901319981  3677966.75
  0.904799998  3685430.25
  0.908280015  3692735.25
  0.911759973  3699881.25
  0.91523999  3706868.25
  0.918720007  3713696.75
  0.922200024  3720366.5
  0.925679982  3726837.5
  0.929159999  3733189.5
  0.932640016  3739343.
  0.936119974  3745377.25
  0.939599991  3751213.5
  0.943080008  3756890.5
  0.946560025  3762369.
  0.950039983  3767728.5
  0.95352  3772889.5
  0.957000017  3777891.75
  0.960479975  3782735.25
  0.963959992  3787380.
  0.967440009  3791905.75
  0.970920026  3796233.
  0.974399984  3800362.
  0.977880001  3804332.
  0.981360018  3808183.
  0.984839976  3811795.5
  0.988319993  3815289.25
  0.99180001  3818584.25
  0.995280027  3821680.75
  0.998759985  3824618.5
  1.00220001  3827397.5
  1.00569999  3830017.75
  1.00919998  3832439.5
  1.01269996  3834662.75
  1.01619995  3836727.25
  1.01960003  3838632.75
  1.02310002  3840339.75
  1.0266  3841888.
  1.03009999  3843277.5
  1.03359997  3844429.
  1.03699994  3845461.25
  1.04050004  3846294.75
  1.04400003  3846930.
  1.04750001  3847406.5
  1.051  3847724.
  1.05439997  3847803.25
  1.05789995  3847763.75
  1.06140006  3847525.5
  1.06490004  3847088.75
  1.06840003  3846493.25
  1.07179999  3845699.25
  1.07529998  3844746.5
  1.07879996  3843595.
  1.08229995  3842245.25
  1.08580005  3840736.75
  1.08920002  3839069.25
  1.0927  3837203.5
  1.09619999  3835139.
  1.09969997  3832916.
  1.10319996  3830494.25
  1.10660005  3827874.
  1.11010003  3825095.
  1.11360002  3822117.5
  1.1171  3818981.25
  1.12059999  3815646.5
  1.12399995  3812152.75
  1.12750006  3808421.
  1.13100004  3804570.
  1.13450003  3800481.
  1.13800001  3796233.
  1.14139998  3791826.5
  1.14489996  3787221.25
  1.14839995  3782417.5
  1.15190005  3777415.25
  1.15540004  3772254.25
  1.15880001  3766895.
  1.16229999  3761376.5
  1.16579998  3755659.75
  1.16929996  3749744.5
  1.17279994  3743670.25
  1.17620003  3737397.75
  1.17970002  3730966.25
  1.1832  3724336.5
  1.18669999  3717508.
  1.19019997  3710520.75
  1.19360006  3703335.
  1.19710004  3695951.
  1.20060003  3688408.
  1.20410001  3680666.25
  1.2076  3672766.25
  1.21099997  3664667.25
  1.21449995  3656370.
  1.21800005  3647874.25
  1.22150004  3639259.25
  1.22500002  3630406.25
  1.22839999  3621394.5
  1.23189998  3612184.
  1.23539996  3602814.75
  1.23889995  3593247.
  1.24240005  3583480.75
  1.24580002  3573555.75
  1.2493  3563472.
  1.25279999  3553150.
  1.25629997  3542708.75
  1.25979996  3532029.75
  1.26320004  3521191.5
  1.26670003  3510194.75
  1.27020001  3498959.5
  1.2737  3487605.25
  1.27719998  3476013.
  1.28059995  3464301.25
  1.28410006  3452351.75
  1.28760004  3440243.25
  1.29110003  3427976.
  1.29460001  3415510.
  1.29799998  3402885.5
  1.30149996  3390062.25
  1.30499995  3377040.75
  1.30850005  3363860.5
  1.31200004  3350521.25
  1.3154  3336983.5
  1.31889999  3323247.25
  1.32239997  3309352.25
  1.32589996  3295298.5
  1.32939994  3281046.25
  1.33280003  3266595.5
  1.33630002  3251985.75
  1.3398  3237217.25
  1.34329998  3222250.5
  1.34679997  3207124.75
  1.35020006  3191800.5
  1.35370004  3176317.5
  1.35720003  3160636.
  1.36070001  3144795.75
  1.3642  3128796.75
  1.36759996  3112599.25
  1.37109995  3096242.75
  1.37460005  3079688.
  1.37810004  3062974.
  1.38160002  3046062.
  1.38499999  3028990.75
  1.38849998  3011761.
  1.39199996  2994332.75
  1.39549994  2976745.5
  1.39900005  2958999.75
  1.40240002  2941055.25
  1.4059  2922952.25
  1.40939999  2904650.5
  1.41289997  2886190.
  1.41639996  2867570.75
  1.41980004  2848753.
  1.42330003  2829776.25
  1.42680001  2810641.
  1.4303  2791307.
  1.43379998  2771814.25
  1.43719995  2752123.
  1.44070005  2732312.75
  1.44420004  2712264.25
  1.44770002  2692096.75
  1.45120001  2671730.75
  1.45459998  2651205.75
  1.45809996  2630482.5
  1.46159995  2609600.
  1.46510005  2588519.25
  1.46860003  2567319.5
  1.472  2545881.5
  1.47549999  2524324.5
  1.47899997  2502569.
  1.48249996  2480615.
  1.48599994  2458541.5
  1.48940003  2436230.
  1.49290001  2413760.
  1.4964  2391131.
  1.49989998  2368303.5
  1.50339997  2345317.25
  1.50680006  2322132.25
  1.51030004  2298788.75
  1.51380002  2275246.75
  1.51730001  2251545.75
  1.52079999  2227646.25
  1.52419996  2203548.5
  1.52769995  2179291.75
  1.53120005  2154836.5
  1.53470004  2130183.
  1.53820002  2105330.5
  1.54159999  2080319.75
  1.54509997  2055070.5
  1.54859996  2029662.62
  1.55209994  2004056.12
  1.55560005  1978211.25
  1.55900002  1952207.75
  1.5625  1925966.12
  1.56599998  1899565.62
  1.56949997  1872887.25
  1.57299995  1846050.
  1.57640004  1818974.62
  1.57990003  1791661.
  1.58340001  1764148.88
  1.5869  1736398.5
  1.59039998  1708410.12
  1.59379995  1680183.38
  1.59730005  1651718.5
  1.60080004  1623015.38
  1.60430002  1594034.5
  1.60780001  1564775.5
  1.61119998  1535238.62
  1.61469996  1505463.62
  1.61819994  1475371.12
  1.62170005  1445000.62
  1.62520003  1414312.5
  1.6286  1383267.12
  1.63209999  1351943.75
  1.63559997  1320263.25
  1.63909996  1288185.62
  1.64260006  1255750.62
  1.64600003  1222958.5
  1.64950001  1189690.
  1.653  1156024.25
  1.65649998  1121882.25
  1.65999997  1087263.88
  1.66340005  1052129.5
  1.66690004  1016478.81
  1.67040002  980193.
  1.67390001  943311.688
  1.67739999  905715.812
  1.68079996  867405.312
  1.68429995  828300.75
  1.68780005  788362.562
  1.69130003  747471.625
  1.69480002  705508.688
  1.69819999  662434.188
  1.70169997  618049.625
  1.70519996  572196.125
  1.70869994  524714.938
  1.71220005  475367.812
  1.71560001  423797.5
  1.7191  369674.5
  1.72259998  312502.531
  1.72609997  251662.266
  1.72959995  186423.266
  1.73300004  116225.719
  1.73650002  43098.3203
  1.74000001  1.0
