  0.0187839996  0.0118614119
  0.0375670008  0.0473531857
  0.0563509986  0.106337041
  0.0751350001  0.188674688
  0.0939190015  0.294223785
  0.1127  0.422855765
  0.131490007  0.574425817
  0.15027  0.748805404
  0.169049993  0.945825577
  0.18784  1.165398
  0.206619993  1.40740192
  0.225400001  1.67159641
  0.244190007  1.95798123
  0.262970001  2.26631522
  0.281760007  2.59643769
  0.30054  2.94834852
  0.319319993  3.32180643
  0.33811  3.71681142
  0.356889993  4.13304281
  0.375669986  4.57041836
  0.394459993  5.02893925
  0.413239986  5.50828409
  0.432029992  6.00845289
  0.450809985  6.52920341
  0.469590008  7.07053709
  0.488380015  7.63229179
  0.507160008  8.214468
  0.525940001  8.81666374
  0.544730008  9.43815613
  0.563510001  10.0805521
  0.582300007  10.7422447
  0.60108  11.4232321
  0.619859993  12.1235161
  0.63865  12.8439007
  0.657429993  13.5827751
  0.676209986  14.3409481
  0.694999993  15.1184158
  0.713779986  15.9143753
  0.732569993  16.7296314
  0.751349986  17.5625763
  0.770129979  18.4148159
  0.788919985  19.2847443
  0.807699978  20.1723595
  0.826479971  21.0792713
  0.845269978  22.0030689
  0.864049971  22.9453564
  0.882839978  23.9045277
  0.901619971  24.8821926
  0.920400023  25.8767395
  0.93918997  26.8881721
  0.957970023  27.9172916
  0.976750016  28.963295
  0.995540023  30.0261841
  1.01429999  31.10676
  1.03310001  32.20261
  1.05190003  33.3161545
  1.07070005  34.4449654
  1.08949995  35.5906677
  1.10819995  36.7524452
  1.12699997  37.9303093
  1.14579999  39.1242485
  1.16460001  40.3342667
  1.18340003  41.5595665
  1.20220006  42.8001328
  1.22090006  44.0567856
  1.23969996  45.3279114
  1.25849998  46.6151161
  1.2773  47.91679
  1.29610002  49.2337456
  1.31490004  50.5651665
  1.33360004  51.911869
  1.35239995  53.2730408
  1.37119997  54.6486855
  1.38999999  56.0379944
  1.40880001  57.4417801
  1.42760003  58.8600349
  1.44630003  60.2927666
  1.46510005  61.7383537
  1.48389995  63.1984215
  1.50269997  64.6713486
  1.52149999  66.1587448
  1.54030001  67.6590118
  1.55900002  69.172142
  1.57780004  70.6989365
  1.59660006  72.2393951
  1.61539996  73.7919235
  1.63419998  75.3573074
  1.653  76.9355621
  1.67180002  78.52668
  1.69050002  80.130661
  1.70930004  81.7426758
  1.72809994  83.3748016
  1.74689996  85.0149612
  1.76569998  86.6631622
  1.7845  88.327446
  1.80320001  90.0078049
  1.82200003  91.6962051
  1.84080005  93.3926392
  1.85959995  95.1051559
  1.87839997  96.8257217
  1.89719999  98.5623627
  1.91589999  100.307037
  1.93470001  102.059761
  1.95350003  103.82856
  1.97230005  105.6054
  1.99109995  107.390282
  2.00990009  109.191238
  2.02859998  111.000244
  2.0474  112.817276
  2.06620002  114.642365
  2.08500004  116.483521
  2.10380006  118.332718
  2.12260008  120.189964
  2.14129996  122.063278
  2.16009998  123.944641
  2.1789  125.826004
  2.19770002  127.723434
  2.21650004  129.636963
  2.23530006  131.550476
  2.25399995  133.480087
  2.27279997  135.409683
  2.29159999  137.355362
  2.31040001  139.309082
  2.32920003  141.270844
  2.34800005  143.240631
  2.36680007  145.218475
  2.38549995  147.204361
  2.40429997  149.198288
  2.42309999  151.200241
  2.44190001  153.210236
  2.46070004  155.236328
  2.47950006  157.262405
  2.49819994  159.296509
  2.51699996  161.338684
  2.53579998  163.388885
  2.5546  165.447128
  2.57340002  167.513397
  2.59220004  169.587723
  2.61089993  171.662048
  2.62969995  173.752441
  2.64849997  175.84285
  2.66729999  177.949326
  2.68610001  180.055801
  2.70490003  182.170319
  2.72359991  184.284836
  2.74239993  186.415436
  2.76119995  188.546051
  2.77999997  190.692719
  2.79879999  192.83136
  2.81760001  194.986069
  2.8362999  197.148849
  2.85509992  199.3116
  2.87389994  201.482407
  2.89269996  203.653198
  2.91149998  205.832031
  2.9303  208.018921
  2.94899988  210.213837
  2.9677999  212.408768
  2.98659992  214.61171
  3.00539994  216.822723
  3.02419996  219.033722
  3.04299998  221.252762
  3.06170011  223.471802
  3.08049989  225.698883
  3.09929991  227.93399
  3.11809993  230.169113
  3.13689995  232.404251
  3.15569997  234.655426
  3.17449999  236.89859
  3.19320011  239.157837
  3.21199989  241.409042
  3.23079991  243.676331
  3.24959993  245.935562
  3.26839995  248.210876
  3.28719997  250.478149
  3.3059001  252.76152
  3.32470012  255.036835
  3.3434999  257.320221
  3.36229992  259.603546
  3.38109994  261.894958
  3.39989996  264.186371
  3.41860008  266.485809
  3.4374001  268.785248
  3.45619988  271.084686
  3.4749999  273.392151
  3.49379992  275.699646
  3.51259995  278.007111
  3.53130007  280.322662
  3.55010009  282.638153
  3.56890011  284.953674
  3.58769989  287.277222
  3.60649991  289.592773
  3.62529993  291.916321
  3.64400005  294.247925
  3.66280007  296.571503
  3.68160009  298.903076
  3.70040011  301.23468
  3.7191999  303.566284
  3.73799992  305.897888
  3.75670004  308.237549
  3.77550006  310.577148
  3.79430008  312.916809
  3.8131001  315.256439
  3.83189988  317.596069
  3.8506999  319.93573
  3.86940002  322.283386
  3.88820004  324.623047
  3.90700006  326.970703
  3.92580009  329.31839
  3.94460011  331.658051
  3.96339989  334.005707
  3.98219991  336.353394
  4.00089979  338.70108
  4.01970005  341.048767
  4.03849983  343.396454
  4.05730009  345.752136
  4.07609987  348.099854
  4.09490013  350.44754
  4.11359978  352.795197
  4.13240004  355.142883
  4.15119982  357.49057
  4.17000008  359.838226
  4.18879986  362.185913
  4.20760012  364.5336
  4.22629976  366.881287
  4.24510002  369.220917
  4.2638998  371.568604
  4.28270006  373.91629
  4.30149984  376.25592
  4.3203001  378.595551
  4.33900023  380.943237
  4.35780001  383.282867
  4.37659979  385.622528
  4.39540005  387.954132
  4.41419983  390.293762
  4.43300009  392.625366
  4.45170021  394.964996
  4.47049999  397.2966
  4.48929977  399.628204
  4.50810003  401.951752
  4.52689981  404.283356
  4.54570007  406.606903
  4.5644002  408.930481
  4.58319998  411.254028
  4.60200024  413.56955
  4.62080002  415.885071
  4.6395998  418.200592
  4.65840006  420.516144
  4.67710018  422.823608
  4.69589996  425.131104
  4.71470022  427.438568
  4.7335  429.738007
  4.75229979  432.037445
  4.77110004  434.336884
  4.78989983  436.628265
  4.80859995  438.919678
  4.82740021  441.21109
  4.84619999  443.494446
  4.86499977  445.777802
  4.88380003  448.061188
  4.90259981  450.336487
  4.92129993  452.611786
  4.94010019  454.879089
  4.95889997  457.146362
  4.97770023  459.405609
  4.99650002  461.664825
  5.0152998  463.924103
  5.03399992  466.175293
  5.05280018  468.426483
  5.07159996  470.669647
  5.09040022  472.904755
  5.1092  475.147919
  5.12799978  477.375
  5.14669991  479.610107
  5.16550016  481.829132
  5.18429995  484.048218
  5.2031002  486.267242
  5.22189999  488.478241
  5.24069977  490.68924
  5.25939989  492.892212
  5.27820015  495.087128
  5.29699993  497.282043
  5.31580019  499.468933
  5.33459997  501.655792
  5.35340023  503.834625
  5.37209988  506.005432
  5.39090014  508.17627
  5.40969992  510.347076
  5.42850018  512.50177
  5.44729996  514.656494
  5.46610022  516.811218
  5.48479986  518.949829
  5.50360012  521.08844
  5.5223999  523.227112
  5.54120016  525.357727
  5.55999994  527.480225
  5.5788002  529.594788
  5.59759998  531.70929
  5.61630011  533.815796
  5.63509989  535.914246
  5.65390015  538.012695
  5.67269993  540.095032
  5.69150019  542.185486
  5.71029997  544.259766
  5.72900009  546.334106
  5.74779987  548.40033
  5.76660013  550.458618
  5.78539991  552.508789
  5.80420017  554.559021
  5.82299995  556.601135
  5.84170008  558.635254
  5.86049986  560.661377
  5.87930012  562.679443
  5.8980999  564.697449
  5.91690016  566.707458
  5.93569994  568.709412
  5.95440006  570.703308
  5.97319984  572.697266
  5.9920001  574.67511
  6.01079988  576.652893
  6.02960014  578.622681
  6.04839993  580.584534
  6.06710005  582.538147
  6.08589983  584.483887
  6.10470009  586.429565
  6.12349987  588.359131
  6.14230013  590.288757
  6.16109991  592.210266
  6.17980003  594.115784
  6.19859982  596.021301
  6.21740007  597.918701
  6.23619986  599.808105
  6.25500011  601.69751
  6.2737999  603.570862
  6.29260015  605.436157
  6.3112998  607.301392
  6.33010006  609.150574
  6.34889984  610.99176
  6.3677001  612.832947
  6.38649988  614.657959
  6.40530014  616.483093
  6.42399979  618.30011
  6.44280005  620.101074
  6.46159983  621.902039
  6.48040009  623.694946
  6.49919987  625.471802
  6.51800013  627.248596
  6.53669977  629.009399
  6.55550003  630.770203
  6.57429981  632.514832
  6.59310007  634.259521
  6.61189985  635.988098
  6.63070011  637.716736
  6.64940023  639.42926
  6.66820002  641.141785
  6.6869998  642.838196
  6.70580006  644.526611
  6.72459984  646.20697
  6.7434001  647.879272
  6.76210022  649.543579
  6.7809  651.199829
  6.79969978  652.848022
  6.81850004  654.488159
  6.83729982  656.1203
  6.85610008  657.736328
  6.87480021  659.352356
  6.89359999  660.952332
  6.91239977  662.54425
  6.93120003  664.128113
  6.94999981  665.703979
  6.96880007  667.271729
  6.98750019  668.831482
  7.00629997  670.375183
  7.02510023  671.918884
  7.04390001  673.446472
  7.06269979  674.966003
  7.08150005  676.477539
  7.10029984  677.981018
  7.11899996  679.468445
  7.13780022  680.955872
  7.1566  682.427185
  7.17539978  683.890442
  7.19420004  685.345703
  7.21299982  686.784851
  7.23169994  688.223999
  7.2505002  689.647095
  7.26929998  691.062073
  7.28809977  692.469116
  7.30690002  693.868042
  7.32569981  695.250977
  7.34439993  696.625793
  7.36320019  697.992615
  7.38199997  699.351379
  7.40080023  700.694031
  7.41960001  702.036743
  7.43839979  703.363281
  7.45709991  704.681885
  7.47590017  705.984314
  7.49469995  707.278809
  7.51350021  708.565186
  7.5323  709.843567
  7.55109978  711.113831
  7.5697999  712.368103
  7.58860016  713.614319
  7.60739994  714.844421
  7.6262002  716.074585
  7.64499998  717.288635
  7.66379976  718.494568
  7.68249989  719.684509
  7.70130014  720.866394
  7.72009993  722.040222
  7.73890018  723.206055
  7.75769997  724.355774
  7.77650023  725.497437
  7.79519987  726.631104
  7.81400013  727.748657
  7.83279991  728.858154
  7.85160017  729.959656
  7.87039995  731.045044
  7.88920021  732.122375
  7.90799999  733.191711
  7.92670012  734.252991
  7.9454999  735.298157
  7.96430016  736.327332
  7.98309994  737.356445
  8.00189972  738.369446
  8.02070045  739.366394
  8.0394001  740.363342
  8.05819988  741.344299
  8.07699966  742.309082
  8.0958004  743.273865
  8.11460018  744.222595
  8.13339996  745.155212
  8.15209961  746.079834
  8.17090034  746.996399
  8.18970013  747.896851
  8.20849991  748.789368
  8.22729969  749.673767
  8.24610043  750.542053
  8.26480007  751.402283
  8.28359985  752.254578
  8.30239964  753.090698
  8.32120037  753.910767
  8.34000015  754.730896
  8.35879993  755.534851
  8.37749958  756.322815
  8.39630032  757.102722
  8.4151001  757.874512
  8.43389988  758.630249
  8.45269966  759.377991
  8.4715004  760.109619
  8.49020004  760.841248
  8.50899982  761.548767
  8.52779961  762.248291
  8.54660034  762.939758
  8.56540012  763.623108
  8.58419991  764.28241
  8.60289955  764.94165
  8.62170029  765.584839
  8.64050007  766.220032
  8.65929985  766.839111
  8.67809963  767.450134
  8.69690037  768.045105
  8.71570015  768.632019
  8.7343998  769.202881
  8.75319958  769.765686
  8.77200031  770.320435
  8.79080009  770.859131
  8.80959988  771.389771
  8.82839966  771.904358
  8.84710026  772.410828
  8.86590004  772.901306
  8.88469982  773.383728
  8.9034996  773.858093
  8.92230034  774.316345
  8.94110012  774.758545
  8.95979977  775.200745
  8.97859955  775.618774
  8.99740028  776.028809
  9.01620007  776.430847
  9.03499985  776.816772
  9.05379963  777.194641
  9.07250023  777.556458
  9.09130001  777.910156
  9.11009979  778.25592
  9.12889957  778.585571
  9.14770031  778.899109
  9.16650009  779.204651
  9.18519974  779.502075
  9.20400047  779.783508
  9.22280025  780.048828
  9.24160004  780.314148
  9.26039982  780.555359
  9.2791996  780.788513
  9.2979002  781.013611
  9.31669998  781.222656
  9.33549976  781.423645
  9.35429955  781.608582
  9.37310028  781.785461
  9.39190006  781.954346
  9.41059971  782.09906
  9.42940044  782.243774
  9.44820023  782.372375
  9.46700001  782.484924
  9.48579979  782.589478
  9.50459957  782.685974
  9.52340031  782.766357
  9.54209995  782.830688
  9.56089973  782.886963
  9.57970047  782.935181
  9.59850025  782.967346
  9.61730003  782.983459
  9.63609982  782.991516
  9.65480042  782.991516
  9.6736002  782.975403
  9.69239998  782.951294
  9.71119976  782.911072
  9.72999954  782.862793
  9.74880028  782.798523
  9.76749992  782.726196
  9.78629971  782.637695
  9.80510044  782.54126
  9.82390022  782.428711
  9.8427  782.308044
  9.86149979  782.171448
  9.88020039  782.026672
  9.89900017  781.873962
  9.91779995  781.705078
  9.93659973  781.520142
  9.95540047  781.327209
  9.97420025  781.118164
  9.99289989  780.909119
  10.0120001  780.675964
  10.0310001  780.434753
  10.0489998  780.185547
  10.0679998  779.920227
  10.0869999  779.646851
  10.1059999  779.357361
  10.1239996  779.05188
  10.1429996  778.746338
  10.1619997  778.416748
  10.1809998  778.087097
  10.1999998  777.741394
  10.2180004  777.379578
  10.2370005  777.009705
  10.2559996  776.623779
  10.2749996  776.229858
  10.2930002  775.82782
  10.3120003  775.40979
  10.3310003  774.983643
  10.3500004  774.541443
  10.3690004  774.083191
  10.3870001  773.624878
  10.4060001  773.142456
  10.4250002  772.660095
  10.4440002  772.161621
  10.4630003  771.647034
  10.4809999  771.124451
  10.5  770.593811
  10.5190001  770.047058
  10.5380001  769.484253
  10.5559998  768.921509
  10.5749998  768.334534
  10.5939999  767.74762
  10.6129999  767.144653
  10.632  766.525574
  10.6499996  765.898438
  10.6689997  765.263306
  10.6879997  764.612061
  10.7069998  763.952759
  10.7259998  763.277405
  10.7440004  762.594055
  10.7629995  761.894531
  10.7819996  761.186951
  10.8009996  760.471436
  10.8190002  759.739807
  10.8380003  759.000122
  10.8570004  758.244385
  10.8760004  757.48053
  10.8950005  756.70874
  10.9130001  755.920837
  10.9320002  755.124817
  10.9510002  754.312805
  10.9700003  753.492737
  10.9879999  752.664612
  11.007  751.820435
  11.026  750.960083
  11.0450001  750.099854
  11.0640001  749.22345
  11.0819998  748.331055
  11.1009998  747.438599
  11.1199999  746.522034
  11.1389999  745.605469
  11.158  744.672852
  11.1759996  743.732178
  11.1949997  742.775391
  11.2139997  741.810608
  11.2329998  740.837769
  11.2510004  739.848877
  11.2700005  738.851929
  11.2889996  737.838806
  11.3079996  736.825806
  11.3269997  735.788635
  11.3450003  734.751526
  11.3640003  733.698242
  11.3830004  732.636963
  11.4020004  731.55957
  11.4209995  730.482239
  11.4390001  729.380737
  11.4580002  728.279236
  11.4770002  727.161743
  11.4960003  726.036072
  11.5139999  724.89447
  11.533  723.752808
  11.552  722.594971
  11.5710001  721.421204
  11.5900002  720.239319
  11.6079998  719.057434
  11.6269999  717.851379
  11.6459999  716.645386
  11.665  715.42334
  11.6829996  714.193237
  11.7019997  712.947021
  11.7209997  711.692749
  11.7399998  710.430481
  11.7589998  709.160156
  11.7770004  707.873779
  11.7959995  706.587341
  11.8149996  705.284912
  11.8339996  703.966309
  11.8529997  702.647766
  11.8710003  701.31311
  11.8900003  699.970459
  11.9090004  698.61969
  11.9280005  697.25293
  11.9460001  695.878113
  11.9650002  694.495178
  11.9840002  693.104309
  12.0030003  691.705322
  12.0220003  690.290222
  12.04  688.867188
  12.059  687.436096
  12.0780001  685.996887
  12.0970001  684.541687
  12.1160002  683.078369
  12.1339998  681.615173
  12.1529999  680.127686
  12.1719999  678.64032
  12.191  677.144836
  12.2089996  675.633362
  12.2279997  674.121887
  12.2469997  672.594238
  12.2659998  671.050537
  12.2849998  669.506897
  12.3030005  667.9552
  12.3219995  666.387329
  12.3409996  664.81958
  12.3599997  663.235718
  12.3780003  661.643799
  12.3970003  660.043762
  12.4160004  658.435791
  12.4350004  656.819763
  12.4540005  655.187622
  12.4720001  653.555542
  12.4910002  651.907288
  12.5100002  650.251099
  12.5290003  648.594849
  12.5480003  646.922546
  12.566  645.242188
  12.585  643.553772
  12.6040001  641.8573
  12.6230001  640.152832
  12.6409998  638.432251
  12.6599998  636.711731
  12.6789999  634.983154
  12.698  633.238403
  12.717  631.493774
  12.7349997  629.741028
  12.7539997  627.972229
  12.7729998  626.20343
  12.7919998  624.418579
  12.8109999  622.633667
  12.8290005  620.832764
  12.8479996  619.031799
  12.8669996  617.214722
  12.8859997  615.397644
  12.9040003  613.564575
  12.9230003  611.731445
  12.9420004  609.882263
  12.9610004  608.03302
  12.9799995  606.175842
  12.9980001  604.310486
  13.0170002  602.429138
  13.0360003  600.547791
  13.0550003  598.658386
  13.073  596.760986
  13.092  594.855469
  13.1110001  592.941956
  13.1300001  591.028442
  13.1490002  589.098816
  13.1669998  587.161194
  13.1859999  585.223572
  13.2049999  583.277893
  13.224  581.316101
  13.243  579.35437
  13.2609997  577.384583
  13.2799997  575.414795
  13.2989998  573.428894
  13.3179998  571.442993
  13.3360004  569.44104
  13.3549995  567.439087
  13.3739996  565.429077
  13.3929996  563.411072
  13.4119997  561.393005
  13.4300003  559.358887
  13.4490004  557.324768
  13.4680004  555.282593
  13.4870005  553.232422
  13.5059996  551.18219
  13.5240002  549.115906
  13.5430002  547.049622
  13.5620003  544.975281
  13.5810003  542.901001
  13.599  540.810547
  13.618  538.720215
  13.6370001  536.629761
  13.6560001  534.523315
  13.6750002  532.416809
  13.6929998  530.302307
  13.7119999  528.179749
  13.7309999  526.05719
  13.75  523.926575
  13.7679996  521.787964
  13.7869997  519.649292
  13.8059998  517.502625
  13.8249998  515.3479
  13.8439999  513.193237
  13.8620005  511.030426
  13.8809996  508.859619
  13.8999996  506.688812
  13.9189997  504.509979
  13.9379997  502.32312
  13.9560003  500.13623
  13.9750004  497.949371
  13.9940004  495.746399
  14.0129995  493.543457
  14.0310001  491.340485
  14.0500002  489.129486
  14.0690002  486.918488
  14.0880003  484.691376
  14.1070004  482.472351
  14.125  480.2453
  14.1440001  478.010162
  14.1630001  475.775055
  14.1820002  473.531891
  14.2010002  471.288727
  14.2189999  469.037537
  14.2379999  466.786316
  14.257  464.527069
  14.276  462.267853
  14.2939997  460.008606
  14.3129997  457.733276
  14.3319998  455.466003
  14.3509998  453.190674
  14.3699999  450.915344
  14.3879995  448.631989
  14.4069996  446.348633
  14.4259996  444.057251
  14.4449997  441.765839
  14.4630003  439.474426
  14.4820004  437.174988
  14.5010004  434.875549
  14.5200005  432.576111
  14.5389996  430.268646
  14.5570002  427.961151
  14.5760002  425.64563
  14.5950003  423.330109
  14.6140003  421.014618
  14.6330004  418.699066
  14.651  416.375519
  14.6700001  414.051971
  14.6890001  411.728424
  14.7080002  409.39679
  14.7259998  407.073242
  14.7449999  404.741638
  14.7639999  402.402008
  14.783  400.070404
  14.802  397.730774
  14.8199997  395.391113
  14.8389997  393.051483
  14.8579998  390.711823
  14.8769999  388.364166
  14.8950005  386.016479
  14.9139996  383.668793
  14.9329996  381.321136
  14.9519997  378.97345
  14.9709997  376.625763
  14.9890003  374.27005
  15.0080004  371.922363
  15.0270004  369.56662
  15.0459995  367.210938
  15.0649996  364.86322
  15.0830002  362.507538
  15.1020002  360.143768
  15.1210003  357.788025
  15.1400003  355.432343
  15.158  353.076599
  15.177  350.720856
  15.1960001  348.365173
  15.2150002  346.001404
  15.2340002  343.64566
  15.2519999  341.289978
  15.2709999  338.926208
  15.29  336.570465
  15.309  334.214752
  15.3280001  331.859039
  15.3459997  329.503326
  15.3649998  327.147614
  15.3839998  324.79187
  15.4029999  322.436188
  15.4209995  320.080444
  15.4399996  317.732758
  15.4589996  315.377045
  15.4779997  313.029358
  15.4969997  310.681671
  15.5150003  308.325958
  15.5340004  305.986328
  15.5530005  303.638641
  15.5719995  301.290955
  15.5900002  298.951324
  15.6090002  296.611694
  15.6280003  294.272034
  15.6470003  291.932373
  15.6660004  289.592773
  15.684  287.261139
  15.7030001  284.929565
  15.7220001  282.597961
  15.7410002  280.274414
  15.7600002  277.950836
  15.7779999  275.627258
  15.7969999  273.303711
  15.816  270.98819
  15.835  268.672699
  15.8529997  266.357147
  15.8719997  264.049683
  15.8909998  261.742188
  15.9099998  259.44278
  15.9289999  257.143311
  15.9469995  254.843887
  15.9659996  252.55249
  15.9849997  250.261078
  16.0039997  247.977722
  16.0230007  245.694351
  16.0410004  243.410995
  16.0599995  241.135681
  16.0790005  238.868408
  16.0979996  236.60112
  16.1159992  234.333847
  16.1350002  232.0746
  16.1539993  229.815353
  16.1730003  227.564163
  16.1919994  225.320999
  16.2099991  223.077835
  16.2290001  220.842712
  16.2479992  218.607605
  16.2670002  216.380524
  16.2849998  214.153442
  16.3040009  211.934402
  16.323  209.723404
  16.3419991  207.51239
  16.3610001  205.317474
  16.3789997  203.114517
  16.3980007  200.927643
  16.4169998  198.740753
  16.4360008  196.553879
  16.4549999  194.383072
  16.4729996  192.21228
  16.4920006  190.04953
  16.5109997  187.894791
  16.5300007  185.740082
  16.5480003  183.593399
  16.5669994  181.454773
  16.5860004  179.324158
  16.6049995  177.201599
  16.6240005  175.079041
  16.6420002  172.972565
  16.6609993  170.866089
  16.6800003  168.767639
  16.6989994  166.677246
  16.7180004  164.586838
  16.7360001  162.512527
  16.7549992  160.446243
  16.7740002  158.379959
  16.7929993  156.329758
  16.8110008  154.279556
  16.8299999  152.245453
  16.8490009  150.211319
  16.868  148.185242
  16.8869991  146.175232
  16.9050007  144.165237
  16.9239998  142.163269
  16.9430008  140.177399
  16.9619999  138.191513
  16.9799995  136.221725
  16.9990005  134.251907
  17.0179996  132.298203
  17.0370007  130.352524
  17.0559998  128.414871
  17.0739994  126.485275
  17.0930004  124.563721
  17.1119995  122.658241
  17.1310005  120.752754
  17.1499996  118.863358
  17.1679993  116.982002
  17.1870003  115.108681
  17.2059994  113.243401
  17.2250004  111.394203
  17.243  109.55304
  17.2619991  107.719917
  17.2810001  105.902878
  17.2999992  104.085846
  17.3190002  102.284874
  17.3369999  100.5
  17.3560009  98.7151184
  17.375  96.9463196
  17.3939991  95.1935959
  17.4130001  93.4408798
  17.4309998  91.7122803
  17.4500008  89.9836731
  17.4689999  88.2711563
  17.4880009  86.5747223
  17.5060005  84.878273
  17.5249996  83.2059555
  17.5440006  81.533638
  17.5629997  79.882225
  17.5820007  78.2404556
  17.6000004  76.6099396
  17.6189995  74.9922943
  17.6380005  73.3867035
  17.6569996  71.7939835
  17.6749992  70.2133179
  17.6940002  68.6455231
  17.7129993  67.0905838
  17.7320004  65.5485077
  17.7509995  64.01931
  17.7689991  62.5037651
  17.7880001  61.0010872
  17.8069992  59.5120811
  17.8260002  58.0359344
  17.8449993  56.5742607
  17.8630009  55.1254578
  17.882  53.6911201
  17.9009991  52.2696495
  17.9200001  50.8634529
  17.9379997  49.4701195
  17.9570007  48.0920639
  17.9759998  46.7276764
  17.9950008  45.3777618
  18.0139999  44.0431175
  18.0319996  42.7221489
  18.0510006  41.4164543
  18.0699997  40.1252289
  18.0890007  38.8492813
  18.1079998  37.5886078
  18.1259995  36.342411
  18.1450005  35.1114845
  18.1639996  33.8966408
  18.1830006  32.69627
  18.2010002  31.5111732
  18.2199993  30.3421555
  18.2390003  29.1884155
  18.2579994  28.0507545
  18.2770004  26.9283714
  18.2950001  25.8220673
  18.3139992  24.731039
  18.3330002  23.6560917
  18.3519993  22.5972233
  18.3700008  21.5536308
  18.3889999  20.5261211
  18.4080009  19.5138836
  18.427  18.5177288
  18.4459991  17.5368481
  18.4640007  16.5704403
  18.4829998  15.6201124
  18.5020008  14.6842566
  18.5209999  13.7636757
  18.5400009  12.8559599
  18.5580006  11.9619122
  18.5769997  11.0799246
  18.5960007  10.2099962
  18.6149998  9.34971619
  18.6329994  8.49667168
  18.6520004  7.64885426
  18.6709995  6.80175972
  18.6900005  5.94919777
  18.7089996  5.08095837
  18.7269993  4.17943287
  18.7460003  3.20804024
  18.7649994  2.06941557
  18.7840004  0.
