  0.00599499978  131146.125
  0.0119899996  520695.
  0.0179849993  1162824.62
  0.0239799991  2051802.12
  0.0299750008  3181862.5
  0.0359699987  4547200.
  0.0419650003  6142780.
  0.0479599983  7962065.5
  0.0539549999  10000186.
  0.0599500015  12251456.
  0.0659449995  14710191.
  0.0719399974  17371116.
  0.0779350027  20228950.
  0.0839300007  23278010.
  0.0899249986  26513426.
  0.0959199965  29929506.
  0.101920001  33521390.
  0.10791  37283792.
  0.113909997  41213060.
  0.119900003  45297420.
  0.1259  49540120.
  0.131889999  53933036.
  0.137889996  58472124.
  0.143879995  63149240.
  0.149880007  67964400.
  0.155870005  72905424.
  0.161870003  77976360.
  0.167860001  83165040.
  0.173859999  88471464.
  0.179849997  93887504.
  0.185849994  99413160.
  0.191839993  105036256.
  0.197840005  110760864.
  0.203830004  116574776.
  0.209830001  122478024.
  0.21582  128466512.
  0.221819997  134536224.
  0.227809995  140679008.
  0.233809993  146890800.
  0.239800006  153171632.
  0.245790005  159513344.
  0.251789987  165911904.
  0.257789999  172367296.
  0.263779998  178871424.
  0.26978001  185420192.
  0.275770009  192009584.
  0.281769991  198639552.
  0.28775999  205302032.
  0.293760002  211992896.
  0.29975  218708128.
  0.305750012  225447728.
  0.311740011  232203584.
  0.317739993  238975664.
  0.323729992  245759904.
  0.32971999  252548224.
  0.335720003  259340608.
  0.341720015  266128928.
  0.347710013  272917248.
  0.353709996  279697472.
  0.359699994  286465472.
  0.365689993  293221312.
  0.371690005  299956864.
  0.377689987  306672096.
  0.383679986  313362976.
  0.389670014  320025440.
  0.395669997  326659456.
  0.401670009  333256960.
  0.407660007  339813888.
  0.413650006  346334240.
  0.419649988  352809952.
  0.425650001  359240992.
  0.431639999  365619232.
  0.437640011  371944704.
  0.44363001  378217408.
  0.449629992  384429216.
  0.455619991  390580096.
  0.461620003  396666080.
  0.467610002  402682976.
  0.473610014  408639008.
  0.479600012  414526016.
  0.485599995  420331808.
  0.491589993  426056384.
  0.497590005  431699808.
  0.503579974  437262016.
  0.509580016  442702400.
  0.515569985  448102208.
  0.521570027  453420768.
  0.527559996  458617632.
  0.533559978  463733184.
  0.539550006  468727008.
  0.545549989  473639584.
  0.551540017  478471008.
  0.557539999  483180576.
  0.563530028  487768416.
  0.56953001  492274976.
  0.575519979  496659776.
  0.581520021  500922816.
  0.58750999  505063968.
  0.593509972  509123968.
  0.5995  513021600.
  0.605499983  516838016.
  0.611490011  520532576.
  0.61747998  524064800.
  0.623480022  527515776.
  0.629480004  530804384.
  0.635469973  534011808.
  0.641470015  537016192.
  0.647459984  539939392.
  0.653460026  542740800.
  0.659449995  545379776.
  0.665440023  547856448.
  0.671440005  550251776.
  0.677439988  552484800.
  0.683430016  554555392.
  0.689419985  556504192.
  0.695420027  558290624.
  0.701420009  559955200.
  0.707409978  561457408.
  0.71341002  562837760.
  0.719399989  564015168.
  0.725399971  565070848.
  0.731389999  566004608.
  0.737389982  566735424.
  0.74338001  567344384.
  0.749379992  567790976.
  0.755370021  568075200.
  0.761370003  568237632.
  0.767359972  568196992.
  0.773360014  568034560.
  0.779349983  567669184.
  0.785350025  567181952.
  0.791339993  566491840.
  0.797339976  565679808.
  0.803330004  564705408.
  0.809329987  563528000.
  0.815320015  562228800.
  0.821309984  560726592.
  0.827310026  559062016.
  0.833310008  557275584.
  0.839299977  555286208.
  0.845300019  553093824.
  0.851289988  550779648.
  0.85729003  548302976.
  0.863279998  545623360.
  0.869279981  542781376.
  0.875270009  539776960.
  0.881269991  536569568.
  0.88726002  533240416.
  0.893249989  529708192.
  0.899249971  525973024.
  0.905250013  522075392.
  0.911239982  518015392.
  0.917240024  513792992.
  0.923229992  509367616.
  0.929229975  504779776.
  0.935220003  499989024.
  0.941219985  495035808.
  0.947210014  489879584.
  0.953209996  484561024.
  0.959200025  479039424.
  0.965200007  473314784.
  0.971189976  467427776.
  0.977190018  461337792.
  0.983179986  455085408.
  0.989180028  448630016.
  0.995169997  441971616.
  1.00119996  435110176.
  1.0072  428045792.
  1.01320004  420778368.
  1.01919997  413308000.
  1.02509999  405622400.
  1.03110003  397725696.
  1.03709996  389613856.
  1.0431  381274624.
  1.04910004  372708000.
  1.05509996  363905920.
  1.06110001  354864320.
  1.06710005  345566880.
  1.07309997  336009664.
  1.07910001  326184448.
  1.08510005  316075040.
  1.09109998  305669280.
  1.09710002  294950880.
  1.10309994  283903616.
  1.10909998  272495008.
  1.11510003  260708832.
  1.12109995  248512608.
  1.12709999  235861648.
  1.13310003  222711296.
  1.13909996  209000672.
  1.14499998  194664832.
  1.15100002  179598160.
  1.15699995  163682960.
  1.16299999  146744640.
  1.16900003  128547720.
  1.17499995  108730856.
  1.18099999  86733784.
  1.18700004  61569900.
  1.19299996  31346042.
  1.199  1.0
