  0.00346400007  14388.6836
  0.00692800013  57369.2383
  0.010392  128671.922
  0.0138560003  228018.469
  0.0173199996  355132.781
  0.0207839999  509760.
  0.0242480002  691609.812
  0.0277120005  900434.438
  0.0311760008  1135915.25
  0.0346399993  1397839.88
  0.0381040014  1685925.
  0.0415679999  1999887.62
  0.0450319983  2339479.75
  0.0484960005  2704418.5
  0.0519599989  3094420.
  0.0554240011  3509308.25
  0.0588879995  3948870.
  0.0623520017  4412610.
  0.0658160001  4900068.
  0.0692799985  5411952.
  0.072743997  5946845.5
  0.0762080029  6505104.
  0.0796720013  7086726.
  0.0831359997  7690650.5
  0.0865999982  8317230.
  0.0900639966  8966112.
  0.0935280025  9636942.
  0.0969920009  10329366.
  0.10046  11043384.
  0.103919998  11778642.
  0.107380003  12535139.
  0.110849999  13312170.
  0.114309996  14109378.
  0.11778  14927118.
  0.121239997  15764682.
  0.124700002  16622424.
  0.128169999  17499282.
  0.131630003  18395256.
  0.135100007  19310346.
  0.138559997  20244552.
  0.142020002  21196812.
  0.145490006  22167480.
  0.148949996  23156202.
  0.152419999  24162976.
  0.155880004  25186746.
  0.159339994  26228214.
  0.162809998  27286674.
  0.166270003  28362126.
  0.169740006  29454216.
  0.173199996  30562236.
  0.176660001  31686894.
  0.180130005  32827128.
  0.183589995  33983292.
  0.187059999  35154680.
  0.190520003  36341640.
  0.193979993  37541700.
  0.197449997  38759460.
  0.200910002  39991380.
  0.204380006  41237460.
  0.207839996  42494160.
  0.211300001  43768560.
  0.214770004  45057120.
  0.218229994  46356300.
  0.221699998  47669640.
  0.225160003  48997140.
  0.228619993  50335260.
  0.232089996  51687540.
  0.235550001  53050440.
  0.239020005  54427500.
  0.242479995  55815184.
  0.24594  57213484.
  0.249410003  58625940.
  0.252869993  60045484.
  0.256339997  61479176.
  0.259799987  62923504.
  0.263260007  64378440.
  0.266730011  65844000.
  0.270190001  67316640.
  0.273660004  68803440.
  0.277119994  70297320.
  0.280580014  71801824.
  0.284049988  73316944.
  0.287510008  74839144.
  0.290980011  76368416.
  0.294440001  77911864.
  0.297899991  79458840.
  0.301369995  81016440.
  0.304830015  82581120.
  0.308299989  84152880.
  0.311760008  85735264.
  0.315219998  87324720.
  0.318690002  88917720.
  0.322149992  90521344.
  0.325619996  92132032.
  0.329079986  93746280.
  0.332540005  95371144.
  0.336010009  96999544.
  0.339469999  98635016.
  0.342940003  100274032.
  0.346399993  101920144.
  0.349860013  103573320.
  0.353329986  105230032.
  0.356790006  106893840.
  0.36026001  108561184.
  0.36372  110235600.
  0.36717999  111910024.
  0.370649993  113591520.
  0.374110013  115276560.
  0.377579987  116968672.
  0.381040007  118660808.
  0.384499997  120360000.
  0.387970001  122059200.
  0.391429991  123761944.
  0.394899994  125471760.
  0.398360014  127181584.
  0.401820004  128894936.
  0.405290008  130608304.
  0.408749998  132325200.
  0.412220001  134045640.
  0.415679991  135769616.
  0.419140011  137493600.
  0.422610015  139217568.
  0.426070005  140945104.
  0.429540008  142676160.
  0.432999998  144403680.
  0.436459988  146134736.
  0.439929992  147865792.
  0.443390012  149600400.
  0.446859986  151331456.
  0.450320005  153066064.
  0.453779995  154797120.
  0.457249999  156531728.
  0.460709989  158266320.
  0.464179993  159997376.
  0.467640013  161731984.
  0.471100003  163463040.
  0.474570006  165194096.
  0.478029996  166925168.
  0.4815  168652672.
  0.48495999  170380192.
  0.48842001  172107728.
  0.491890013  173831696.
  0.495350003  175555680.
  0.498820007  177276112.
  0.502279997  178996544.
  0.505739987  180713456.
  0.509209991  182426832.
  0.512669981  184136640.
  0.516139984  185846464.
  0.519599974  187552752.
  0.523060024  189259024.
  0.526530027  190958224.
  0.529990017  192653872.
  0.533460021  194349536.
  0.536920011  196038128.
  0.540380001  197726704.
  0.543850005  199408208.
  0.547309995  201086160.
  0.550779998  202760576.
  0.554239988  204431456.
  0.557699978  206098800.
  0.561169982  207759056.
  0.564629972  209415792.
  0.568099976  211068960.
  0.571560025  212715056.
  0.575020015  214357632.
  0.578490019  215993088.
  0.581950009  217625040.
  0.585420012  219249904.
  0.588880002  220871216.
  0.592339993  222485456.
  0.595809996  224092624.
  0.599269986  225696240.
  0.60273999  227292784.
  0.60619998  228882240.
  0.609660029  230464624.
  0.613129973  232043456.
  0.616590023  233611664.
  0.620060027  235176368.
  0.623520017  236733952.
  0.626980007  238280944.
  0.63045001  239824384.
  0.63391  241360752.
  0.637380004  242886464.
  0.640839994  244408672.
  0.644299984  245920256.
  0.647769988  247424752.
  0.651229978  248922176.
  0.654699981  250408976.
  0.658159971  251892240.
  0.661620021  253364880.
  0.665090024  254826896.
  0.668550014  256281840.
  0.672020018  257729696.
  0.675480008  259170480.
  0.678939998  260597104.
  0.682410002  262020176.
  0.685869992  263429088.
  0.689339995  264834480.
  0.692799985  266225696.
  0.696259975  267609840.
  0.699729979  268983360.
  0.703190029  270349792.
  0.706659973  271705632.
  0.710120022  273050816.
  0.713580012  274385408.
  0.717050016  275712896.
  0.720510006  277026240.
  0.72398001  278332512.
  0.72744  279628160.
  0.73089999  280913152.
  0.734369993  282187552.
  0.737829983  283451360.
  0.741299987  284704512.
  0.744759977  285947040.
  0.748220026  287178976.
  0.75168997  288400256.
  0.75515002  289607392.
  0.758620024  290807456.
  0.762080014  291993376.
  0.765540004  293168640.
  0.769010007  294333280.
  0.772469997  295487328.
  0.775940001  296627232.
  0.779399991  297756480.
  0.782859981  298875136.
  0.786329985  299983136.
  0.789789975  301076992.
  0.793259978  302156704.
  0.796720028  303229312.
  0.800180018  304284256.
  0.803650022  305332064.
  0.807110012  306365760.
  0.810580015  307385280.
  0.814040005  308394176.
  0.817499995  309388928.
  0.820969999  310373056.
  0.824429989  311342976.
  0.827899992  312302336.
  0.831359982  313247520.
  0.834819973  314178528.
  0.838289976  315095392.
  0.841750026  316001632.
  0.845220029  316893728.
  0.848680019  317775168.
  0.852140009  318638944.
  0.855610013  319492096.
  0.859070003  320331072.
  0.862540007  321155872.
  0.865999997  321970080.
  0.869459987  322766560.
  0.87292999  323552480.
  0.87638998  324324192.
  0.879859984  325081728.
  0.883319974  325825120.
  0.886780024  326554368.
  0.890250027  327269440.
  0.893710017  327970368.
  0.897180021  328657152.
  0.900640011  329329728.
  0.904100001  329988160.
  0.907570004  330632448.
  0.911029994  331262560.
  0.914499998  331878560.
  0.917959988  332480352.
  0.921419978  333064416.
  0.924889982  333637920.
  0.928349972  334193696.
  0.931819975  334735328.
  0.935280025  335266336.
  0.938740015  335776096.
  0.942210019  336275232.
  0.945670009  336760224.
  0.949140012  337227488.
  0.952600002  337680608.
  0.956059992  338119552.
  0.959529996  338540832.
  0.962989986  338951456.
  0.96645999  339344384.
  0.96991998  339723168.
  0.973380029  340084256.
  0.976849973  340431168.
  0.980310023  340763936.
  0.983780026  341079008.
  0.987240016  341379904.
  0.990700006  341666656.
  0.99417001  341935680.
  0.99763  342190560.
  1.00109994  342431296.
  1.00460005  342654304.
  1.00800002  342863168.
  1.0115  343054304.
  1.01499999  343231328.
  1.01839995  343394176.
  1.02190006  343539296.
  1.02530003  343666752.
  1.02880001  343783584.
  1.0323  343879136.
  1.03569996  343960544.
  1.03919995  344027808.
  1.04270005  344077376.
  1.04610002  344112768.
  1.04960001  344130464.
  1.05309999  344134016.
  1.05649996  344119872.
  1.05999994  344091552.
  1.06340003  344045536.
  1.06690001  343981792.
  1.0704  343903936.
  1.07379997  343811872.
  1.07729995  343702144.
  1.08080006  343574688.
  1.08420002  343433088.
  1.08770001  343273792.
  1.09119999  343100352.
  1.09459996  342909184.
  1.09809995  342700320.
  1.10160005  342477312.
  1.10500002  342240128.
  1.1085  341981696.
  1.11189997  341709120.
  1.11539996  341422400.
  1.11889994  341117952.
  1.12230003  340795808.
  1.12580001  340459488.
  1.1293  340105504.
  1.13269997  339737344.
  1.13619995  339351488.
  1.13970006  338947936.
  1.14310002  338530208.
  1.14660001  338094784.
  1.14999998  337641664.
  1.15349996  337174368.
  1.15699995  336689408.
  1.16040003  336190240.
  1.16390002  335673440.
  1.1674  335138880.
  1.17079997  334590176.
  1.17429996  334023776.
  1.17780006  333439680.
  1.18120003  332841440.
  1.18470001  332225440.
  1.1882  331595328.
  1.19159997  330947520.
  1.19509995  330282016.
  1.19850004  329602304.
  1.20200002  328904928.
  1.20550001  328193408.
  1.20889997  327464160.
  1.21239996  326717216.
  1.21589994  325956128.
  1.21930003  325177312.
  1.22280002  324384352.
  1.2263  323573696.
  1.22969997  322745344.
  1.23319995  321902816.
  1.23660004  321042592.
  1.24010003  320164672.
  1.24360001  319272608.
  1.24699998  318366336.
  1.25049996  317442432.
  1.25399995  316500800.
  1.25740004  315544992.
  1.26090002  314571488.
  1.26440001  313583808.
  1.26779997  312578464.
  1.27129996  311555392.
  1.27479994  310518176.
  1.27820003  309466784.
  1.28170002  308397728.
  1.28509998  307310944.
  1.28859997  306210016.
  1.29209995  305091360.
  1.29550004  303958560.
  1.29900002  302808064.
  1.30250001  301643392.
  1.30589998  300461056.
  1.30939996  299264512.
  1.31289995  298050304.
  1.31630003  296821920.
  1.31980002  295579392.
  1.32319999  294319136.
  1.32669997  293041184.
  1.33019996  291749120.
  1.33360004  290439296.
  1.33710003  289115328.
  1.34060001  287777216.
  1.34399998  286421376.
  1.34749997  285051424.
  1.35099995  283663744.
  1.35440004  282261888.
  1.35790002  280845888.
  1.36140001  279412224.
  1.36479998  277960800.
  1.36829996  276495232.
  1.37170005  275015520.
  1.37520003  273521632.
  1.37870002  272010048.
  1.38209999  270480768.
  1.38559997  268940896.
  1.38909996  267379744.
  1.39250004  265807984.
  1.39600003  264218512.
  1.39950001  262614912.
  1.40289998  260993584.
  1.40639997  259358096.
  1.40980005  257708448.
  1.41330004  256041120.
  1.41680002  254359616.
  1.42019999  252663952.
  1.42369998  250950592.
  1.42719996  249223088.
  1.43060005  247477856.
  1.43410003  245718480.
  1.43760002  243944928.
  1.44099998  242157232.
  1.44449997  240351856.
  1.44799995  238532288.
  1.45140004  236695024.
  1.45490003  234843600.
  1.45829999  232974464.
  1.46179998  231094736.
  1.46529996  229197296.
  1.46870005  227282160.
  1.47220004  225352864.
  1.47570002  223409392.
  1.47909999  221448240.
  1.48259997  219472912.
  1.48609996  217479904.
  1.48950005  215472720.
  1.49300003  213447840.
  1.4964  211408784.
  1.49989998  209352064.
  1.50339997  207281152.
  1.50680006  205192544.
  1.51030004  203089808.
  1.51380002  200969328.
  1.51719999  198831184.
  1.52069998  196678848.
  1.52419996  194508832.
  1.52760005  192321120.
  1.53110003  190119248.
  1.53460002  187896128.
  1.53799999  185658848.
  1.54149997  183403856.
  1.54489994  181131184.
  1.54840004  178837264.
  1.55190003  176529184.
  1.5553  174203408.
  1.55879998  171856384.
  1.56229997  169491648.
  1.56570005  167109232.
  1.56920004  164705584.
  1.57270002  162280688.
  1.57609999  159838080.
  1.57959998  157374240.
  1.58299994  154892704.
  1.58650005  152386384.
  1.59000003  149858816.
  1.5934  147306480.
  1.59689999  144732912.
  1.60039997  142138080.
  1.60380006  139514944.
  1.60730004  136870560.
  1.61080003  134197864.
  1.6142  131500384.
  1.61769998  128774584.
  1.62119997  126016920.
  1.62460005  123234480.
  1.62810004  120416648.
  1.63150001  117570480.
  1.63499999  114688920.
  1.63849998  111771960.
  1.64189994  108816064.
  1.64540005  105824760.
  1.64890003  102787440.
  1.6523  99711184.
  1.65579998  96585360.
  1.65929997  93409984.
  1.66270006  90181504.
  1.66620004  86899920.
  1.66960001  83551080.
  1.67309999  80142064.
  1.67659998  76658696.
  1.67999995  73093920.
  1.68350005  69447720.
  1.68700004  65702400.
  1.6904  61854420.
  1.69389999  57886076.
  1.69739997  53783220.
  1.70079994  49524600.
  1.70430005  45092520.
  1.70780003  40448040.
  1.7112  35559300.
  1.71469998  30371784.
  1.71809995  24813630.
  1.72160006  18788904.
  1.72510004  12177954.
  1.72850001  4967682.
  1.73199999  1.0
