  0.00504000019  209650000.
  0.0100800004  826619968.
  0.0151199996  1.83892992E+09
  0.0201600008  3.2226199E+09
  0.0252  4.97169971E+09
  0.0302399993  7.06220954E+09
  0.0352800004  9.47617997E+09
  0.0403200015  1.22076191E+10
  0.0453700013  1.52325693E+10
  0.0504099987  1.85330586E+10
  0.0554499999  2.21090898E+10
  0.060490001  2.5930709E+10
  0.0655300021  2.99859374E+10
  0.0705699995  3.42687887E+10
  0.0756099969  3.87493069E+10
  0.0806500018  4.34275E+10
  0.0856899992  4.82853888E+10
  0.0907299966  5.33050081E+10
  0.0957700014  5.84683889E+10
  0.100809999  6.37755269E+10
  0.105850004  6.92024689E+10
  0.110890001  7.47372298E+10
  0.115929998  8.0367829E+10
  0.120970003  8.60763013E+10
  0.126010001  9.1856642E+10
  0.131060004  9.76968991E+10
  0.136099994  1.03573086E+11
  0.141139999  1.0948522E+11
  0.146180004  1.1540933E+11
  0.151219994  1.21345417E+11
  0.156259999  1.27269528E+11
  0.161300004  1.33175665E+11
  0.166339993  1.39051844E+11
  0.171379998  1.44880124E+11
  0.176420003  1.50654484E+11
  0.181459993  1.56368945E+11
  0.186499998  1.61993556E+11
  0.191540003  1.67534313E+11
  0.196579993  1.72973228E+11
  0.201619998  1.78298323E+11
  0.206660002  1.83497654E+11
  0.211710006  1.88559213E+11
  0.216749996  1.93477001E+11
  0.221790001  1.98233063E+11
  0.226830006  2.02815406E+11
  0.231869996  2.07218049E+11
  0.23691  2.11435012E+11
  0.241950005  2.15436329E+11
  0.246989995  2.19227996E+11
  0.252029985  2.22792057E+11
  0.257070005  2.26116502E+11
  0.262109995  2.2918937E+11
  0.267150015  2.31998685E+11
  0.272190005  2.34532454E+11
  0.277229995  2.36778701E+11
  0.282270014  2.38725448E+11
  0.287310004  2.40360735E+11
  0.292349994  2.41660559E+11
  0.297399998  2.42624938E+11
  0.302439988  2.43223953E+11
  0.307480007  2.43457556E+11
  0.312519997  2.43295814E+11
  0.317559987  2.42726765E+11
  0.322600007  2.41732436E+11
  0.327639997  2.40282862E+11
  0.332679987  2.38366048E+11
  0.337720007  2.35952079E+11
  0.342759997  2.33011003E+11
  0.347799987  2.29512823E+11
  0.352840006  2.25415676E+11
  0.357879996  2.20683583E+11
  0.362919986  2.15262626E+11
  0.367960006  2.09092919E+11
  0.372999996  2.02102604E+11
  0.378039986  1.9420776E+11
  0.383089989  1.85282675E+11
  0.388130009  1.75183528E+11
  0.393169999  1.637067E+11
  0.398209989  1.50564635E+11
  0.403250009  1.353081E+11
  0.408289999  1.17206327E+11
  0.413329989  9.48336722E+10
  0.418370008  6.45901681E+10
  0.423409998  1.0
