Mr  xH
7.813154e-08 6.360541e-01
1.562631e-07 6.360541e-01
3.125262e-07 6.360541e-01
6.250525e-07 6.360541e-01
1.250105e-06 6.360541e-01
2.500210e-06 6.360541e-01
5.000420e-06 6.360541e-01
1.000084e-05 6.360541e-01
1.724356e-05 6.360541e-01
2.448628e-05 6.360541e-01
3.897171e-05 6.360541e-01
6.794259e-05 6.360541e-01
1.258843e-04 6.360541e-01
2.417678e-04 6.360541e-01
4.735348e-04 6.360541e-01
8.582557e-04 6.360541e-01
1.726195e-03 6.360541e-01
2.530928e-03 6.360541e-01
3.335662e-03 6.360541e-01
4.598600e-03 6.360541e-01
6.036047e-03 6.360541e-01
6.754770e-03 6.360541e-01
7.473493e-03 6.360541e-01
9.192540e-03 6.360541e-01
1.091159e-02 6.360541e-01
1.263063e-02 6.360541e-01
1.434968e-02 6.360541e-01
1.636319e-02 6.360541e-01
1.736994e-02 6.360541e-01
1.837669e-02 6.360541e-01
2.039020e-02 6.360541e-01
2.240371e-02 6.360541e-01
2.459707e-02 6.360541e-01
2.569375e-02 6.360541e-01
2.679044e-02 6.360541e-01
2.908768e-02 6.360541e-01
3.138493e-02 6.360541e-01
3.377629e-02 6.360541e-01
3.497198e-02 6.360541e-01
3.616766e-02 6.360541e-01
3.864468e-02 6.360541e-01
4.112171e-02 6.360541e-01
4.367695e-02 6.360541e-01
4.495457e-02 6.360541e-01
4.623219e-02 6.360541e-01
4.885904e-02 6.360541e-01
5.148589e-02 6.360541e-01
5.417841e-02 6.360541e-01
5.552468e-02 6.360541e-01
5.687094e-02 6.360541e-01
5.962377e-02 6.360541e-01
6.237661e-02 6.360541e-01
6.518487e-02 6.360541e-01
6.658901e-02 6.360541e-01
6.799314e-02 6.360541e-01
7.085238e-02 6.360541e-01
7.371162e-02 6.360541e-01
7.661772e-02 6.360541e-01
7.807077e-02 6.360541e-01
7.952382e-02 6.360541e-01
8.247300e-02 6.360541e-01
8.542218e-02 6.360541e-01
8.841092e-02 6.360541e-01
8.990529e-02 6.360541e-01
9.139966e-02 6.360541e-01
9.442470e-02 6.360541e-01
9.744975e-02 6.360541e-01
1.005080e-01 6.360541e-01
1.020372e-01 6.360541e-01
1.035663e-01 6.360541e-01
1.066551e-01 6.360541e-01
1.097438e-01 6.360541e-01
1.144185e-01 6.360541e-01
1.191184e-01 6.360541e-01
1.222601e-01 6.360541e-01
1.254247e-01 6.360541e-01
1.285893e-01 6.360541e-01
1.317746e-01 6.360541e-01
1.349599e-01 6.360541e-01
1.381637e-01 6.360541e-01
1.413759e-01 6.360541e-01
1.445881e-01 6.360541e-01
1.461983e-01 6.360541e-01
1.478086e-01 6.360541e-01
1.510438e-01 6.360541e-01
1.542790e-01 6.360541e-01
1.575272e-01 6.360541e-01
1.591513e-01 6.360541e-01
1.607754e-01 6.360541e-01
1.640349e-01 6.360541e-01
1.672945e-01 6.360541e-01
1.705637e-01 6.360541e-01
1.721983e-01 6.360541e-01
1.738329e-01 6.360541e-01
1.771103e-01 6.360541e-01
1.803878e-01 6.360541e-01
1.836720e-01 6.360541e-01
1.853140e-01 6.360541e-01
1.869561e-01 6.360541e-01
1.902457e-01 6.360541e-01
1.935353e-01 6.360541e-01
1.968290e-01 6.360541e-01
1.984759e-01 6.360541e-01
2.001227e-01 6.360541e-01
2.034193e-01 6.360541e-01
2.067159e-01 6.360541e-01
2.100141e-01 6.360541e-01
2.116633e-01 6.360541e-01
2.133124e-01 6.360541e-01
2.166112e-01 6.360541e-01
2.199098e-01 6.460803e-01
2.232084e-01 6.576857e-01
2.248575e-01 6.697953e-01
2.265067e-01 6.760800e-01
2.298035e-01 6.879044e-01
2.363947e-01 6.977080e-01
2.429799e-01 6.978648e-01
2.462709e-01 6.979680e-01
2.528441e-01 6.980575e-01
2.594071e-01 6.981658e-01
2.643204e-01 6.982507e-01
2.692270e-01 6.983171e-01
2.724958e-01 6.983682e-01
2.790185e-01 6.984254e-01
2.855250e-01 6.984948e-01
2.903916e-01 6.985499e-01
2.928201e-01 6.985828e-01
2.984786e-01 6.986175e-01
3.017085e-01 6.986532e-01
3.081477e-01 6.986898e-01
3.145649e-01 6.987348e-01
3.177679e-01 6.987661e-01
3.241506e-01 6.987955e-01
3.305087e-01 6.988322e-01
3.368414e-01 6.988663e-01
3.431477e-01 6.988986e-01
3.462873e-01 6.989219e-01
3.541152e-01 6.989486e-01
3.587890e-01 6.989789e-01
3.619001e-01 6.989980e-01
3.680928e-01 6.990214e-01
3.742551e-01 6.990536e-01
3.803864e-01 6.990875e-01
3.864860e-01 6.991231e-01
3.925534e-01 6.991606e-01
3.985880e-01 6.991995e-01
4.015886e-01 6.992296e-01
4.075728e-01 6.992601e-01
4.135228e-01 6.993012e-01
4.194382e-01 6.993423e-01
4.253185e-01 6.993829e-01
4.311633e-01 6.994226e-01
4.369722e-01 6.994609e-01
4.427448e-01 6.994975e-01
4.484807e-01 6.995323e-01
4.570198e-01 6.995729e-01
4.654652e-01 6.996173e-01
4.738350e-01 6.996570e-01
4.793639e-01 6.996866e-01
4.848544e-01 6.997081e-01
4.903063e-01 6.997278e-01
4.957193e-01 6.997458e-01
5.010932e-01 6.997622e-01
5.064280e-01 6.997771e-01
5.117235e-01 6.997908e-01
5.169795e-01 6.998032e-01
5.221960e-01 6.998145e-01
5.273729e-01 6.998248e-01
5.325100e-01 6.998342e-01
5.376073e-01 6.998428e-01
5.426648e-01 6.998507e-01
5.476823e-01 6.998579e-01
5.526599e-01 6.998645e-01
5.575976e-01 6.998706e-01
5.624953e-01 6.998763e-01
5.673530e-01 6.998816e-01
5.721708e-01 6.998865e-01
5.769486e-01 6.998911e-01
5.816864e-01 6.998955e-01
5.863844e-01 6.998996e-01
5.910426e-01 6.999035e-01
5.956610e-01 6.999072e-01
6.002396e-01 6.999108e-01
6.047786e-01 6.999143e-01
6.092781e-01 6.999176e-01
6.137380e-01 6.999208e-01
6.181586e-01 6.999239e-01
6.225399e-01 6.999269e-01
6.268820e-01 6.999297e-01
6.311850e-01 6.999325e-01
6.354491e-01 6.999352e-01
6.396743e-01 6.999378e-01
6.438609e-01 6.999403e-01
6.480088e-01 6.999427e-01
6.521184e-01 6.999450e-01
6.561897e-01 6.999472e-01
6.602229e-01 6.999494e-01
6.642181e-01 6.999515e-01
6.720952e-01 6.999544e-01
6.798225e-01 6.999581e-01
6.836119e-01 6.999607e-01
6.874012e-01 6.999623e-01
6.911171e-01 6.999639e-01
6.948330e-01 6.999654e-01
7.021192e-01 6.999675e-01
7.092614e-01 6.999702e-01
7.127613e-01 6.999720e-01
7.162613e-01 6.999732e-01
7.196908e-01 6.999743e-01
7.231204e-01 6.999754e-01
7.298405e-01 6.999769e-01
7.364232e-01 6.999788e-01
7.396467e-01 6.999801e-01
7.428703e-01 6.999810e-01
7.491836e-01 6.999821e-01
7.553648e-01 6.999836e-01
7.583902e-01 6.999846e-01
7.614157e-01 6.999853e-01
7.643770e-01 6.999859e-01
7.673382e-01 6.999865e-01
7.731342e-01 6.999873e-01
7.788054e-01 6.999884e-01
7.815795e-01 6.999891e-01
7.843537e-01 6.999896e-01
7.870673e-01 6.999900e-01
7.897810e-01 6.999904e-01
7.924351e-01 6.999908e-01
7.950892e-01 6.999912e-01
8.002802e-01 6.999918e-01
8.053558e-01 6.999925e-01
8.103179e-01 6.999931e-01
8.127432e-01 6.999935e-01
8.151685e-01 6.999938e-01
8.199093e-01 6.999942e-01
8.245424e-01 6.999947e-01
8.290695e-01 6.999951e-01
8.312810e-01 6.999954e-01
8.334925e-01 6.999956e-01
8.378134e-01 6.999959e-01
8.420339e-01 6.999962e-01
8.461559e-01 6.999966e-01
8.481685e-01 6.999968e-01
8.501812e-01 6.999969e-01
8.541117e-01 6.999971e-01
8.579491e-01 6.999974e-01
8.616953e-01 6.999976e-01
8.653521e-01 6.999978e-01
8.689212e-01 6.999980e-01
8.724045e-01 6.999981e-01
8.758035e-01 6.999983e-01
8.791201e-01 6.999984e-01
8.823560e-01 6.999986e-01
8.855128e-01 6.999987e-01
8.885922e-01 6.999988e-01
8.915960e-01 6.999989e-01
8.945256e-01 6.999990e-01
8.973827e-01 6.999991e-01
9.001689e-01 6.999992e-01
9.028857e-01 6.999992e-01
9.055347e-01 6.999993e-01
9.081175e-01 6.999994e-01
9.106353e-01 6.999994e-01
9.130899e-01 6.999995e-01
9.154825e-01 6.999995e-01
9.178145e-01 6.999996e-01
9.200875e-01 6.999996e-01
9.223027e-01 6.999996e-01
9.244614e-01 6.999997e-01
9.265650e-01 6.999997e-01
9.286148e-01 6.999997e-01
9.306120e-01 6.999997e-01
9.325578e-01 6.999998e-01
9.344534e-01 6.999998e-01
9.363001e-01 6.999998e-01
9.380990e-01 6.999998e-01
9.398512e-01 6.999998e-01
9.415578e-01 6.999998e-01
9.432199e-01 6.999999e-01
9.448385e-01 6.999999e-01
9.464148e-01 6.999999e-01
9.479497e-01 6.999999e-01
9.494442e-01 6.999999e-01
9.508992e-01 6.999999e-01
9.523158e-01 6.999999e-01
9.536948e-01 6.999999e-01
9.550372e-01 6.999999e-01
9.563437e-01 6.999999e-01
9.576154e-01 6.999999e-01
9.588530e-01 6.999999e-01
9.600574e-01 7.000000e-01
9.612292e-01 7.000000e-01
9.623695e-01 7.000000e-01
9.634788e-01 7.000000e-01
9.645579e-01 7.000000e-01
9.656076e-01 7.000000e-01
9.666286e-01 7.000000e-01
9.676215e-01 7.000000e-01
9.685871e-01 7.000000e-01
9.695260e-01 7.000000e-01
9.704389e-01 7.000000e-01
9.713264e-01 7.000000e-01
9.721891e-01 7.000000e-01
9.730276e-01 7.000000e-01
9.738425e-01 7.000000e-01
9.746345e-01 7.000000e-01
9.754040e-01 7.000000e-01
9.761517e-01 7.000000e-01
9.768781e-01 7.000000e-01
9.775837e-01 7.000000e-01
9.782692e-01 7.000000e-01
9.789349e-01 7.000000e-01
9.795814e-01 7.000000e-01
9.802092e-01 7.000000e-01
9.808188e-01 7.000000e-01
9.814107e-01 7.000000e-01
9.819852e-01 7.000000e-01
9.825430e-01 7.000000e-01
9.830844e-01 7.000000e-01
9.836099e-01 7.000000e-01
9.841199e-01 7.000000e-01
9.846148e-01 7.000000e-01
9.850950e-01 7.000000e-01
9.855609e-01 7.000000e-01
9.860129e-01 7.000000e-01
9.864515e-01 7.000000e-01
9.868769e-01 7.000000e-01
9.872895e-01 7.000000e-01
9.876897e-01 7.000000e-01
9.880778e-01 7.000000e-01
9.884543e-01 7.000000e-01
9.888193e-01 7.000000e-01
9.891732e-01 7.000000e-01
9.895164e-01 7.000000e-01
9.898491e-01 7.000000e-01
9.901717e-01 7.000000e-01
9.904844e-01 7.000000e-01
9.907876e-01 7.000000e-01
9.910814e-01 7.000000e-01
9.913663e-01 7.000000e-01
9.916423e-01 7.000000e-01
9.919099e-01 7.000000e-01
9.921692e-01 7.000000e-01
9.924205e-01 7.000000e-01
9.926640e-01 7.000000e-01
9.929000e-01 7.000000e-01
9.931286e-01 7.000000e-01
9.933502e-01 7.000000e-01
9.935648e-01 7.000000e-01
9.937728e-01 7.000000e-01
9.939743e-01 7.000000e-01
9.941695e-01 7.000000e-01
9.943586e-01 7.000000e-01
9.945417e-01 7.000000e-01
9.947192e-01 7.000000e-01
9.948910e-01 7.000000e-01
9.950575e-01 7.000000e-01
9.952187e-01 7.000000e-01
9.953749e-01 7.000000e-01
9.955261e-01 7.000000e-01
9.956726e-01 7.000000e-01
9.958144e-01 7.000000e-01
9.959517e-01 7.000000e-01
9.960847e-01 7.000000e-01
9.962135e-01 7.000000e-01
9.963382e-01 7.000000e-01
9.964589e-01 7.000000e-01
9.965758e-01 7.000000e-01
9.966890e-01 7.000000e-01
9.967985e-01 7.000000e-01
9.969046e-01 7.000000e-01
9.970073e-01 7.000000e-01
9.971066e-01 7.000000e-01
9.972028e-01 7.000000e-01
9.972959e-01 7.000000e-01
9.973861e-01 7.000000e-01
9.974733e-01 7.000000e-01
9.975577e-01 7.000000e-01
9.976394e-01 7.000000e-01
9.977185e-01 7.000000e-01
9.977950e-01 7.000000e-01
9.978690e-01 7.000000e-01
9.979406e-01 7.000000e-01
9.980099e-01 7.000000e-01
9.980770e-01 7.000000e-01
9.981419e-01 7.000000e-01
9.982047e-01 7.000000e-01
9.982654e-01 7.000000e-01
9.983242e-01 7.000000e-01
9.983810e-01 7.000000e-01
9.984360e-01 7.000000e-01
9.984892e-01 7.000000e-01
9.985407e-01 7.000000e-01
9.985904e-01 7.000000e-01
9.986386e-01 7.000000e-01
9.986851e-01 7.000000e-01
9.987302e-01 7.000000e-01
9.987737e-01 7.000000e-01
9.988159e-01 7.000000e-01
9.988566e-01 7.000000e-01
9.988960e-01 7.000000e-01
9.989341e-01 7.000000e-01
9.989710e-01 7.000000e-01
9.990066e-01 7.000000e-01
9.990411e-01 7.000000e-01
9.990744e-01 7.000000e-01
9.991066e-01 7.000000e-01
9.991378e-01 7.000000e-01
9.991679e-01 7.000000e-01
9.991970e-01 7.000000e-01
9.992252e-01 7.000000e-01
9.992524e-01 7.000000e-01
9.992787e-01 7.000000e-01
9.993042e-01 7.000000e-01
9.993288e-01 7.000000e-01
9.993526e-01 7.000000e-01
9.993756e-01 7.000000e-01
9.993978e-01 7.000000e-01
9.994193e-01 7.000000e-01
9.994400e-01 7.000000e-01
9.994601e-01 7.000000e-01
9.994795e-01 7.000000e-01
9.994983e-01 7.000000e-01
9.995164e-01 7.000000e-01
9.995339e-01 7.000000e-01
9.995509e-01 7.000000e-01
9.995672e-01 7.000000e-01
9.995831e-01 7.000000e-01
9.995983e-01 7.000000e-01
9.996131e-01 7.000000e-01
9.996274e-01 7.000000e-01
9.996412e-01 7.000000e-01
9.996545e-01 7.000000e-01
9.996674e-01 7.000000e-01
9.996799e-01 7.000000e-01
9.996919e-01 7.000000e-01
9.997035e-01 7.000000e-01
9.997148e-01 7.000000e-01
9.997256e-01 7.000000e-01
9.997361e-01 7.000000e-01
9.997463e-01 7.000000e-01
9.997561e-01 7.000000e-01
9.997655e-01 7.000000e-01
9.997747e-01 7.000000e-01
9.997835e-01 7.000000e-01
9.997920e-01 7.000000e-01
9.998003e-01 7.000000e-01
9.998082e-01 7.000000e-01
9.998159e-01 7.000000e-01
9.998234e-01 7.000000e-01
9.998305e-01 7.000000e-01
9.998375e-01 7.000000e-01
9.998442e-01 7.000000e-01
9.998506e-01 7.000000e-01
9.998569e-01 7.000000e-01
9.998629e-01 7.000000e-01
9.998688e-01 7.000000e-01
9.998744e-01 7.000000e-01
9.998798e-01 7.000000e-01
9.998851e-01 7.000000e-01
9.998902e-01 7.000000e-01
9.998951e-01 7.000000e-01
9.998998e-01 7.000000e-01
9.999044e-01 7.000000e-01
