Mr  xH
7.813022e-08 2.007509e-02
1.562604e-07 2.008902e-02
3.125209e-07 2.010561e-02
6.250417e-07 2.013197e-02
1.250083e-06 2.017385e-02
2.500167e-06 2.024047e-02
5.000334e-06 2.034655e-02
1.000067e-05 2.051574e-02
1.719914e-05 2.073564e-02
2.439761e-05 2.095389e-02
3.879455e-05 2.124776e-02
6.758843e-05 2.175802e-02
1.251762e-04 2.262496e-02
2.403517e-04 2.408743e-02
4.707027e-04 2.657266e-02
8.530151e-04 3.037645e-02
1.715487e-03 3.742923e-02
2.914939e-03 4.793401e-02
4.629536e-03 6.200560e-02
5.944316e-03 7.595074e-02
7.565491e-03 8.872067e-02
8.376078e-03 9.888985e-02
9.186666e-03 1.054250e-01
9.954718e-03 1.118396e-01
1.072277e-02 1.178021e-01
1.149082e-02 1.235350e-01
1.225888e-02 1.291445e-01
1.302693e-02 1.346029e-01
1.379498e-02 1.398908e-01
1.533109e-02 1.474993e-01
1.605660e-02 1.544802e-01
1.678212e-02 1.588805e-01
1.750764e-02 1.631791e-01
1.823316e-02 1.675386e-01
1.977884e-02 1.746253e-01
2.132452e-02 1.834999e-01
2.441587e-02 1.959055e-01
2.781414e-02 2.122164e-01
3.121241e-02 2.282956e-01
3.358807e-02 2.408255e-01
3.596374e-02 2.509185e-01
3.967559e-02 2.634624e-01
4.338744e-02 2.778063e-01
4.853971e-02 2.937008e-01
5.653544e-02 3.160635e-01
6.477154e-02 3.411051e-01
7.327260e-02 3.646157e-01
7.904963e-02 3.829963e-01
8.491254e-02 3.971194e-01
9.085434e-02 4.106662e-01
9.686856e-02 4.236859e-01
1.029491e-01 4.361715e-01
1.090904e-01 4.481249e-01
1.152870e-01 4.595908e-01
1.215341e-01 4.705877e-01
1.278269e-01 4.811330e-01
1.341610e-01 4.912427e-01
1.405323e-01 5.009322e-01
1.469368e-01 5.102158e-01
1.501469e-01 5.168906e-01
1.565948e-01 5.234060e-01
1.630670e-01 5.317358e-01
1.695603e-01 5.397064e-01
1.760715e-01 5.473303e-01
1.825978e-01 5.546194e-01
1.891364e-01 5.615858e-01
1.956845e-01 5.682410e-01
1.989621e-01 5.730205e-01
2.055197e-01 5.776655e-01
2.087997e-01 5.821229e-01
2.153620e-01 5.864519e-01
2.219246e-01 5.919743e-01
2.284853e-01 5.972407e-01
2.350423e-01 6.022624e-01
2.383179e-01 6.058651e-01
2.448653e-01 6.093592e-01
2.514044e-01 6.138167e-01
2.546716e-01 6.170164e-01
2.611951e-01 6.201184e-01
2.677063e-01 6.240755e-01
2.709549e-01 6.269147e-01
2.774443e-01 6.296651e-01
2.806853e-01 6.323070e-01
2.871503e-01 6.348646e-01
2.935974e-01 6.381233e-01
2.968113e-01 6.404584e-01
3.032288e-01 6.427158e-01
3.096253e-01 6.455912e-01
3.128182e-01 6.476510e-01
3.191812e-01 6.496403e-01
3.255205e-01 6.521711e-01
3.286779e-01 6.539820e-01
3.349797e-01 6.557295e-01
3.412554e-01 6.579534e-01
3.443867e-01 6.595454e-01
3.506218e-01 6.610809e-01
3.568288e-01 6.630332e-01
3.599178e-01 6.644295e-01
3.660809e-01 6.657756e-01
3.722140e-01 6.674884e-01
3.752730e-01 6.687144e-01
3.813599e-01 6.698958e-01
3.874151e-01 6.713978e-01
3.934380e-01 6.728226e-01
3.994281e-01 6.741738e-01
4.053849e-01 6.754560e-01
4.113077e-01 6.766717e-01
4.171962e-01 6.778243e-01
4.230499e-01 6.789175e-01
4.288683e-01 6.799538e-01
4.346511e-01 6.809359e-01
4.403979e-01 6.818671e-01
4.461083e-01 6.827492e-01
4.517819e-01 6.835848e-01
4.546003e-01 6.841820e-01
4.602183e-01 6.847557e-01
4.657988e-01 6.854850e-01
4.685797e-01 6.860065e-01
4.741037e-01 6.865072e-01
4.795895e-01 6.871425e-01
4.850371e-01 6.877432e-01
4.904462e-01 6.883107e-01
4.958167e-01 6.888476e-01
5.011483e-01 6.893542e-01
5.037947e-01 6.897150e-01
5.090678e-01 6.900603e-01
5.116946e-01 6.903913e-01
5.169089e-01 6.907076e-01
5.220839e-01 6.911073e-01
5.272195e-01 6.914827e-01
5.323157e-01 6.918359e-01
5.348440e-01 6.920863e-01
5.373722e-01 6.922467e-01
5.423892e-01 6.924778e-01
5.473666e-01 6.927689e-01
5.498354e-01 6.929751e-01
5.547532e-01 6.931713e-01
5.572022e-01 6.933594e-01
5.620605e-01 6.935389e-01
5.668791e-01 6.937665e-01
5.692686e-01 6.939296e-01
5.716580e-01 6.940351e-01
5.763973e-01 6.941891e-01
5.787471e-01 6.943391e-01
5.810970e-01 6.944370e-01
5.857571e-01 6.945814e-01
5.903776e-01 6.947703e-01
5.926682e-01 6.949100e-01
5.949587e-01 6.950023e-01
5.972296e-01 6.950942e-01
5.995005e-01 6.951856e-01
6.040029e-01 6.953219e-01
6.084661e-01 6.955023e-01
6.106781e-01 6.956367e-01
6.128901e-01 6.957256e-01
6.150826e-01 6.958140e-01
6.172751e-01 6.959018e-01
6.216211e-01 6.960321e-01
6.259284e-01 6.962032e-01
6.280626e-01 6.963293e-01
6.301969e-01 6.964120e-01
6.344268e-01 6.965340e-01
6.386183e-01 6.966927e-01
6.427715e-01 6.968464e-01
6.468864e-01 6.969948e-01
6.509634e-01 6.971378e-01
6.550025e-01 6.972753e-01
6.589850e-01 6.974078e-01
6.629676e-01 6.975343e-01
6.668754e-01 6.976546e-01
6.707831e-01 6.977704e-01
6.746168e-01 6.978798e-01
6.784504e-01 6.979849e-01
6.822107e-01 6.980850e-01
6.859710e-01 6.981804e-01
6.933462e-01 6.983151e-01
6.969620e-01 6.984403e-01
7.005778e-01 6.985188e-01
7.041224e-01 6.985924e-01
7.076671e-01 6.986630e-01
7.146160e-01 6.987626e-01
7.214261e-01 6.988840e-01
7.247626e-01 6.989674e-01
7.280990e-01 6.990194e-01
7.346367e-01 6.990924e-01
7.410407e-01 6.991817e-01
7.473130e-01 6.992622e-01
7.534554e-01 6.993348e-01
7.564625e-01 6.993847e-01
7.594697e-01 6.994159e-01
7.653577e-01 6.994594e-01
7.711215e-01 6.995127e-01
7.767627e-01 6.995608e-01
7.822835e-01 6.996041e-01
7.849845e-01 6.996339e-01
7.876855e-01 6.996525e-01
7.903282e-01 6.996701e-01
7.929708e-01 6.996868e-01
7.981413e-01 6.997103e-01
8.031988e-01 6.997389e-01
8.081453e-01 6.997648e-01
8.129827e-01 6.997881e-01
8.177128e-01 6.998091e-01
8.223376e-01 6.998280e-01
8.268588e-01 6.998451e-01
8.312785e-01 6.998605e-01
8.355983e-01 6.998743e-01
8.398202e-01 6.998868e-01
8.439460e-01 6.998981e-01
8.479775e-01 6.999083e-01
8.519164e-01 6.999174e-01
8.557645e-01 6.999256e-01
8.595236e-01 6.999331e-01
8.631955e-01 6.999398e-01
8.667817e-01 6.999458e-01
8.702840e-01 6.999512e-01
8.737040e-01 6.999561e-01
8.770435e-01 6.999605e-01
8.794961e-01 6.999640e-01
8.834870e-01 6.999676e-01
8.865942e-01 6.999712e-01
8.896271e-01 6.999741e-01
8.925873e-01 6.999767e-01
8.954761e-01 6.999791e-01
8.982952e-01 6.999812e-01
9.010460e-01 6.999831e-01
9.037298e-01 6.999848e-01
9.063481e-01 6.999863e-01
9.089023e-01 6.999877e-01
9.113937e-01 6.999890e-01
9.138236e-01 6.999901e-01
9.161934e-01 6.999911e-01
9.185042e-01 6.999920e-01
9.207575e-01 6.999928e-01
9.229544e-01 6.999936e-01
9.250961e-01 6.999942e-01
9.271839e-01 6.999948e-01
9.292188e-01 6.999954e-01
9.312021e-01 6.999958e-01
9.331348e-01 6.999963e-01
9.350181e-01 6.999967e-01
9.368531e-01 6.999970e-01
9.386408e-01 6.999973e-01
9.403822e-01 6.999976e-01
9.420785e-01 6.999979e-01
9.437305e-01 6.999981e-01
9.453393e-01 6.999983e-01
9.469060e-01 6.999985e-01
9.484313e-01 6.999986e-01
9.499163e-01 6.999988e-01
9.517172e-01 6.999989e-01
9.527583e-01 6.999990e-01
9.537995e-01 6.999991e-01
9.551413e-01 6.999992e-01
9.564469e-01 6.999993e-01
9.577174e-01 6.999994e-01
9.589534e-01 6.999994e-01
9.601558e-01 6.999995e-01
9.613253e-01 6.999996e-01
9.624629e-01 6.999996e-01
9.635692e-01 6.999996e-01
9.646450e-01 6.999997e-01
9.656911e-01 6.999997e-01
9.667081e-01 6.999998e-01
9.676969e-01 6.999998e-01
9.686580e-01 6.999998e-01
9.695923e-01 6.999998e-01
9.705003e-01 6.999999e-01
9.713827e-01 6.999999e-01
9.722402e-01 6.999999e-01
9.730735e-01 6.999999e-01
9.738830e-01 6.999999e-01
9.746695e-01 6.999999e-01
9.754336e-01 7.000000e-01
9.761757e-01 7.000000e-01
9.768966e-01 7.000000e-01
9.775967e-01 7.000000e-01
9.782766e-01 7.000000e-01
9.789369e-01 7.000000e-01
9.795780e-01 7.000000e-01
9.802005e-01 7.000000e-01
9.808049e-01 7.000000e-01
9.813917e-01 7.000000e-01
9.819612e-01 7.000000e-01
9.825141e-01 7.000000e-01
9.830508e-01 7.000000e-01
9.835717e-01 7.000000e-01
9.840772e-01 7.000000e-01
9.845678e-01 7.000000e-01
9.850439e-01 7.000000e-01
9.855059e-01 7.000000e-01
9.859541e-01 7.000000e-01
9.863890e-01 7.000000e-01
9.868110e-01 7.000000e-01
9.872204e-01 7.000000e-01
9.876175e-01 7.000000e-01
9.880027e-01 7.000000e-01
9.883764e-01 7.000000e-01
9.887388e-01 7.000000e-01
9.890904e-01 7.000000e-01
9.894313e-01 7.000000e-01
9.897620e-01 7.000000e-01
9.900826e-01 7.000000e-01
9.903936e-01 7.000000e-01
9.906951e-01 7.000000e-01
9.909875e-01 7.000000e-01
9.912709e-01 7.000000e-01
9.915458e-01 7.000000e-01
9.918123e-01 7.000000e-01
9.920706e-01 7.000000e-01
9.923210e-01 7.000000e-01
9.925638e-01 7.000000e-01
9.927991e-01 7.000000e-01
9.930272e-01 7.000000e-01
9.932483e-01 7.000000e-01
9.934626e-01 7.000000e-01
9.936703e-01 7.000000e-01
9.938716e-01 7.000000e-01
9.940666e-01 7.000000e-01
9.942557e-01 7.000000e-01
9.944388e-01 7.000000e-01
9.946163e-01 7.000000e-01
9.947883e-01 7.000000e-01
9.949550e-01 7.000000e-01
9.951164e-01 7.000000e-01
9.952729e-01 7.000000e-01
9.954244e-01 7.000000e-01
9.955712e-01 7.000000e-01
9.957134e-01 7.000000e-01
9.958512e-01 7.000000e-01
9.959847e-01 7.000000e-01
9.961140e-01 7.000000e-01
9.962392e-01 7.000000e-01
9.963604e-01 7.000000e-01
9.964779e-01 7.000000e-01
9.965917e-01 7.000000e-01
9.967018e-01 7.000000e-01
9.968085e-01 7.000000e-01
9.969119e-01 7.000000e-01
9.970119e-01 7.000000e-01
9.971088e-01 7.000000e-01
9.972026e-01 7.000000e-01
9.972935e-01 7.000000e-01
9.973814e-01 7.000000e-01
9.974666e-01 7.000000e-01
9.975490e-01 7.000000e-01
9.976288e-01 7.000000e-01
9.977061e-01 7.000000e-01
9.977809e-01 7.000000e-01
9.978534e-01 7.000000e-01
9.979235e-01 7.000000e-01
9.979913e-01 7.000000e-01
9.980570e-01 7.000000e-01
9.981206e-01 7.000000e-01
9.981822e-01 7.000000e-01
9.982417e-01 7.000000e-01
9.982994e-01 7.000000e-01
9.983552e-01 7.000000e-01
9.984092e-01 7.000000e-01
9.984615e-01 7.000000e-01
9.985120e-01 7.000000e-01
9.985610e-01 7.000000e-01
9.986084e-01 7.000000e-01
9.986542e-01 7.000000e-01
9.986986e-01 7.000000e-01
9.987415e-01 7.000000e-01
9.987830e-01 7.000000e-01
9.988232e-01 7.000000e-01
9.988621e-01 7.000000e-01
9.988997e-01 7.000000e-01
9.989361e-01 7.000000e-01
9.989713e-01 7.000000e-01
9.990054e-01 7.000000e-01
9.990384e-01 7.000000e-01
9.990703e-01 7.000000e-01
9.991011e-01 7.000000e-01
9.991310e-01 7.000000e-01
9.991598e-01 7.000000e-01
9.991878e-01 7.000000e-01
9.992148e-01 7.000000e-01
9.992409e-01 7.000000e-01
9.992662e-01 7.000000e-01
9.992907e-01 7.000000e-01
9.993143e-01 7.000000e-01
9.993372e-01 7.000000e-01
9.993593e-01 7.000000e-01
9.993807e-01 7.000000e-01
9.994014e-01 7.000000e-01
9.994215e-01 7.000000e-01
9.994408e-01 7.000000e-01
9.994595e-01 7.000000e-01
9.994777e-01 7.000000e-01
9.994952e-01 7.000000e-01
9.995121e-01 7.000000e-01
9.995285e-01 7.000000e-01
9.995443e-01 7.000000e-01
9.995596e-01 7.000000e-01
9.995745e-01 7.000000e-01
9.995888e-01 7.000000e-01
9.996026e-01 7.000000e-01
9.996160e-01 7.000000e-01
9.996290e-01 7.000000e-01
9.996415e-01 7.000000e-01
9.996536e-01 7.000000e-01
9.996653e-01 7.000000e-01
9.996766e-01 7.000000e-01
9.996876e-01 7.000000e-01
9.996981e-01 7.000000e-01
9.997084e-01 7.000000e-01
9.997183e-01 7.000000e-01
9.997278e-01 7.000000e-01
9.997371e-01 7.000000e-01
9.997460e-01 7.000000e-01
9.997546e-01 7.000000e-01
9.997630e-01 7.000000e-01
9.997711e-01 7.000000e-01
9.997789e-01 7.000000e-01
9.997864e-01 7.000000e-01
9.997937e-01 7.000000e-01
9.998007e-01 7.000000e-01
9.998076e-01 7.000000e-01
9.998141e-01 7.000000e-01
9.998205e-01 7.000000e-01
9.998267e-01 7.000000e-01
9.998326e-01 7.000000e-01
9.998384e-01 7.000000e-01
9.998439e-01 7.000000e-01
9.998493e-01 7.000000e-01
9.998545e-01 7.000000e-01
9.998595e-01 7.000000e-01
9.998643e-01 7.000000e-01
9.998690e-01 7.000000e-01
9.998736e-01 7.000000e-01
9.998779e-01 7.000000e-01
9.998822e-01 7.000000e-01
9.998863e-01 7.000000e-01
9.998902e-01 7.000000e-01
9.998940e-01 7.000000e-01
9.998977e-01 7.000000e-01
9.999013e-01 7.000000e-01
