Mr  xH
7.813154e-08 4.636785e-01
1.562631e-07 4.636785e-01
3.125262e-07 4.636785e-01
6.250525e-07 4.636785e-01
1.250105e-06 4.636785e-01
2.500210e-06 4.636785e-01
5.000420e-06 4.636785e-01
1.000084e-05 4.636785e-01
1.724356e-05 4.636785e-01
2.448628e-05 4.636785e-01
3.897171e-05 4.636785e-01
6.794259e-05 4.636785e-01
1.258843e-04 4.636785e-01
2.417678e-04 4.636785e-01
4.735348e-04 4.636785e-01
8.582557e-04 4.636785e-01
1.726195e-03 4.636785e-01
2.530928e-03 4.636785e-01
3.335662e-03 4.636785e-01
4.598600e-03 4.636785e-01
6.036047e-03 4.636785e-01
6.754770e-03 4.636785e-01
7.473493e-03 4.636785e-01
9.192540e-03 4.636785e-01
1.091159e-02 4.636785e-01
1.263063e-02 4.636785e-01
1.434968e-02 4.636785e-01
1.636319e-02 4.636785e-01
1.736994e-02 4.636785e-01
1.837669e-02 4.636785e-01
2.039020e-02 4.636785e-01
2.240371e-02 4.636785e-01
2.459707e-02 4.636785e-01
2.569375e-02 4.636785e-01
2.679044e-02 4.636785e-01
2.908768e-02 4.636785e-01
3.138493e-02 4.636785e-01
3.377629e-02 4.636785e-01
3.497198e-02 4.636785e-01
3.616766e-02 4.636785e-01
3.864468e-02 4.636785e-01
4.112171e-02 4.636785e-01
4.367695e-02 4.636785e-01
4.495457e-02 4.636785e-01
4.623219e-02 4.636785e-01
4.885904e-02 4.636785e-01
5.148589e-02 4.636785e-01
5.417841e-02 4.636785e-01
5.552468e-02 4.636785e-01
5.687094e-02 4.636785e-01
5.962377e-02 4.636785e-01
6.237661e-02 4.636785e-01
6.518487e-02 4.636785e-01
6.658901e-02 4.636785e-01
6.799314e-02 4.636785e-01
7.085238e-02 4.636785e-01
7.371162e-02 4.636785e-01
7.661772e-02 4.636785e-01
7.807077e-02 4.636785e-01
7.952382e-02 4.636785e-01
8.247300e-02 4.636785e-01
8.542218e-02 4.636785e-01
8.841092e-02 4.636785e-01
8.990529e-02 4.636785e-01
9.139966e-02 4.636785e-01
9.442470e-02 4.636785e-01
9.744975e-02 4.636785e-01
1.005080e-01 4.636785e-01
1.020372e-01 4.636785e-01
1.035663e-01 4.636785e-01
1.066551e-01 4.636785e-01
1.097438e-01 4.636785e-01
1.144185e-01 4.636785e-01
1.167684e-01 4.636785e-01
1.191184e-01 4.636785e-01
1.222601e-01 4.636785e-01
1.254247e-01 4.636785e-01
1.285893e-01 4.636785e-01
1.317746e-01 4.636785e-01
1.349599e-01 4.636785e-01
1.381637e-01 4.636785e-01
1.413759e-01 4.636785e-01
1.445881e-01 4.636785e-01
1.461983e-01 4.636785e-01
1.478086e-01 4.636785e-01
1.510438e-01 4.636785e-01
1.542790e-01 4.636785e-01
1.575272e-01 4.636785e-01
1.591513e-01 4.636785e-01
1.607754e-01 4.636785e-01
1.640349e-01 4.636785e-01
1.672945e-01 4.636785e-01
1.705637e-01 4.636785e-01
1.721983e-01 4.636785e-01
1.738329e-01 4.636785e-01
1.771103e-01 4.648886e-01
1.803878e-01 4.804296e-01
1.820299e-01 4.928274e-01
1.836720e-01 4.993614e-01
1.844930e-01 5.023038e-01
1.853140e-01 5.055676e-01
1.861351e-01 5.101319e-01
1.869561e-01 5.133949e-01
1.886009e-01 5.163393e-01
1.902457e-01 5.228768e-01
1.918905e-01 5.313717e-01
1.935353e-01 5.388938e-01
1.943588e-01 5.440592e-01
1.951822e-01 5.481088e-01
1.960056e-01 5.524575e-01
1.968290e-01 5.574945e-01
1.976525e-01 5.634181e-01
1.984759e-01 5.679316e-01
2.001227e-01 5.732118e-01
2.017710e-01 5.772524e-01
2.034193e-01 5.841967e-01
2.050676e-01 5.940428e-01
2.083650e-01 5.980874e-01
2.133124e-01 6.152688e-01
2.166112e-01 6.300661e-01
2.232084e-01 6.486795e-01
2.265067e-01 6.700616e-01
2.298035e-01 6.852559e-01
2.363947e-01 6.953147e-01
2.429799e-01 6.956761e-01
2.462709e-01 6.959156e-01
2.528441e-01 6.961296e-01
2.594071e-01 6.963866e-01
2.643204e-01 6.965878e-01
2.692270e-01 6.967451e-01
2.724958e-01 6.968665e-01
2.790185e-01 6.970021e-01
2.855250e-01 6.971669e-01
2.903916e-01 6.972980e-01
2.928201e-01 6.973765e-01
2.984786e-01 6.974591e-01
3.017085e-01 6.975444e-01
3.081477e-01 6.976317e-01
3.145649e-01 6.977394e-01
3.177679e-01 6.978143e-01
3.241506e-01 6.978848e-01
3.305087e-01 6.979722e-01
3.368414e-01 6.980531e-01
3.431477e-01 6.981280e-01
3.462873e-01 6.981806e-01
3.541152e-01 6.982387e-01
3.587890e-01 6.983008e-01
3.619001e-01 6.983377e-01
3.680928e-01 6.983803e-01
3.742551e-01 6.984344e-01
3.803864e-01 6.984864e-01
3.864860e-01 6.985370e-01
3.925534e-01 6.985870e-01
3.985880e-01 6.986372e-01
4.015886e-01 6.986753e-01
4.075728e-01 6.987139e-01
4.135228e-01 6.987665e-01
4.194382e-01 6.988202e-01
4.253185e-01 6.988749e-01
4.311633e-01 6.989302e-01
4.369722e-01 6.989855e-01
4.427448e-01 6.990404e-01
4.484807e-01 6.990944e-01
4.570198e-01 6.991597e-01
4.654652e-01 6.992340e-01
4.738350e-01 6.993030e-01
4.793639e-01 6.993561e-01
4.848544e-01 6.993955e-01
4.903063e-01 6.994323e-01
4.957193e-01 6.994666e-01
5.010932e-01 6.994983e-01
5.064280e-01 6.995277e-01
5.117235e-01 6.995548e-01
5.169795e-01 6.995799e-01
5.221960e-01 6.996030e-01
5.273729e-01 6.996243e-01
5.325100e-01 6.996439e-01
5.376073e-01 6.996620e-01
5.426648e-01 6.996787e-01
5.476823e-01 6.996941e-01
5.526599e-01 6.997083e-01
5.575976e-01 6.997215e-01
5.624953e-01 6.997336e-01
5.673530e-01 6.997449e-01
5.721708e-01 6.997554e-01
5.769486e-01 6.997652e-01
5.816864e-01 6.997744e-01
5.863844e-01 6.997830e-01
5.910426e-01 6.997911e-01
5.956610e-01 6.997987e-01
6.002396e-01 6.998060e-01
6.047786e-01 6.998130e-01
6.092781e-01 6.998197e-01
6.137380e-01 6.998261e-01
6.181586e-01 6.998324e-01
6.225399e-01 6.998384e-01
6.268820e-01 6.998443e-01
6.311850e-01 6.998500e-01
6.354491e-01 6.998555e-01
6.396743e-01 6.998609e-01
6.438609e-01 6.998662e-01
6.480088e-01 6.998713e-01
6.521184e-01 6.998763e-01
6.561897e-01 6.998812e-01
6.602229e-01 6.998859e-01
6.642181e-01 6.998904e-01
6.720952e-01 6.998970e-01
6.798225e-01 6.999052e-01
6.836119e-01 6.999110e-01
6.874012e-01 6.999147e-01
6.911171e-01 6.999182e-01
6.948330e-01 6.999216e-01
7.021192e-01 6.999265e-01
7.092614e-01 6.999326e-01
7.127613e-01 6.999368e-01
7.162613e-01 6.999395e-01
7.196908e-01 6.999420e-01
7.231204e-01 6.999445e-01
7.298405e-01 6.999480e-01
7.364232e-01 6.999523e-01
7.396467e-01 6.999554e-01
7.428703e-01 6.999573e-01
7.491836e-01 6.999600e-01
7.553648e-01 6.999633e-01
7.583902e-01 6.999657e-01
7.614157e-01 6.999672e-01
7.643770e-01 6.999686e-01
7.673382e-01 6.999699e-01
7.731342e-01 6.999718e-01
7.788054e-01 6.999742e-01
7.815795e-01 6.999759e-01
7.843537e-01 6.999769e-01
7.870673e-01 6.999779e-01
7.897810e-01 6.999789e-01
7.924351e-01 6.999798e-01
7.950892e-01 6.999806e-01
8.002802e-01 6.999819e-01
8.053558e-01 6.999834e-01
8.103179e-01 6.999848e-01
8.127432e-01 6.999858e-01
8.151685e-01 6.999864e-01
8.199093e-01 6.999873e-01
8.245424e-01 6.999884e-01
8.290695e-01 6.999894e-01
8.312810e-01 6.999901e-01
8.334925e-01 6.999905e-01
8.378134e-01 6.999911e-01
8.420339e-01 6.999919e-01
8.461559e-01 6.999926e-01
8.481685e-01 6.999930e-01
8.501812e-01 6.999933e-01
8.541117e-01 6.999938e-01
8.579491e-01 6.999943e-01
8.616953e-01 6.999948e-01
8.653521e-01 6.999952e-01
8.689212e-01 6.999957e-01
8.724045e-01 6.999960e-01
8.758035e-01 6.999964e-01
8.791201e-01 6.999967e-01
8.823560e-01 6.999970e-01
8.855128e-01 6.999972e-01
8.885922e-01 6.999975e-01
8.915960e-01 6.999977e-01
8.945256e-01 6.999979e-01
8.973827e-01 6.999981e-01
9.001689e-01 6.999982e-01
9.028857e-01 6.999984e-01
9.055347e-01 6.999985e-01
9.081175e-01 6.999987e-01
9.106353e-01 6.999988e-01
9.130899e-01 6.999989e-01
9.154825e-01 6.999990e-01
9.178145e-01 6.999991e-01
9.200875e-01 6.999991e-01
9.223027e-01 6.999992e-01
9.244614e-01 6.999993e-01
9.265650e-01 6.999994e-01
9.286148e-01 6.999994e-01
9.306120e-01 6.999995e-01
9.325578e-01 6.999995e-01
9.344534e-01 6.999996e-01
9.363001e-01 6.999996e-01
9.380990e-01 6.999996e-01
9.398512e-01 6.999997e-01
9.415578e-01 6.999997e-01
9.432199e-01 6.999997e-01
9.448385e-01 6.999997e-01
9.464148e-01 6.999998e-01
9.479497e-01 6.999998e-01
9.494442e-01 6.999998e-01
9.508992e-01 6.999998e-01
9.523158e-01 6.999998e-01
9.536948e-01 6.999999e-01
9.550372e-01 6.999999e-01
9.563437e-01 6.999999e-01
9.576154e-01 6.999999e-01
9.588530e-01 6.999999e-01
9.600574e-01 6.999999e-01
9.612292e-01 6.999999e-01
9.623695e-01 6.999999e-01
9.634788e-01 6.999999e-01
9.645579e-01 6.999999e-01
9.656076e-01 6.999999e-01
9.666286e-01 6.999999e-01
9.676215e-01 7.000000e-01
9.685871e-01 7.000000e-01
9.695260e-01 7.000000e-01
9.704389e-01 7.000000e-01
9.713264e-01 7.000000e-01
9.721891e-01 7.000000e-01
9.730276e-01 7.000000e-01
9.738425e-01 7.000000e-01
9.746345e-01 7.000000e-01
9.754040e-01 7.000000e-01
9.761517e-01 7.000000e-01
9.768781e-01 7.000000e-01
9.775837e-01 7.000000e-01
9.782692e-01 7.000000e-01
9.789349e-01 7.000000e-01
9.795814e-01 7.000000e-01
9.802092e-01 7.000000e-01
9.808188e-01 7.000000e-01
9.814107e-01 7.000000e-01
9.819852e-01 7.000000e-01
9.825430e-01 7.000000e-01
9.830844e-01 7.000000e-01
9.836099e-01 7.000000e-01
9.841199e-01 7.000000e-01
9.846148e-01 7.000000e-01
9.850950e-01 7.000000e-01
9.855609e-01 7.000000e-01
9.860129e-01 7.000000e-01
9.864515e-01 7.000000e-01
9.868769e-01 7.000000e-01
9.872895e-01 7.000000e-01
9.876897e-01 7.000000e-01
9.880778e-01 7.000000e-01
9.884543e-01 7.000000e-01
9.888193e-01 7.000000e-01
9.891732e-01 7.000000e-01
9.895164e-01 7.000000e-01
9.898491e-01 7.000000e-01
9.901717e-01 7.000000e-01
9.904844e-01 7.000000e-01
9.907876e-01 7.000000e-01
9.910814e-01 7.000000e-01
9.913663e-01 7.000000e-01
9.916423e-01 7.000000e-01
9.919099e-01 7.000000e-01
9.921692e-01 7.000000e-01
9.924205e-01 7.000000e-01
9.926640e-01 7.000000e-01
9.929000e-01 7.000000e-01
9.931286e-01 7.000000e-01
9.933502e-01 7.000000e-01
9.935648e-01 7.000000e-01
9.937728e-01 7.000000e-01
9.939743e-01 7.000000e-01
9.941695e-01 7.000000e-01
9.943586e-01 7.000000e-01
9.945417e-01 7.000000e-01
9.947192e-01 7.000000e-01
9.948910e-01 7.000000e-01
9.950575e-01 7.000000e-01
9.952187e-01 7.000000e-01
9.953749e-01 7.000000e-01
9.955261e-01 7.000000e-01
9.956726e-01 7.000000e-01
9.958144e-01 7.000000e-01
9.959517e-01 7.000000e-01
9.960847e-01 7.000000e-01
9.962135e-01 7.000000e-01
9.963382e-01 7.000000e-01
9.964589e-01 7.000000e-01
9.965758e-01 7.000000e-01
9.966890e-01 7.000000e-01
9.967985e-01 7.000000e-01
9.969046e-01 7.000000e-01
9.970073e-01 7.000000e-01
9.971066e-01 7.000000e-01
9.972028e-01 7.000000e-01
9.972959e-01 7.000000e-01
9.973861e-01 7.000000e-01
9.974733e-01 7.000000e-01
9.975577e-01 7.000000e-01
9.976394e-01 7.000000e-01
9.977185e-01 7.000000e-01
9.977950e-01 7.000000e-01
9.978690e-01 7.000000e-01
9.979406e-01 7.000000e-01
9.980099e-01 7.000000e-01
9.980770e-01 7.000000e-01
9.981419e-01 7.000000e-01
9.982047e-01 7.000000e-01
9.982654e-01 7.000000e-01
9.983242e-01 7.000000e-01
9.983810e-01 7.000000e-01
9.984360e-01 7.000000e-01
9.984892e-01 7.000000e-01
9.985407e-01 7.000000e-01
9.985904e-01 7.000000e-01
9.986386e-01 7.000000e-01
9.986851e-01 7.000000e-01
9.987302e-01 7.000000e-01
9.987737e-01 7.000000e-01
9.988159e-01 7.000000e-01
9.988566e-01 7.000000e-01
9.988960e-01 7.000000e-01
9.989341e-01 7.000000e-01
9.989710e-01 7.000000e-01
9.990066e-01 7.000000e-01
9.990411e-01 7.000000e-01
9.990744e-01 7.000000e-01
9.991066e-01 7.000000e-01
9.991378e-01 7.000000e-01
9.991679e-01 7.000000e-01
9.991970e-01 7.000000e-01
9.992252e-01 7.000000e-01
9.992524e-01 7.000000e-01
9.992787e-01 7.000000e-01
9.993042e-01 7.000000e-01
9.993288e-01 7.000000e-01
9.993526e-01 7.000000e-01
9.993756e-01 7.000000e-01
9.993978e-01 7.000000e-01
9.994193e-01 7.000000e-01
9.994400e-01 7.000000e-01
9.994601e-01 7.000000e-01
9.994795e-01 7.000000e-01
9.994983e-01 7.000000e-01
9.995164e-01 7.000000e-01
9.995339e-01 7.000000e-01
9.995509e-01 7.000000e-01
9.995672e-01 7.000000e-01
9.995831e-01 7.000000e-01
9.995983e-01 7.000000e-01
9.996131e-01 7.000000e-01
9.996274e-01 7.000000e-01
9.996412e-01 7.000000e-01
9.996545e-01 7.000000e-01
9.996674e-01 7.000000e-01
9.996799e-01 7.000000e-01
9.996919e-01 7.000000e-01
9.997035e-01 7.000000e-01
9.997148e-01 7.000000e-01
9.997256e-01 7.000000e-01
9.997361e-01 7.000000e-01
9.997463e-01 7.000000e-01
9.997561e-01 7.000000e-01
9.997655e-01 7.000000e-01
9.997747e-01 7.000000e-01
9.997835e-01 7.000000e-01
9.997920e-01 7.000000e-01
9.998003e-01 7.000000e-01
9.998082e-01 7.000000e-01
9.998159e-01 7.000000e-01
9.998234e-01 7.000000e-01
9.998305e-01 7.000000e-01
9.998375e-01 7.000000e-01
9.998442e-01 7.000000e-01
9.998506e-01 7.000000e-01
9.998569e-01 7.000000e-01
9.998629e-01 7.000000e-01
9.998688e-01 7.000000e-01
9.998744e-01 7.000000e-01
9.998798e-01 7.000000e-01
9.998851e-01 7.000000e-01
9.998902e-01 7.000000e-01
9.998951e-01 7.000000e-01
9.998998e-01 7.000000e-01
9.999044e-01 7.000000e-01
