Mr  xH
7.813021e-08 3.179864e-07
1.562604e-07 3.185427e-07
3.125209e-07 3.192061e-07
6.250417e-07 3.202620e-07
1.250083e-06 3.219450e-07
2.500167e-06 3.246340e-07
5.000334e-06 3.289465e-07
1.000067e-05 3.359048e-07
1.719914e-05 3.450956e-07
2.439761e-05 3.543843e-07
3.879455e-05 3.671566e-07
6.758843e-05 3.900706e-07
1.251762e-04 4.312065e-07
2.403517e-04 5.071985e-07
4.707027e-04 6.569458e-07
8.530151e-04 9.430497e-07
1.284251e-03 1.398247e-06
2.315213e-03 2.521098e-06
2.914939e-03 4.280524e-06
3.343588e-03 5.793383e-06
3.772238e-03 7.356407e-06
4.200887e-03 9.227504e-06
4.629536e-03 1.145520e-05
5.286926e-03 1.487579e-05
5.615621e-03 1.862727e-05
5.944316e-03 2.154843e-05
6.754904e-03 2.746463e-05
7.160197e-03 3.518005e-05
7.565491e-03 4.128734e-05
8.376078e-03 5.200004e-05
8.781372e-03 6.488798e-05
9.186666e-03 7.504982e-05
9.954718e-03 9.216719e-05
1.033874e-02 1.117786e-04
1.072277e-02 1.267775e-04
1.129881e-02 1.477874e-04
1.187485e-02 1.768939e-04
1.245089e-02 2.105433e-04
1.302693e-02 2.497325e-04
1.417901e-02 3.197614e-04
1.475505e-02 4.053778e-04
1.533109e-02 4.728049e-04
1.605660e-02 5.600681e-04
1.678212e-02 6.731144e-04
1.750764e-02 8.036434e-04
1.823316e-02 9.585229e-04
1.881279e-02 1.118215e-03
1.939242e-02 1.278914e-03
1.997205e-02 1.457688e-03
2.055168e-02 1.658028e-03
2.171093e-02 1.997804e-03
2.229056e-02 2.395079e-03
2.287019e-02 2.696163e-03
2.364303e-02 3.085560e-03
2.441587e-02 3.587787e-03
2.526544e-02 4.180030e-03
2.611501e-02 4.895399e-03
2.675218e-02 5.589738e-03
2.738936e-02 6.252350e-03
2.802653e-02 6.974704e-03
2.866371e-02 7.768254e-03
2.951328e-02 8.785706e-03
3.036284e-02 1.006695e-02
3.138154e-02 1.160950e-02
3.189089e-02 1.302317e-02
3.240024e-02 1.404326e-02
3.358807e-02 1.583495e-02
3.418199e-02 1.791194e-02
3.477591e-02 1.941328e-02
3.536982e-02 2.101138e-02
3.596374e-02 2.269682e-02
3.689170e-02 2.496126e-02
3.781966e-02 2.794041e-02
3.874762e-02 3.110228e-02
3.921161e-02 3.364132e-02
3.967559e-02 3.541895e-02
4.060355e-02 3.813060e-02
4.153151e-02 4.198206e-02
4.338744e-02 4.809611e-02
4.531954e-02 5.705507e-02
4.725164e-02 6.684045e-02
4.953918e-02 7.818534e-02
5.153811e-02 9.023164e-02
5.353705e-02 1.016894e-01
5.653544e-02 1.160822e-01
5.859447e-02 1.305100e-01
6.013873e-02 1.406432e-01
6.168300e-02 1.492699e-01
6.271251e-02 1.563454e-01
6.375858e-02 1.619537e-01
6.480466e-02 1.675043e-01
6.638205e-02 1.743982e-01
6.717074e-02 1.805055e-01
6.795944e-02 1.845135e-01
6.875641e-02 1.885753e-01
6.955339e-02 1.925483e-01
7.035036e-02 1.964328e-01
7.114734e-02 2.002901e-01
7.240078e-02 2.052242e-01
7.365423e-02 2.111275e-01
7.616112e-02 2.197897e-01
7.904963e-02 2.317911e-01
8.491254e-02 2.503928e-01
9.085434e-02 2.738253e-01
9.686856e-02 2.958481e-01
9.990884e-02 3.115247e-01
1.029491e-01 3.215860e-01
1.060197e-01 3.313276e-01
1.090904e-01 3.408127e-01
1.152870e-01 3.544985e-01
1.215341e-01 3.719042e-01
1.278269e-01 3.883749e-01
1.341610e-01 4.039790e-01
1.405323e-01 4.187778e-01
1.469368e-01 4.328271e-01
1.501469e-01 4.428483e-01
1.565948e-01 4.525948e-01
1.630670e-01 4.649748e-01
1.695603e-01 4.767537e-01
1.760715e-01 4.879636e-01
1.825978e-01 4.986333e-01
1.891364e-01 5.087890e-01
1.956845e-01 5.184552e-01
1.989621e-01 5.253719e-01
2.055197e-01 5.320858e-01
2.087997e-01 5.385061e-01
2.153620e-01 5.447346e-01
2.219246e-01 5.526552e-01
2.284853e-01 5.601866e-01
2.350423e-01 5.673464e-01
2.383179e-01 5.724664e-01
2.448653e-01 5.774238e-01
2.514044e-01 5.837252e-01
2.546716e-01 5.882313e-01
2.611951e-01 5.925910e-01
2.677063e-01 5.981318e-01
2.709549e-01 6.020936e-01
2.774443e-01 6.059257e-01
2.806853e-01 6.095967e-01
2.871503e-01 6.131472e-01
2.935974e-01 6.176624e-01
2.968113e-01 6.208922e-01
3.032288e-01 6.240138e-01
3.096253e-01 6.279835e-01
3.128182e-01 6.308226e-01
3.191812e-01 6.335632e-01
3.255205e-01 6.370434e-01
3.286779e-01 6.395287e-01
3.349797e-01 6.419249e-01
3.412554e-01 6.449677e-01
3.443867e-01 6.471410e-01
3.506218e-01 6.492345e-01
3.568288e-01 6.518902e-01
3.599178e-01 6.537851e-01
3.660809e-01 6.556095e-01
3.722140e-01 6.579253e-01
3.752730e-01 6.595791e-01
3.813599e-01 6.611706e-01
3.874151e-01 6.631892e-01
3.934380e-01 6.650997e-01
3.994281e-01 6.669075e-01
4.053849e-01 6.686189e-01
4.113077e-01 6.702382e-01
4.171962e-01 6.717701e-01
4.230499e-01 6.732200e-01
4.288683e-01 6.745916e-01
4.346511e-01 6.758890e-01
4.403979e-01 6.771167e-01
4.461083e-01 6.782776e-01
4.517819e-01 6.793752e-01
4.546003e-01 6.801583e-01
4.602183e-01 6.809101e-01
4.657988e-01 6.818640e-01
4.685797e-01 6.825451e-01
4.741037e-01 6.831986e-01
4.795895e-01 6.840266e-01
4.850371e-01 6.848086e-01
4.904462e-01 6.855465e-01
4.958167e-01 6.862438e-01
5.011483e-01 6.869012e-01
5.037947e-01 6.873691e-01
5.090678e-01 6.878170e-01
5.116946e-01 6.882459e-01
5.169089e-01 6.886561e-01
5.220839e-01 6.891744e-01
5.272195e-01 6.896615e-01
5.323157e-01 6.901199e-01
5.348440e-01 6.904451e-01
5.373722e-01 6.906535e-01
5.423892e-01 6.909539e-01
5.473666e-01 6.913322e-01
5.498354e-01 6.915998e-01
5.547532e-01 6.918542e-01
5.572022e-01 6.920971e-01
5.620605e-01 6.923280e-01
5.668791e-01 6.926187e-01
5.692686e-01 6.928249e-01
5.716580e-01 6.929574e-01
5.763973e-01 6.931488e-01
5.787471e-01 6.933331e-01
5.810970e-01 6.934521e-01
5.857571e-01 6.936258e-01
5.903776e-01 6.938498e-01
5.926682e-01 6.940133e-01
5.949587e-01 6.941206e-01
5.972296e-01 6.942268e-01
5.995005e-01 6.943320e-01
6.040029e-01 6.944884e-01
6.084661e-01 6.946949e-01
6.106781e-01 6.948485e-01
6.128901e-01 6.949503e-01
6.150826e-01 6.950517e-01
6.172751e-01 6.951526e-01
6.216211e-01 6.953028e-01
6.259284e-01 6.955010e-01
6.280626e-01 6.956477e-01
6.301969e-01 6.957443e-01
6.344268e-01 6.958872e-01
6.386183e-01 6.960740e-01
6.427715e-01 6.962558e-01
6.468864e-01 6.964321e-01
6.509634e-01 6.966024e-01
6.550025e-01 6.967667e-01
6.589850e-01 6.969250e-01
6.629676e-01 6.970766e-01
6.668754e-01 6.972211e-01
6.707831e-01 6.973601e-01
6.746168e-01 6.974916e-01
6.784504e-01 6.976179e-01
6.822107e-01 6.977382e-01
6.859710e-01 6.978527e-01
6.933462e-01 6.980144e-01
6.969620e-01 6.981643e-01
7.005778e-01 6.982583e-01
7.041224e-01 6.983465e-01
7.076671e-01 6.984310e-01
7.146160e-01 6.985499e-01
7.214261e-01 6.986946e-01
7.247626e-01 6.987938e-01
7.280990e-01 6.988556e-01
7.346367e-01 6.989423e-01
7.410407e-01 6.990481e-01
7.441769e-01 6.991207e-01
7.473130e-01 6.991659e-01
7.534554e-01 6.992290e-01
7.564625e-01 6.992877e-01
7.594697e-01 6.993244e-01
7.653577e-01 6.993756e-01
7.711215e-01 6.994381e-01
7.767627e-01 6.994944e-01
7.822835e-01 6.995450e-01
7.849845e-01 6.995798e-01
7.876855e-01 6.996014e-01
7.903282e-01 6.996219e-01
7.929708e-01 6.996414e-01
7.981413e-01 6.996686e-01
8.031988e-01 6.997019e-01
8.081453e-01 6.997318e-01
8.129827e-01 6.997587e-01
8.153478e-01 6.997772e-01
8.177128e-01 6.997887e-01
8.223376e-01 6.998048e-01
8.268588e-01 6.998244e-01
8.312785e-01 6.998421e-01
8.355983e-01 6.998580e-01
8.377093e-01 6.998689e-01
8.398202e-01 6.998757e-01
8.418831e-01 6.998821e-01
8.439460e-01 6.998882e-01
8.479775e-01 6.998967e-01
8.519164e-01 6.999072e-01
8.557645e-01 6.999165e-01
8.595236e-01 6.999250e-01
8.613596e-01 6.999307e-01
8.631955e-01 6.999343e-01
8.667817e-01 6.999394e-01
8.702840e-01 6.999455e-01
8.737040e-01 6.999510e-01
8.770435e-01 6.999560e-01
8.794961e-01 6.999599e-01
8.834870e-01 6.999640e-01
8.865942e-01 6.999681e-01
8.881106e-01 6.999706e-01
8.896271e-01 6.999721e-01
8.925873e-01 6.999742e-01
8.954761e-01 6.999769e-01
8.982952e-01 6.999792e-01
9.010460e-01 6.999813e-01
9.023879e-01 6.999828e-01
9.037298e-01 6.999837e-01
9.063481e-01 6.999850e-01
9.089023e-01 6.999865e-01
9.113937e-01 6.999879e-01
9.138236e-01 6.999891e-01
9.161934e-01 6.999903e-01
9.185042e-01 6.999913e-01
9.207575e-01 6.999922e-01
9.229544e-01 6.999930e-01
9.250961e-01 6.999937e-01
9.271839e-01 6.999944e-01
9.292188e-01 6.999949e-01
9.312021e-01 6.999955e-01
9.331348e-01 6.999959e-01
9.350181e-01 6.999964e-01
9.368531e-01 6.999968e-01
9.386408e-01 6.999971e-01
9.403822e-01 6.999974e-01
9.420785e-01 6.999977e-01
9.437305e-01 6.999979e-01
9.453393e-01 6.999981e-01
9.469060e-01 6.999983e-01
9.484313e-01 6.999985e-01
9.499163e-01 6.999987e-01
9.517172e-01 6.999988e-01
9.527583e-01 6.999990e-01
9.537995e-01 6.999990e-01
9.551413e-01 6.999991e-01
9.564469e-01 6.999992e-01
9.577174e-01 6.999993e-01
9.589534e-01 6.999994e-01
9.601558e-01 6.999995e-01
9.613253e-01 6.999995e-01
9.624629e-01 6.999996e-01
9.635692e-01 6.999996e-01
9.646450e-01 6.999997e-01
9.656911e-01 6.999997e-01
9.667081e-01 6.999997e-01
9.676969e-01 6.999998e-01
9.686580e-01 6.999998e-01
9.695923e-01 6.999998e-01
9.705003e-01 6.999998e-01
9.713827e-01 6.999999e-01
9.722402e-01 6.999999e-01
9.730735e-01 7.000000e-01
9.738830e-01 7.000000e-01
9.746695e-01 7.000000e-01
9.754336e-01 7.000000e-01
9.761757e-01 7.000000e-01
9.768966e-01 7.000000e-01
9.775967e-01 7.000000e-01
9.782766e-01 7.000000e-01
9.789369e-01 7.000000e-01
9.795780e-01 7.000000e-01
9.802005e-01 7.000000e-01
9.808049e-01 7.000000e-01
9.813917e-01 7.000000e-01
9.819612e-01 7.000000e-01
9.825141e-01 7.000000e-01
9.830508e-01 7.000000e-01
9.835717e-01 7.000000e-01
9.840772e-01 7.000000e-01
9.845678e-01 7.000000e-01
9.850439e-01 7.000000e-01
9.855059e-01 7.000000e-01
9.859541e-01 7.000000e-01
9.863890e-01 7.000000e-01
9.868110e-01 7.000000e-01
9.872204e-01 7.000000e-01
9.876175e-01 7.000000e-01
9.880027e-01 7.000000e-01
9.883764e-01 7.000000e-01
9.887388e-01 7.000000e-01
9.890904e-01 7.000000e-01
9.894313e-01 7.000000e-01
9.897620e-01 7.000000e-01
9.900826e-01 7.000000e-01
9.903936e-01 7.000000e-01
9.906951e-01 7.000000e-01
9.909875e-01 7.000000e-01
9.912709e-01 7.000000e-01
9.915458e-01 7.000000e-01
9.918123e-01 7.000000e-01
9.920706e-01 7.000000e-01
9.923210e-01 7.000000e-01
9.925638e-01 7.000000e-01
9.927991e-01 7.000000e-01
9.930272e-01 7.000000e-01
9.932483e-01 7.000000e-01
9.934626e-01 7.000000e-01
9.936703e-01 7.000000e-01
9.938716e-01 7.000000e-01
9.940666e-01 7.000000e-01
9.942557e-01 7.000000e-01
9.944388e-01 7.000000e-01
9.946163e-01 7.000000e-01
9.947883e-01 7.000000e-01
9.949550e-01 7.000000e-01
9.951164e-01 7.000000e-01
9.952729e-01 7.000000e-01
9.954244e-01 7.000000e-01
9.955712e-01 7.000000e-01
9.957134e-01 7.000000e-01
9.958512e-01 7.000000e-01
9.959847e-01 7.000000e-01
9.961140e-01 7.000000e-01
9.962392e-01 7.000000e-01
9.963604e-01 7.000000e-01
9.964779e-01 7.000000e-01
9.965917e-01 7.000000e-01
9.967018e-01 7.000000e-01
9.968085e-01 7.000000e-01
9.969119e-01 7.000000e-01
9.970119e-01 7.000000e-01
9.971088e-01 7.000000e-01
9.972026e-01 7.000000e-01
9.972935e-01 7.000000e-01
9.973814e-01 7.000000e-01
9.974666e-01 7.000000e-01
9.975490e-01 7.000000e-01
9.976288e-01 7.000000e-01
9.977061e-01 7.000000e-01
9.977809e-01 7.000000e-01
9.978534e-01 7.000000e-01
9.979235e-01 7.000000e-01
9.979913e-01 7.000000e-01
9.980570e-01 7.000000e-01
9.981206e-01 7.000000e-01
9.981822e-01 7.000000e-01
9.982417e-01 7.000000e-01
9.982994e-01 7.000000e-01
9.983552e-01 7.000000e-01
9.984092e-01 7.000000e-01
9.984615e-01 7.000000e-01
9.985120e-01 7.000000e-01
9.985610e-01 7.000000e-01
9.986084e-01 7.000000e-01
9.986542e-01 7.000000e-01
9.986986e-01 7.000000e-01
9.987415e-01 7.000000e-01
9.987830e-01 7.000000e-01
9.988232e-01 7.000000e-01
9.988621e-01 7.000000e-01
9.988997e-01 7.000000e-01
9.989361e-01 7.000000e-01
9.989713e-01 7.000000e-01
9.990054e-01 7.000000e-01
9.990384e-01 7.000000e-01
9.990703e-01 7.000000e-01
9.991011e-01 7.000000e-01
9.991310e-01 7.000000e-01
9.991598e-01 7.000000e-01
9.991878e-01 7.000000e-01
9.992148e-01 7.000000e-01
9.992409e-01 7.000000e-01
9.992662e-01 7.000000e-01
9.992907e-01 7.000000e-01
9.993143e-01 7.000000e-01
9.993372e-01 7.000000e-01
9.993593e-01 7.000000e-01
9.993807e-01 7.000000e-01
9.994014e-01 7.000000e-01
9.994215e-01 7.000000e-01
9.994408e-01 7.000000e-01
9.994595e-01 7.000000e-01
9.994777e-01 7.000000e-01
9.994952e-01 7.000000e-01
9.995121e-01 7.000000e-01
9.995285e-01 7.000000e-01
9.995443e-01 7.000000e-01
9.995596e-01 7.000000e-01
9.995745e-01 7.000000e-01
9.995888e-01 7.000000e-01
9.996026e-01 7.000000e-01
9.996160e-01 7.000000e-01
9.996290e-01 7.000000e-01
9.996415e-01 7.000000e-01
9.996536e-01 7.000000e-01
9.996653e-01 7.000000e-01
9.996766e-01 7.000000e-01
9.996876e-01 7.000000e-01
9.996981e-01 7.000000e-01
9.997084e-01 7.000000e-01
9.997183e-01 7.000000e-01
9.997278e-01 7.000000e-01
9.997371e-01 7.000000e-01
9.997460e-01 7.000000e-01
9.997546e-01 7.000000e-01
9.997630e-01 7.000000e-01
9.997711e-01 7.000000e-01
9.997789e-01 7.000000e-01
9.997864e-01 7.000000e-01
9.997937e-01 7.000000e-01
9.998007e-01 7.000000e-01
9.998076e-01 7.000000e-01
9.998141e-01 7.000000e-01
9.998205e-01 7.000000e-01
9.998267e-01 7.000000e-01
9.998326e-01 7.000000e-01
9.998384e-01 7.000000e-01
9.998439e-01 7.000000e-01
9.998493e-01 7.000000e-01
9.998545e-01 7.000000e-01
9.998595e-01 7.000000e-01
9.998643e-01 7.000000e-01
9.998690e-01 7.000000e-01
9.998736e-01 7.000000e-01
9.998779e-01 7.000000e-01
9.998822e-01 7.000000e-01
9.998863e-01 7.000000e-01
9.998902e-01 7.000000e-01
9.998940e-01 7.000000e-01
9.998977e-01 7.000000e-01
9.999013e-01 7.000000e-01
