#
# SN1993J, Type IIb supernova
#
# Source: Open Supernova Catalog (https://sne.space/)
#
# Time is in days since maximum
# MV is absolute V magnitude with error err MV
#
Time      MV      errMV
   0.000  -16.545 0.040
   0.200  -16.605 0.040
   0.890  -16.595 0.040
   1.000  -16.545 0.040
   1.060  -16.535 0.040
   1.160  -16.495 0.040
   1.200  -16.495 0.040
   1.200  -16.475 0.040
   1.980  -16.275 0.040
   1.980  -16.255 0.040
   2.500  -16.085 0.040
   2.900  -15.995 0.040
   3.080  -15.935 0.040
   3.200  -15.915 0.040
   3.510  -15.815 0.040
   3.990  -15.695 0.040
   3.990  -15.675 0.040
   4.160  -15.655 0.040
   4.160  -15.645 0.040
   4.200  -15.625 0.040
   4.200  -15.615 0.040
   4.530  -15.535 0.040
   4.900  -15.505 0.040
   5.090  -15.485 0.040
   5.090  -15.435 0.040
   5.950  -15.395 0.040
   6.080  -15.385 0.040
   6.080  -15.375 0.040
   6.170  -15.425 0.040
   6.190  -15.395 0.040
   6.240  -15.395 0.040
   6.270  -15.385 0.040
   6.310  -15.395 0.040
   6.330  -15.415 0.040
   6.340  -15.415 0.040
   6.350  -15.435 0.040
   6.540  -15.445 0.040
   6.910  -15.455 0.040
   6.910  -15.435 0.040
   6.970  -15.415 0.040
   7.000  -15.455 0.040
   7.020  -15.435 0.040
   7.100  -15.455 0.040
   7.100  -15.445 0.040
   7.100  -15.435 0.040
   7.200  -15.465 0.040
   7.200  -15.455 0.040
   7.590  -15.515 0.040
   7.990  -15.495 0.040
   8.070  -15.555 0.040
   8.100  -15.545 0.040
   8.220  -15.565 0.040
   8.220  -15.545 0.040
   8.300  -15.575 0.040
   8.670  -15.645 0.040
   9.000  -15.665 0.040
   9.020  -15.655 0.040
   9.080  -15.665 0.040
   9.080  -15.655 0.040
   9.100  -15.665 0.040
   9.100  -15.655 0.040
   9.190  -15.675 0.040
   9.220  -15.655 0.040
   9.240  -15.665 0.040
   9.240  -15.635 0.040
   9.320  -15.685 0.040
   9.620  -15.735 0.040
   9.980  -15.795 0.040
   9.980  -15.775 0.040
  10.100  -15.805 0.040
  11.070  -15.905 0.040
  11.160  -15.935 0.040
  11.160  -15.905 0.040
  11.180  -15.925 0.040
  11.230  -15.985 0.040
  11.230  -15.925 0.040
  11.400  -16.045 0.040
  11.530  -15.985 0.040
  11.890  -16.015 0.040
  11.890  -16.005 0.040
  11.900  -15.985 0.040
  11.900  -15.985 0.040
  11.900  -15.905 0.040
  11.900  -15.905 0.040
  11.930  -16.005 0.040
  11.930  -15.985 0.040
  12.010  -16.015 0.040
  12.060  -15.975 0.040
  12.210  -16.065 0.040
  12.210  -16.025 0.040
  12.270  -16.045 0.040
  12.930  -16.125 0.040
  12.930  -16.115 0.040
  13.200  -16.155 0.040
  13.640  -16.175 0.040
  13.870  -16.195 0.040
  14.000  -16.215 0.040
  14.000  -16.205 0.040
  14.200  -16.265 0.040
  14.200  -16.245 0.040
  14.300  -16.255 0.040
  14.880  -16.285 0.040
  15.040  -16.295 0.040
  15.120  -16.295 0.040
  15.170  -16.315 0.040
  15.200  -16.335 0.040
  15.200  -16.325 0.040
  15.300  -16.315 0.040
  15.550  -16.325 0.040
  15.880  -16.355 0.040
  15.880  -16.345 0.040
  15.980  -16.365 0.040
  15.980  -16.355 0.040
  16.150  -16.385 0.040
  16.460  -16.365 0.040
  16.880  -16.445 0.040
  16.880  -16.445 0.040
  16.880  -16.435 0.040
  16.880  -16.435 0.040
  16.880  -16.405 0.040
  16.880  -16.395 0.040
  17.050  -16.395 0.040
  17.190  -16.405 0.040
  17.200  -16.465 0.040
  17.200  -16.405 0.040
  17.300  -16.405 0.040
  17.480  -16.415 0.040
  17.890  -16.435 0.040
  17.890  -16.425 0.040
  17.970  -16.445 0.040
  17.970  -16.445 0.040
  18.000  -16.445 0.040
  18.000  -16.435 0.040
  18.190  -16.455 0.040
  18.200  -16.475 0.040
  18.200  -16.405 0.040
  18.470  -16.435 0.040
  18.930  -16.395 0.040
  19.000  -16.545 0.040
  19.070  -16.455 0.040
  19.150  -16.455 0.040
  19.200  -16.445 0.040
  19.240  -16.485 0.040
  19.300  -16.445 0.040
  19.480  -16.435 0.040
  19.900  -16.385 0.040
  19.900  -16.385 0.040
  20.000  -16.545 0.040
  20.040  -16.435 0.040
  20.100  -16.425 0.040
  20.150  -16.455 0.040
  20.150  -16.435 0.040
  20.200  -16.475 0.040
  20.200  -16.465 0.040
  20.450  -16.425 0.040
  20.870  -16.425 0.040
  20.870  -16.425 0.040
  20.870  -16.415 0.040
  20.870  -16.415 0.040
  20.900  -16.445 0.040
  20.900  -16.445 0.040
  21.100  -16.415 0.040
  21.150  -16.435 0.040
  21.200  -16.395 0.040
  21.300  -16.435 0.040
  21.440  -16.385 0.040
  22.080  -16.355 0.040
  22.100  -16.375 0.040
  22.130  -16.365 0.040
  22.280  -16.385 0.040
  22.830  -16.315 0.040
  22.830  -16.315 0.040
  22.830  -16.285 0.040
  22.830  -16.285 0.040
  22.960  -16.305 0.040
  22.960  -16.295 0.040
  23.150  -16.295 0.040
  23.200  -16.305 0.040
  23.200  -16.295 0.040
  23.830  -16.245 0.040
  23.830  -16.245 0.040
  23.830  -16.225 0.040
  23.830  -16.225 0.040
  24.200  -16.205 0.040
  24.250  -16.175 0.040
  24.300  -16.195 0.040
  24.910  -16.135 0.040
  24.910  -16.115 0.040
  24.960  -16.135 0.040
  24.960  -16.135 0.040
  24.960  -16.125 0.040
  24.960  -16.125 0.040
  25.030  -16.135 0.040
  25.090  -16.105 0.040
  25.100  -16.095 0.040
  25.120  -16.105 0.040
  25.150  -16.115 0.040
  25.200  -16.105 0.040
  25.890  -16.055 0.040
  26.170  -15.985 0.040
  26.200  -16.015 0.040
  26.910  -15.965 0.040
  26.910  -15.945 0.040
  26.910  -15.935 0.040
  27.100  -15.935 0.040
  27.250  -15.905 0.040
  27.810  -15.865 0.040
  27.810  -15.865 0.040
  28.200  -15.825 0.040
  28.300  -15.825 0.040
  28.830  -15.785 0.040
  28.830  -15.785 0.040
  28.910  -15.785 0.040
  28.910  -15.775 0.040
  29.070  -15.765 0.040
  29.100  -15.715 0.040
  29.150  -15.765 0.040
  29.200  -15.765 0.040
  29.200  -15.705 0.040
  29.300  -15.745 0.040
  29.870  -15.685 0.040
  29.870  -15.665 0.040
  30.200  -15.675 0.040
  30.300  -15.665 0.040
  30.900  -15.615 0.040
  31.300  -15.615 0.040
  31.490  -15.605 0.040
  31.880  -15.575 0.040
  31.880  -15.555 0.040
  32.200  -15.565 0.040
  32.200  -15.555 0.040
  33.200  -15.495 0.040
  33.200  -15.465 0.040
  34.200  -15.465 0.040
  34.200  -15.405 0.040
  35.300  -15.375 0.040
  36.200  -15.335 0.040
  36.890  -15.295 0.040
  36.890  -15.285 0.040
  38.200  -15.275 0.040
  39.200  -15.205 0.040
  40.200  -15.175 0.040
  40.300  -15.195 0.040
  41.300  -15.155 0.040
  42.200  -15.095 0.040
  45.300  -15.045 0.040
  45.300  -15.025 0.040
  45.900  -15.035 0.040
  46.300  -15.035 0.040
  46.300  -15.005 0.040
  46.900  -14.985 0.040
  46.900  -14.975 0.040
  47.200  -14.985 0.040
  47.300  -15.015 0.040
  47.880  -14.975 0.040
  47.880  -14.965 0.040
  48.300  -14.995 0.040
  49.990  -14.915 0.040
  50.200  -14.925 0.040
  50.300  -14.935 0.040
  52.300  -14.895 0.040
  53.300  -14.855 0.040
  53.300  -14.845 0.040
  53.880  -14.845 0.040
  53.880  -14.835 0.040
  54.300  -14.865 0.040
  54.300  -14.845 0.040
  55.910  -14.815 0.040
  55.910  -14.805 0.040
  56.880  -14.805 0.040
  56.880  -14.785 0.040
  59.200  -14.735 0.040
  60.300  -14.755 0.040
  65.300  -14.685 0.040
  65.300  -14.645 0.040
  70.200  -14.565 0.040
  71.200  -14.545 0.040
  71.300  -14.535 0.040
  73.300  -14.545 0.040
  74.200  -14.495 0.040
  75.200  -14.485 0.040
  76.300  -14.465 0.040
  78.300  -14.435 0.040
  80.300  -14.395 0.040
  80.880  -14.345 0.040
  80.880  -14.345 0.040
  81.300  -14.385 0.040
  81.900  -14.335 0.040
  82.300  -14.365 0.040
  82.940  -14.315 0.040
  83.200  -14.345 0.040
  83.920  -14.305 0.040
  84.300  -14.345 0.040
  85.200  -14.315 0.040
  85.920  -14.265 0.040
  86.200  -14.275 0.040
  87.200  -14.275 0.040
  88.200  -14.265 0.040
  89.200  -14.255 0.040
  89.200  -14.205 0.040
  90.200  -14.235 0.040
  91.200  -14.205 0.040
  91.200  -14.195 0.040
  92.200  -14.185 0.040
  93.200  -14.155 0.040
  93.200  -14.145 0.040
  94.200  -14.155 0.040
  95.200  -14.165 0.040
  95.200  -14.125 0.040
  96.200  -14.125 0.040
  97.200  -14.085 0.040
  97.200  -14.035 0.040
  98.200  -14.075 0.040
 103.200  -13.995 0.040
 103.200  -13.965 0.040
 104.200  -13.925 0.040
 105.200  -13.935 0.040
 106.200  -13.905 0.040
 106.200  -13.895 0.040
 107.200  -13.895 0.040
 107.940  -13.855 0.040
 108.200  -13.885 0.040
 108.200  -13.855 0.040
 109.200  -13.865 0.040
 110.200  -13.855 0.040
 111.200  -13.795 0.040
 112.200  -13.775 0.040
 115.860  -13.675 0.040
 122.930  -13.535 0.040
 137.080  -13.215 0.040
 158.410  -12.975 0.040
 158.440  -12.805 0.040
 159.450  -13.035 0.040
 159.490  -13.075 0.040
 159.540  -13.275 0.040
 159.580  -13.165 0.040
 160.350  -12.565 0.040
 160.380  -13.005 0.040
 169.880  -12.605 0.040
 183.400  -12.295 0.040
 199.080  -12.115 0.040
 199.080  -12.115 0.040
 199.080  -12.105 0.040
 199.080  -12.105 0.040
 221.950  -11.685 0.040
 223.940  -11.935 0.040
 223.940  -11.935 0.040
 233.970  -11.845 0.040
 233.970  -11.845 0.040
 234.400  -11.335 0.040
 238.400  -11.305 0.040
 238.600  -11.305 0.040
 241.300  -11.245 0.040
 246.300  -11.135 0.040
 247.200  -11.245 0.040
 248.300  -11.185 0.040
 250.300  -11.105 0.040
 252.400  -11.045 0.040
 257.100  -11.285 0.040
 257.100  -11.285 0.040
 265.400  -10.875 0.040
 268.400  -10.805 0.040
 273.040  -10.645 0.040
 274.200  -10.845 0.040
 282.300  -10.605 0.040
 282.310  -10.785 0.040
 283.500  -10.585 0.040
 286.200  -10.515 0.040
 287.200  -10.485 0.040
 291.960  -10.675 0.040
 291.960  -10.675 0.040
 291.960  -10.605 0.040
 291.960  -10.605 0.040
 292.300  -10.445 0.040
 304.400  -10.255 0.040
 305.300  -10.275 0.040
 306.300  -10.165 0.040
 309.040  -10.345 0.040
 317.890  -10.275 0.040
 317.890  -10.275 0.040
 317.890  -10.245 0.040
 317.890  -10.245 0.040
 319.400  -10.035 0.040
 322.300  -10.095 0.040
 329.300   -9.915 0.040
 330.940  -10.025 0.040
 331.200   -9.925 0.040
 332.300  -10.055 0.040
 337.200   -9.875 0.040
 344.200   -9.965 0.040
 346.000   -9.885 0.040
 346.400   -9.775 0.040
 347.000   -9.915 0.040
 347.000   -9.885 0.040
 348.000   -9.915 0.040
 348.300   -9.605 0.040
 352.030   -9.805 0.040
 361.200   -9.455 0.040
 363.300   -9.575 0.040
 385.920   -9.285 0.040
 422.910   -9.115 0.040
 437.950   -9.025 0.040
 640.300   -8.745 0.040
 661.140   -8.565 0.040
 755.950   -8.685 0.040
