#
# SN1999gi, Type II-P supernova
#
# Source: Open Supernova Catalog (https://sne.space/)
#
# Time is in days since maximum
# MV is absolute V magnitude with error err MV
#
Time      MV      errMV
  -4.560  -15.263 0.015
  -3.480  -15.388 0.048
  -2.440  -15.509 0.033
   0.480  -15.639 0.013
   1.480  -15.656 0.016
   2.470  -15.668 0.015
   3.510  -15.655 0.014
   6.450  -15.658 0.022
  12.470  -15.627 0.024
  17.500  -15.555 0.025
  22.460  -15.487 0.018
  28.430  -15.387 0.030
  40.180  -15.353 0.035
  44.920  -15.353 0.039
  49.480  -15.329 0.013
  54.330  -15.317 0.035
  62.430  -15.276 0.035
  86.350  -15.174 0.031
  91.230  -15.127 0.011
  96.300  -15.048 0.021
 101.270  -14.964 0.017
 106.250  -14.797 0.039
 110.360  -14.570 0.028
 115.240  -14.154 0.032
 120.180  -13.624 0.063
 120.180  -13.503 0.066
 125.210  -13.113 0.040
 136.180  -12.841 0.034
 141.170  -12.767 0.041
 149.180  -12.666 0.046
