#
# SN2013ai, Type II-L supernova
#
# Source: Open Supernova Catalog (https://sne.space/)
#
# Time is in days since maximum
# MV is absolute V magnitude with error err MV
#
Time      MV      errMV
 -11.272  -15.636 0.155
  -9.338  -15.489 0.171
  -8.935  -15.818 0.009
  -8.934  -15.841 0.011
  -7.935  -15.798 0.008
  -7.934  -15.836 0.011
  -7.726  -15.700 0.190
  -0.679  -15.842 0.119
   0.107  -15.954 0.009
   0.108  -15.979 0.008
   1.107  -16.083 0.018
   1.108  -16.098 0.015
   2.107  -15.946 0.010
   2.108  -15.967 0.012
   3.107  -15.949 0.010
   3.108  -15.985 0.009
   4.107  -15.919 0.010
   4.108  -15.934 0.009
   5.107  -15.937 0.013
   5.108  -15.920 0.010
  10.077  -15.844 0.009
  10.078  -15.808 0.010
  13.077  -15.780 0.009
  13.078  -15.807 0.066
  14.764  -15.753 0.015
  14.765  -15.702 0.014
  15.070  -15.719 0.011
  15.071  -15.733 0.009
  20.004  -15.576 0.012
  20.005  -15.607 0.013
  21.733  -15.589 0.012
  22.005  -15.502 0.071
  22.006  -15.573 0.012
  22.733  -15.516 0.011
  22.734  -15.549 0.014
  23.004  -15.414 0.019
  23.005  -15.512 0.015
  23.734  -15.539 0.013
  23.735  -15.588 0.014
  28.005  -15.472 0.016
  28.713  -15.518 0.021
  28.714  -15.423 0.020
  29.007  -15.372 0.022
  29.009  -15.410 0.018
  30.004  -15.446 0.014
  30.005  -15.483 0.018
  30.713  -15.449 0.021
  30.714  -15.363 0.022
  32.001  -15.313 0.167
  32.004  -15.343 0.018
  32.005  -15.354 0.009
  32.713  -15.312 0.043
  35.010  -15.281 0.018
  35.012  -15.292 0.013
  37.009  -15.235 0.014
  37.012  -15.263 0.014
  39.010  -15.158 0.015
  39.012  -15.171 0.015
  40.009  -15.149 0.021
  40.012  -15.102 0.026
  41.979  -15.193 0.015
  41.981  -15.135 0.018
  44.979  -15.060 0.077
  45.979  -15.050 0.064
  45.981  -15.038 0.020
  46.979  -15.052 0.018
  46.982  -15.043 0.019
  50.972  -14.914 0.021
  54.947  -14.659 0.040
  54.949  -14.757 0.041
  56.973  -14.847 0.019
  56.975  -14.861 0.020
  57.949  -14.672 0.200
  67.695  -14.647 0.200
  67.697  -14.789 0.200
  67.951  -14.648 0.200
  69.953  -14.652 0.200
  74.695  -14.632 0.200
