#
# SN2011ht, Type IIn supernova
#
# Source: Open Supernova Catalog (https://sne.space/)
#
# Time is in days since maximum
# MV is absolute V magnitude with error err MV
#
Time      MV      errMV
 -43.290  -14.936 0.077
 -29.177  -15.819 0.062
 -20.092  -16.365 0.054
 -16.700  -16.425 0.140
 -11.700  -16.515 0.140
 -11.635  -16.584 0.050
  -9.700  -16.505 0.150
  -6.000  -16.535 0.150
  -5.243  -16.620 0.050
  -2.264  -16.631 0.051
   3.300  -16.625 0.170
   3.366  -16.675 0.057
   8.000  -16.435 0.210
   9.510  -16.579 0.052
  12.827  -16.487 0.053
  13.000  -16.295 0.210
  16.000  -16.315 0.210
  18.361  -16.484 0.051
  20.000  -16.245 0.210
  21.914  -16.412 0.053
  27.000  -16.195 0.150
  27.621  -16.355 0.054
  34.752  -16.180 0.060
  37.155  -16.121 0.060
  39.300  -15.935 0.210
  48.000  -15.685 0.200
  51.000  -15.655 0.210
  54.077  -15.793 0.063
  58.000  -15.535 0.210
  65.310  -15.487 0.072
  72.300  -15.005 0.150
  76.000  -14.395 0.210
  89.000  -10.925 0.200
 151.000   -9.495 0.250
