#
# SN2013dy, Type Ia supernova
#
# Source: Open Supernova Catalog (https://sne.space/)
#
# Time is in days since maximum
# MV is absolute V magnitude with error err MV
#
Time      MV      errMV
 -20.619  -15.193 0.020
 -20.580  -15.163 0.030
 -19.540  -15.733 0.030
 -18.619  -16.203 0.010
 -18.550  -16.203 0.050
 -17.620  -16.613 0.020
 -16.600  -17.013 0.030
 -15.630  -17.333 0.030
 -14.846  -17.507 0.053
 -14.570  -17.623 0.020
 -14.100  -17.749 0.033
 -13.600  -17.833 0.020
 -13.000  -17.937 0.032
 -12.610  -18.003 0.030
 -12.390  -17.969 0.045
 -12.389  -18.018 0.039
 -12.321  -18.144 0.042
 -12.321  -18.027 0.039
 -12.000  -18.094 0.022
 -11.600  -18.153 0.040
 -11.000  -18.214 0.011
 -10.590  -18.263 0.030
 -10.100  -18.302 0.002
  -9.100  -18.405 0.038
  -8.680  -18.423 0.030
  -8.100  -18.455 0.041
  -7.591  -18.533 0.010
  -7.590  -18.513 0.020
  -7.100  -18.537 0.066
  -6.890  -18.493 0.010
  -6.873  -18.534 0.043
  -6.620  -18.543 0.020
  -6.200  -18.545 0.022
  -5.880  -18.533 0.010
  -5.620  -18.583 0.050
  -5.200  -18.530 0.002
  -4.550  -18.613 0.030
  -4.280  -18.613 0.010
  -4.200  -18.592 0.021
  -3.610  -18.613 0.030
  -3.200  -18.616 0.034
  -2.910  -18.633 0.010
  -2.650  -18.613 0.030
  -1.700  -18.613 0.030
  -0.899  -18.527 0.037
  -0.898  -18.599 0.034
  -0.832  -18.512 0.037
  -0.831  -18.550 0.034
  -0.650  -18.593 0.030
  -0.300  -18.583 0.010
   0.340  -18.573 0.020
   0.347  -18.603 0.010
   0.800  -18.567 0.040
   1.350  -18.543 0.020
   1.354  -18.613 0.010
   1.630  -18.543 0.010
   1.900  -18.529 0.030
   2.324  -18.553 0.010
   2.330  -18.503 0.030
   2.502  -18.463 0.037
   2.502  -18.468 0.035
   2.620  -18.523 0.010
   2.770  -18.520 0.037
   2.771  -18.523 0.034
   2.900  -18.503 0.048
   3.330  -18.483 0.020
   3.371  -18.503 0.010
   4.340  -18.443 0.030
   4.800  -18.420 0.019
   5.208  -18.383 0.010
   5.340  -18.393 0.020
   6.235  -18.383 0.010
   6.310  -18.363 0.020
   6.650  -18.353 0.020
   6.800  -18.305 0.029
   7.261  -18.263 0.010
   7.310  -18.273 0.020
   7.800  -18.238 0.033
   8.320  -18.233 0.030
   8.326  -18.313 0.010
   8.760  -18.233 0.020
   8.900  -18.120 0.042
   8.901  -18.234 0.037
   9.320  -18.153 0.030
  11.101  -18.012 0.044
  11.101  -18.068 0.038
  11.172  -18.093 0.010
  11.330  -18.033 0.030
  11.760  -18.053 0.030
  12.256  -17.923 0.010
  12.320  -17.973 0.030
  12.760  -18.023 0.010
  13.360  -17.923 0.020
  14.310  -17.853 0.030
  14.750  -17.923 0.010
  15.340  -17.823 0.030
  15.417  -17.823 0.010
  15.900  -17.772 0.012
  16.410  -17.773 0.110
  16.710  -17.813 0.010
  16.900  -17.724 0.058
  17.249  -17.743 0.020
  17.330  -17.713 0.020
  18.250  -17.683 0.020
  18.340  -17.723 0.010
  19.209  -17.633 0.010
  19.310  -17.623 0.050
  20.170  -17.613 0.010
  20.290  -17.583 0.030
  21.040  -17.633 0.010
  21.780  -17.603 0.010
  22.350  -17.483 0.030
  22.740  -17.543 0.010
  23.030  -17.523 0.010
  23.360  -17.453 0.020
  24.050  -17.473 0.010
  24.330  -17.423 0.030
  25.030  -17.433 0.010
  25.330  -17.353 0.020
  26.320  -17.323 0.030
  27.350  -17.263 0.020
  27.490  -17.293 0.020
  28.300  -17.223 0.030
  28.340  -17.343 0.010
  29.211  -17.203 0.010
  29.310  -17.163 0.020
  29.800  -17.191 0.045
  30.210  -17.153 0.010
  30.280  -17.113 0.020
  30.342  -17.153 0.010
  31.202  -17.093 0.010
  31.260  -17.073 0.020
  31.800  -17.055 0.031
  32.290  -16.943 0.100
  32.500  -17.023 0.010
  33.280  -16.813 0.120
  33.800  -16.949 0.016
  34.280  -16.883 0.030
  34.800  -16.896 0.007
  35.290  -16.873 0.020
  35.510  -16.893 0.030
  36.225  -16.793 0.010
  36.260  -16.803 0.030
  36.800  -16.791 0.044
  37.280  -16.743 0.020
  37.800  -16.730 0.018
  38.260  -16.713 0.020
  39.240  -16.673 0.030
  40.260  -16.633 0.020
  40.500  -16.683 0.020
  41.260  -16.603 0.020
  41.340  -16.643 0.010
  42.340  -16.603 0.010
  43.240  -16.543 0.020
  45.320  -16.523 0.010
  46.260  -16.443 0.030
  48.240  -16.363 0.030
  49.520  -16.393 0.030
  49.900  -16.337 0.017
  50.270  -16.343 0.030
  53.230  -16.253 0.020
  54.122  -16.193 0.010
  55.320  -16.243 0.010
  56.230  -16.163 0.020
  56.310  -16.203 0.010
  57.300  -16.193 0.010
  58.000  -16.100 0.036
  58.220  -16.133 0.020
  58.300  -16.163 0.020
  59.500  -16.103 0.010
  60.220  -16.073 0.030
  60.500  -16.093 0.010
  61.800  -16.014 0.025
  62.230  -15.973 0.030
  64.190  -15.963 0.030
  66.200  -15.903 0.030
  67.128  -15.923 0.010
  68.200  -15.873 0.030
  68.800  -15.813 0.023
  69.050  -15.883 0.020
  69.530  -15.903 0.010
  70.210  -15.783 0.020
  70.520  -15.863 0.010
  71.100  -15.843 0.010
  71.520  -15.833 0.010
  71.960  -15.773 0.010
  72.200  -15.763 0.030
  72.360  -15.813 0.020
  72.800  -15.707 0.027
  74.180  -15.683 0.030
  74.970  -15.743 0.010
  76.180  -15.643 0.030
  78.190  -15.613 0.030
  78.219  -15.663 0.010
  78.520  -15.643 0.010
  79.960  -15.573 0.020
  80.190  -15.573 0.030
  80.980  -15.613 0.020
  81.970  -15.563 0.020
  82.180  -15.493 0.040
  83.950  -15.493 0.010
  84.180  -15.463 0.030
  84.520  -15.493 0.010
  84.980  -15.463 0.010
  85.900  -15.391 0.028
  86.900  -15.370 0.043
  87.160  -15.383 0.040
  89.520  -15.363 0.010
  90.180  -15.323 0.010
  91.180  -15.293 0.010
  91.190  -15.293 0.030
  91.700  -15.245 0.012
  93.140  -15.253 0.030
  95.140  -15.173 0.120
  96.960  -15.183 0.010
  97.130  -15.153 0.030
  97.990  -15.163 0.010
  98.900  -14.989 0.026
  98.980  -15.173 0.010
  99.130  -15.083 0.030
 101.130  -15.053 0.040
 101.960  -15.193 0.010
 103.000  -15.053 0.010
 103.990  -15.053 0.010
 104.120  -15.013 0.040
 105.490  -15.053 0.010
 105.990  -15.063 0.010
 107.010  -14.883 0.020
 107.480  -14.963 0.010
 107.960  -15.003 0.020
 109.010  -15.043 0.020
 109.140  -14.923 0.060
 110.120  -14.903 0.020
 110.980  -14.903 0.020
 111.980  -15.013 0.050
 112.970  -14.833 0.010
 113.090  -14.793 0.040
 113.980  -14.793 0.020
 114.970  -14.773 0.020
 115.980  -14.803 0.010
 116.980  -14.773 0.010
 123.470  -14.653 0.010
 124.960  -14.603 0.020
 125.490  -14.573 0.010
 126.950  -14.573 0.010
 127.980  -14.493 0.010
 128.960  -14.603 0.020
 130.960  -14.473 0.020
 131.920  -14.633 0.020
 134.130  -14.423 0.020
 134.930  -14.363 0.020
 136.950  -14.393 0.020
 137.130  -14.333 0.030
 139.100  -14.183 0.120
 140.960  -14.373 0.020
 141.070  -14.223 0.100
 141.960  -14.393 0.020
 142.100  -14.193 0.080
 142.540  -14.353 0.020
 142.960  -14.293 0.020
 143.950  -14.293 0.020
 144.950  -14.233 0.020
 147.490  -14.183 0.010
 151.110  -13.993 0.070
 156.530  -14.053 0.020
 159.550  -13.963 0.020
 160.110  -13.843 0.080
 160.120  -13.923 0.040
 161.490  -13.933 0.010
 162.150  -13.883 0.060
 166.490  -13.813 0.020
 169.500  -13.863 0.010
 170.120  -13.803 0.020
 171.100  -13.723 0.150
 173.110  -13.753 0.020
 176.490  -13.803 0.010
 178.490  -13.783 0.020
 333.390  -11.353 0.190
