 time        mag       err
 726.80743   14.989    0.007
 728.87072   14.796    0.006
 729.85362   14.883    0.007
 739.83831   14.919    0.007
 742.85060   15.009    0.007
 744.82346   14.804    0.006
 745.83301   14.928    0.007
 746.87107   15.015    0.007
 747.69046   14.887    0.006
 748.66785   14.798    0.007
 750.74814   15.022    0.007
 751.77863   14.860    0.007
 752.84003   14.818    0.006
 754.84831   15.015    0.009
 755.75215   14.804    0.007
 759.74872   14.830    0.007
 760.80323   14.844    0.007
 762.82396   14.992    0.007
 769.83635   14.990    0.007
 773.82376   15.020    0.007
 776.84976   14.916    0.007
 779.79069   14.793    0.007
 781.80722   15.019    0.007
 783.81564   14.810    0.006
 788.81815   14.947    0.007
 790.83289   14.837    0.006
 795.78960   14.836    0.006
 798.78487   14.809    0.006
 816.84054   15.025    0.007
 817.78301   14.880    0.006
 824.73040   15.026    0.007
 826.72706   14.820    0.006
 827.67312   14.967    0.007
 828.73254   15.023    0.007
 829.79707   14.835    0.007
 831.62213   14.948    0.007
 832.74503   15.012    0.007
 833.67782   14.798    0.006
 834.73085   14.841    0.006
 835.69803   14.978    0.007
 836.66683   15.027    0.007
 837.64837   14.832    0.006
 838.77599   14.875    0.007
 839.64701   14.970    0.007
 840.76742   14.992    0.006
 842.67951   14.864    0.006
 844.62723   15.021    0.007
 845.65232   14.791    0.006
 850.72337   14.901    0.007
 854.76081   14.927    0.007
 855.74543   15.012    0.009
 856.65278   14.894    0.007
 857.71105   14.803    0.007
 858.66491   14.941    0.007
 859.74081   15.017    0.007
 860.68198   14.887    0.007
 865.54969   14.816    0.007
 867.60512   15.035    0.007
 874.71668   14.995    0.006
 876.58581   14.799    0.006
 876.68600   14.786    0.006
 880.60948   14.791    0.006
 885.61616   14.882    0.009
 887.65447   14.936    0.007
 890.67808   15.019    0.007
 892.57160   14.779    0.006
 895.61498   14.894    0.006
 898.59264   15.036    0.006
 918.60791   15.002    0.009
 922.51221   14.993    0.007
 928.57413   14.926    0.009
 933.53636   15.032    0.007
 951.49433   14.845    0.006
1041.90855   14.961    0.006
1072.88414   14.929    0.006
1079.82696   14.831    0.007
1080.87120   14.957    0.006
1081.82058   15.014    0.007
1083.88883   14.835    0.006
1084.80246   14.973    0.007
1086.82275   14.802    0.006
1089.78580   14.994    0.006
1090.80760   14.767    0.006
1091.86575   14.866    0.006
1092.86411   14.999    0.007
1102.86973   14.803    0.006
1107.85273   14.921    0.006
1109.80243   14.886    0.007
1113.86588   14.823    0.006
1116.81011   15.022    0.006
1126.71185   14.847    0.006
1129.81060   14.779    0.006
1131.81527   15.025    0.007
1132.80712   15.013    0.007
1134.82019   14.901    0.006
1142.75751   14.906    0.006
1151.85214   15.024    0.007
1153.72376   14.810    0.006
1155.67944   15.029    0.007
1157.74004   14.822    0.007
1159.74504   15.009    0.006
1161.81009   14.866    0.006
1163.80676   15.021    0.007
1165.80693   14.881    0.007
1167.74163   14.979    0.007
1168.75265   14.800    0.007
1171.72049   14.989    0.007
1174.84831   15.005    0.006
1178.76627   15.013    0.006
1181.73182   14.904    0.006
1183.76537   14.863    0.006
1185.81430   14.946    0.006
1187.76754   14.860    0.006
1189.75593   14.932    0.006
1191.82081   14.809    0.006
1192.85156   14.830    0.006
1194.67107   15.025    0.007
1196.68797   14.848    0.007
1202.69334   15.015    0.007
1204.67347   14.862    0.007
1207.68625   14.790    0.007
1211.67856   14.784    0.007
1213.71281   14.993    0.007
1214.72073   14.909    0.007
1215.54683   14.787    0.007
1216.61489   14.899    0.007
1217.68248   15.017    0.007
1219.61974   14.779    0.007
1221.59039   15.025    0.007
1223.68055   14.791    0.007
1224.56017   14.929    0.007
1226.56846   14.877    0.006
1227.57551   14.815    0.007
1232.66513   14.971    0.007
1235.56630   14.821    0.007
1237.55021   15.020    0.009
1238.65221   14.817    0.007
1241.55241   15.001    0.009
1242.62582   14.789    0.007
1243.56955   14.852    0.007
1245.53810   14.998    0.007
1247.67251   14.885    0.007
1248.64022   15.004    0.007
1251.59478   14.894    0.007
1254.54867   14.785    0.007
1255.58167   14.914    0.009
1257.61329   14.921    0.007
1260.59935   15.029    0.007
1264.58976   15.037    0.009
1266.59154   14.821    0.007
1267.60761   14.948    0.009
1275.53004   14.967    0.009
1278.51268   14.852    0.007
1281.52073   14.785    0.007
1290.49045   14.888    0.007
1296.58136   14.899    0.007
1300.52744   14.927    0.009
1305.50586   14.818    0.007
1308.53685   14.854    0.007
1315.49606   15.004    0.009
1318.47877   14.984    0.007
1320.52095   14.783    0.007
1331.48340   14.964    0.007
1431.82671   15.001    0.007
1433.82329   14.795    0.007
1435.87118   15.026    0.007
1437.86387   14.811    0.007
1440.90286   14.820    0.007
1443.79418   15.037    0.009
1447.76795   15.008    0.009
1448.85869   14.779    0.007
1455.77689   14.987    0.009
1458.76282   14.997    0.007
1459.88441   14.979    0.007
1460.76503   14.805    0.006
1461.73079   14.874    0.007
1471.74120   14.905    0.007
1475.83565   14.860    0.007
1478.76036   15.026    0.007
1481.82258   14.967    0.007
1484.82689   14.863    0.007
1487.81967   14.807    0.007
1491.75841   14.798    0.006
1493.70037   14.972    0.007
1495.74377   14.795    0.007
1498.66493   14.969    0.007
1500.80546   14.880    0.007
1503.69576   14.791    0.007
1505.80260   15.027    0.007
1507.69863   14.779    0.007
1508.81522   14.937    0.007
1509.67678   15.018    0.007
1510.64224   14.919    0.007
1511.72490   14.808    0.006
1512.75893   14.954    0.007
1514.77339   14.867    0.007
1516.81919   14.936    0.007
1518.69105   14.871    0.007
1520.71637   14.952    0.007
1522.71704   14.817    0.007
1523.71722   14.835    0.007
1525.69315   15.011    0.007
1527.75850   14.854    0.006
1528.68444   14.980    0.007
1529.80988   15.003    0.007
1531.70182   14.850    0.007
1538.65894   14.783    0.006
1541.61479   14.960    0.006
1542.76913   14.793    0.006
1544.67144   15.002    0.007
1546.69611   14.781    0.007
1547.69777   14.900    0.006
1548.67490   15.019    0.007
1551.70425   14.947    0.007
1552.63720   15.031    0.007
1553.66089   14.853    0.006
1554.63951   14.812    0.007
1555.66397   14.944    0.007
1556.63812   15.010    0.007
1560.62983   15.019    0.007
1564.54897   15.026    0.007
1568.62565   14.990    0.007
1571.63531   14.978    0.007
1575.64971   15.003    0.007
1578.69003   14.905    0.007
1580.70081   14.909    0.006
1582.63532   14.925    0.007
1585.62610   14.803    0.007
1588.62936   14.908    0.007
1591.59321   15.030    0.009
1595.58646   15.029    0.007
1599.65242   15.014    0.007
1600.61932   14.803    0.007
1601.61246   14.834    0.007
1602.67891   14.990    0.007
1604.61050   14.804    0.007
1606.56749   14.967    0.007
1609.52370   14.855    0.007
1610.53864   14.983    0.009
1611.59872   14.985    0.007
1613.57910   14.901    0.007
1614.65019   15.007    0.007
1616.50780   14.767    0.006
1618.65702   15.031    0.007
1619.54706   14.981    0.007
1621.54319   14.915    0.007
1623.64036   14.885    0.007
1625.62140   14.928    0.007
1627.59168   14.903    0.009
1628.53160   14.813    0.007
1630.50324   15.015    0.009
1631.50104   14.847    0.006
1633.61649   14.953    0.007
1635.49949   14.855    0.007
1645.50857   14.972    0.009
1653.49390   14.999    0.007
1655.53783   14.771    0.007
1657.54730   15.007    0.007
1660.52214   14.922    0.007
1662.52948   14.867    0.006
1664.55257   14.931    0.007
1669.52248   15.011    0.009
1672.49518   14.958    0.007
1687.49283   14.872    0.007
1695.47816   14.896    0.007
1766.87092   15.018    0.007
1768.85657   14.812    0.007
1773.91490   14.979    0.007
1782.84613   14.972    0.007
1788.85457   14.896    0.007
1804.84979   14.935    0.007
1811.87035   14.852    0.006
1815.84653   14.853    0.006
1822.72824   14.796    0.007
1829.87749   14.905    0.007
1844.78533   15.009    0.006
1850.76671   14.851    0.007
1854.82373   14.867    0.006
1858.77084   14.861    0.007
1860.81318   14.951    0.007
1863.78631   15.002    0.006
1866.73700   14.886    0.006
1868.71810   14.941    0.006
1870.83913   14.930    0.007
1872.85496   14.883    0.007
1874.75992   14.920    0.006
2166.89956   14.946    0.006
2173.81998   14.841    0.006
2189.89136   14.902    0.006
2192.79375   14.779    0.006
2201.80654   14.932    0.006
2212.83820   14.842    0.006
2223.84281   14.802    0.006
2226.82280   14.931    0.006
2228.85981   14.911    0.006
2230.77333   14.923    0.006
2232.79308   14.904    0.006
2234.78727   14.910    0.006
2238.75098   14.874    0.006
2241.63430   15.012    0.006
2243.69273   14.829    0.006
2248.76063   14.945    0.006
2251.72256   14.860    0.006
2253.80666   14.969    0.006
2255.68162   14.840    0.006
2261.70187   14.951    0.006
2264.78294   14.988    0.006
2269.81635   14.897    0.006
2271.76374   14.901    0.006
2273.84879   14.866    0.006
2274.63345   14.816    0.006
2276.74058   15.017    0.006
2278.63909   14.797    0.006
2280.63730   15.014    0.006
2282.64586   14.823    0.006
2289.77951   14.788    0.006
2291.78759   14.972    0.006
2293.75335   14.802    0.006
2295.77527   14.972    0.006
2297.76860   14.788    0.006
2299.80916   14.997    0.006
2301.70327   14.775    0.006
2303.69947   14.993    0.006
2321.65014   14.833    0.006
2327.52864   15.005    0.006
2332.56153   14.788    0.006
2333.52559   14.853    0.006
2339.51379   14.961    0.006
2347.50846   14.918    0.006
2402.50247   14.802    0.006
2524.89819   14.923    0.006
2537.89815   14.985    0.006
2542.86048   14.807    0.006
2552.80779   14.994    0.006
2556.80103   15.011    0.006
2559.84920   14.927    0.006
2563.89447   14.938    0.006
2564.81717   15.009    0.006
2573.81877   14.814    0.006
2578.74295   14.851    0.006
2583.77842   14.971    0.006
2589.82139   14.791    0.006
2596.70963   14.914    0.006
2605.71088   14.802    0.006
2609.70163   14.845    0.006
2614.63639   14.945    0.006
2618.69412   14.985    0.006
2620.82200   14.788    0.006
2623.79288   14.960    0.006
2627.65745   14.954    0.006
2629.68099   14.889    0.006
2631.70096   14.951    0.006
2634.72923   14.993    0.006
2635.60118   14.915    0.006
2637.80023   14.932    0.006
2639.62614   14.899    0.006
2641.69181   14.930    0.006
2643.70058   14.835    0.006
2645.68981   14.948    0.006
2647.64754   14.844    0.006
2650.86314   14.964    0.006
2651.60211   14.829    0.006
2653.62912   14.958    0.006
2655.74240   14.796    0.006
2657.59509   14.952    0.006
2659.61008   14.780    0.006
2661.82808   15.005    0.006
2663.84215   14.805    0.006
2665.84805   15.018    0.006
2668.59704   14.908    0.006
2670.60218   14.950    0.006
2672.58876   14.904    0.006
2674.61015   14.900    0.006
2676.59663   14.906    0.006
2678.66939   14.878    0.006
2680.59512   14.923    0.006
2682.64410   14.844    0.006
2686.63864   14.827    0.006
2695.62102   14.879    0.006
2700.57515   14.979    0.006
2706.59396   14.799    0.006
2713.55904   14.900    0.006
2840.93682   14.991    0.006
2868.87654   14.960    0.006
2885.84151   14.799    0.006
2892.87107   14.841    0.006
2897.84039   14.849    0.006
2903.88620   14.997    0.006
2906.88933   14.991    0.006
2911.76914   14.990    0.006
2916.81318   14.777    0.006
2922.80307   14.999    0.006
2925.89160   14.940    0.006
2930.80421   14.996    0.006
2933.84857   14.949    0.006
2939.85686   14.812    0.006
2942.80646   14.994    0.006
2944.85089   14.875    0.006
2946.85280   14.955    0.006
2949.76744   15.001    0.006
2952.84332   14.903    0.006
2956.68254   14.903    0.006
2958.70925   14.932    0.006
2962.72012   14.893    0.006
2965.73920   15.003    0.006
2967.83876   14.835    0.006
2970.80410   14.822    0.006
2974.74194   14.814    0.006
2976.77661   14.980    0.006
2978.75671   14.798    0.006
2980.69677   14.961    0.006
2982.65616   14.813    0.006
2984.70675   14.978    0.006
2986.79003   14.776    0.006
2988.75408   14.999    0.006
2990.62624   14.811    0.006
2992.77684   14.993    0.006
2994.62311   14.783    0.006
2995.63267   14.892    0.006
2997.64165   14.924    0.006
2999.76136   14.935    0.006
3001.73316   14.863    0.006
3003.70670   14.954    0.006
3005.69746   14.870    0.006
3007.71188   14.957    0.006
3009.70994   14.825    0.006
3011.67926   14.927    0.006
3013.68248   14.828    0.006
3017.69291   14.798    0.006
3019.62047   14.970    0.006
3021.73963   14.788    0.006
3023.60160   14.972    0.006
3024.80263   14.935    0.006
3026.79893   14.900    0.006
3028.81091   14.932    0.006
3031.67288   14.978    0.006
3033.73681   14.793    0.006
3035.74317   15.021    0.006
3038.72155   14.919    0.006
3041.58973   14.790    0.006
3043.62513   15.029    0.006
3045.65881   14.817    0.006
3047.61289   14.997    0.006
3049.61850   14.833    0.006
3051.58578   15.011    0.006
3053.58090   14.842    0.006
3055.58005   14.993    0.006
3057.60487   14.849    0.006
3060.62738   14.794    0.006
3064.63170   14.781    0.006
3067.68869   14.927    0.006
3070.53704   14.987    0.006
3073.60455   14.912    0.006
3075.65295   14.877    0.006
3078.57307   14.984    0.006
3082.56244   15.032    0.006
3084.63936   14.817    0.006
3087.60102   14.802    0.006
3090.56480   15.012    0.006
3102.53126   14.970    0.006
3105.56506   14.993    0.006
3108.54352   14.871    0.006
3112.51488   14.925    0.006
3116.50217   14.924    0.006
3126.50789   14.844    0.006
3146.47041   14.809    0.006
3241.89543   14.996    0.006
3256.90680   14.957    0.006
3263.88165   14.860    0.006
3268.89723   14.972    0.006
3273.87249   14.957    0.006
3277.86169   14.946    0.006
3281.85180   14.911    0.006
3287.71335   14.904    0.006
3289.86552   14.860    0.006
3294.86098   14.847    0.006
3296.86873   14.993    0.006
3301.71972   14.843    0.006
3304.78236   14.981    0.006
3306.86337   14.863    0.006
3311.69048   14.968    0.006
3320.73326   14.927    0.006
3327.70228   14.991    0.006
3329.85289   14.812    0.006
3334.75886   14.951    0.006
3338.80898   14.952    0.006
3350.64080   14.976    0.006
3354.64096   15.007    0.006
3358.69444   14.991    0.006
3361.79990   14.930    0.006
3363.74966   14.884    0.006
3367.70345   14.862    0.006
3372.72188   14.826    0.006
3378.63462   15.012    0.006
3387.62096   14.808    0.006
3391.70218   14.777    0.006
3395.69360   14.804    0.006
3399.66970   14.783    0.006
3402.68655   14.860    0.006
3404.61712   14.918    0.006
3408.56773   14.920    0.006
3412.61316   14.929    0.006
3416.59656   14.955    0.006
3424.59964   14.981    0.006
3437.51229   14.931    0.006
3445.51702   14.861    0.006
3453.53876   14.830    0.006
3462.51404   14.861    0.006
3589.92743   14.812    0.006
3629.85249   14.853    0.006
3634.81785   14.978    0.006
3639.87075   14.942    0.006
3641.86165   14.893    0.006
3650.85697   15.015    0.006
3653.88483   14.941    0.006
3657.83807   14.937    0.006
3661.82193   14.959    0.006
3671.85100   14.772    0.006
3675.83358   14.824    0.006
3683.85468   14.807    0.006
3687.74740   14.776    0.006
3689.84788   15.020    0.006
3692.77174   14.953    0.006
3694.78665   14.823    0.006
3696.72911   14.957    0.006
3699.73167   14.837    0.006
3701.78467   14.992    0.006
3704.69173   14.959    0.006
3706.82053   14.809    0.006
3711.69418   14.878    0.006
3713.70793   14.977    0.006
3716.80707   14.991    0.006
3719.78797   14.922    0.006
3725.77965   14.882    0.006
3730.64976   14.794    0.006
3732.67426   15.020    0.006
3734.77223   14.834    0.006
3736.78863   15.009    0.006
3737.67718   14.841    0.006
3739.77619   14.973    0.006
3742.59918   14.856    0.006
3745.71066   14.806    0.006
3747.74024   14.975    0.006
3749.62305   14.809    0.006
3751.72719   14.997    0.006
3753.59883   14.803    0.006
3755.63638   14.995    0.006
3757.66982   14.781    0.006
3759.73347   15.017    0.006
3762.72180   14.925    0.006
3765.74033   14.811    0.006
3770.58185   14.928    0.006
3773.58921   14.831    0.006
3776.58825   14.838    0.006
3779.57829   15.004    0.006
3782.62802   14.983    0.006
3787.55289   14.991    0.006
3791.60009   14.959    0.006
3799.52460   14.936    0.006
3821.50264   14.967    0.006
3945.92731   14.952    0.006
3963.92344   14.816    0.006
3969.85388   15.005    0.006
3975.90392   14.790    0.006
3981.83314   15.005    0.006
3995.88353   14.864    0.006
4001.83662   14.977    0.006
4005.81447   14.927    0.006
4007.81852   14.906    0.006
4011.81867   14.921    0.006
4018.81020   14.813    0.006
4023.84229   14.954    0.006
4026.74864   14.839    0.006
4040.84855   14.963    0.006
4042.86429   14.909    0.006
4046.73927   14.912    0.006
4048.82882   14.892    0.006
4052.67097   14.906    0.006
4056.71550   14.897    0.006
4058.65356   14.922    0.006
4063.64759   15.013    0.006
4066.64538   14.955    0.006
4069.71101   14.862    0.006
4071.63962   14.983    0.006
4076.71188   14.801    0.006
4079.72459   14.954    0.006
4083.64150   14.956    0.006
4085.70678   14.916    0.006
4092.82410   14.833    0.006
4104.87092   14.882    0.006
4112.69561   14.869    0.006
4117.68446   15.002    0.006
4121.66051   15.000    0.006
4124.74335   14.929    0.006
4129.75593   15.026    0.006
4142.61494   14.826    0.006
4150.60341   14.791    0.006
4155.51674   14.866    0.006
4166.54560   14.796    0.006
4196.49509   14.963    0.006
4341.87111   14.805    0.006
4347.82102   14.998    0.006
4351.86695   15.005    0.006
4357.87887   14.863    0.006
4363.80351   14.968    0.006
4366.85409   14.999    0.006
4369.89463   14.904    0.006
4372.79756   14.795    0.006
4376.88794   14.820    0.006
4379.89436   14.833    0.006
4386.75550   14.996    0.006
4393.76644   14.952    0.006
4398.84267   14.990    0.006
4403.84909   14.791    0.006
4411.77803   14.803    0.006
4411.83973   14.810    0.006
4418.72885   14.860    0.006
4422.82544   14.837    0.006
4429.75668   15.016    0.006
4432.69361   14.964    0.006
4436.73301   14.985    0.006
4439.79870   14.890    0.006
4443.66839   14.891    0.006
4448.82239   15.000    0.006
4451.66260   14.914    0.006
4455.66139   14.918    0.006
4457.71692   14.846    0.006
4460.74699   15.011    0.006
4464.70967   15.006    0.006
4467.70218   14.970    0.006
4471.70390   14.966    0.006
4476.67094   14.953    0.006
4480.67072   14.933    0.006
4484.74976   14.911    0.006
4488.67228   14.895    0.006
4493.67441   14.817    0.006
4498.65269   14.948    0.006
4501.64573   14.824    0.006
4506.58384   14.955    0.006
4508.59383   14.804    0.006
4510.67312   14.970    0.006
4516.62286   14.792    0.006
4519.69439   14.933    0.006
4521.53803   14.898    0.006
4530.60267   15.015    0.006
4532.63096   14.799    0.006
4537.59260   14.961    0.006
4540.64377   14.839    0.006
