   3.700E+00  -4.000E+00   2.900E+00   1.068E+00   5.846E+00   5.625E-01
   3.750E+00  -4.000E+00   2.750E+00   1.338E+00   4.806E+00   5.882E-01
   3.800E+00  -4.000E+00   2.600E+00   1.555E+00   4.182E+00   6.425E-01
   3.850E+00  -4.000E+00   2.450E+00   1.791E+00   5.490E+00   6.148E-01
   3.900E+00  -4.000E+00   2.300E+00   2.096E+00   6.409E+00   5.510E-01
   3.950E+00  -4.000E+00   2.150E+00   2.412E+00   6.174E+00   4.912E-01
   4.000E+00  -4.000E+00   2.000E+00   2.713E+00   5.874E+00   4.268E-01
   4.050E+00  -4.000E+00   1.850E+00   3.001E+00   5.691E+00   3.612E-01
   4.100E+00  -4.000E+00   1.700E+00   3.286E+00   5.688E+00   2.974E-01
   4.150E+00  -4.000E+00   1.550E+00   3.569E+00   5.635E+00   2.617E-01
   4.200E+00  -4.000E+00   1.400E+00   3.848E+00   5.517E+00   2.404E-01
   4.250E+00  -4.000E+00   1.250E+00   4.119E+00   5.318E+00   2.363E-01
   4.300E+00  -4.000E+00   1.100E+00   4.372E+00   4.646E+00   2.880E-01
   4.350E+00  -4.000E+00   9.500E-01   4.575E+00   3.461E+00   3.830E-01
   4.400E+00  -4.000E+00   8.000E-01   4.723E+00   2.545E+00   4.645E-01
   4.450E+00  -4.000E+00   6.500E-01   4.828E+00   1.599E+00   5.672E-01
   4.500E+00  -4.000E+00   5.000E-01   4.884E+00   6.624E-01   6.643E-01
   4.550E+00  -4.000E+00   3.500E-01   4.893E+00  -3.638E-01   7.436E-01
   4.600E+00  -4.000E+00   2.000E-01   4.843E+00  -1.648E+00   8.045E-01
   4.650E+00  -4.000E+00   5.000E-02   4.728E+00  -2.924E+00   8.412E-01
   4.700E+00  -4.000E+00  -1.000E-01   4.557E+00  -3.809E+00   8.585E-01
   4.750E+00  -4.000E+00  -2.500E-01   4.356E+00  -4.152E+00   8.632E-01
   4.800E+00  -4.000E+00  -4.000E-01   4.151E+00  -4.005E+00   8.635E-01
   4.850E+00  -4.000E+00  -5.500E-01   3.958E+00  -3.701E+00   8.737E-01
   4.900E+00  -4.000E+00  -7.000E-01   3.778E+00  -3.510E+00   9.048E-01
   4.950E+00  -4.000E+00  -8.500E-01   3.607E+00  -3.352E+00   9.392E-01
   5.000E+00  -4.000E+00  -1.000E+00   3.443E+00  -3.228E+00   9.581E-01
   5.050E+00  -4.000E+00  -1.150E+00   3.281E+00  -3.255E+00   9.638E-01
   5.100E+00  -4.000E+00  -1.300E+00   3.116E+00  -3.380E+00   9.498E-01
   5.150E+00  -4.000E+00  -1.450E+00   2.943E+00  -3.506E+00   9.166E-01
   5.200E+00  -4.000E+00  -1.600E+00   2.766E+00  -3.568E+00   8.782E-01
   5.250E+00  -4.000E+00  -1.750E+00   2.587E+00  -3.616E+00   8.397E-01
   5.300E+00  -4.000E+00  -1.900E+00   2.404E+00  -3.685E+00   8.046E-01
   5.350E+00  -4.000E+00  -2.050E+00   2.217E+00  -3.812E+00   7.855E-01
   5.400E+00  -4.000E+00  -2.200E+00   2.026E+00  -3.765E+00   7.622E-01
   5.450E+00  -4.000E+00  -2.350E+00   1.844E+00  -3.495E+00   7.274E-01
   5.500E+00  -4.000E+00  -2.500E+00   1.674E+00  -3.344E+00   7.068E-01
   5.550E+00  -4.000E+00  -2.650E+00   1.508E+00  -3.318E+00   7.072E-01
   5.600E+00  -4.000E+00  -2.800E+00   1.338E+00  -3.548E+00   7.458E-01
   5.650E+00  -4.000E+00  -2.950E+00   1.148E+00  -4.114E+00   8.290E-01
   5.700E+00  -4.000E+00  -3.100E+00   9.220E-01  -4.962E+00   9.377E-01
   5.750E+00  -4.000E+00  -3.250E+00   6.560E-01  -5.529E+00   1.005E+00
   5.800E+00  -4.000E+00  -3.400E+00   3.873E-01  -5.033E+00   9.501E-01
   5.850E+00  -4.000E+00  -3.550E+00   1.647E-01  -3.835E+00   7.894E-01
   5.900E+00  -4.000E+00  -3.700E+00   2.482E-03  -2.695E+00   6.170E-01
   5.950E+00  -4.000E+00  -3.850E+00  -1.106E-01  -1.897E+00   4.786E-01
   6.000E+00  -4.000E+00  -4.000E+00  -1.923E-01  -1.396E+00   3.765E-01
   6.050E+00  -4.000E+00  -4.150E+00  -2.516E-01  -9.834E-01   2.919E-01
   6.100E+00  -4.000E+00  -4.300E+00  -2.902E-01  -5.539E-01   2.176E-01
   6.150E+00  -4.000E+00  -4.450E+00  -3.083E-01  -2.055E-01   1.628E-01
   6.200E+00  -4.000E+00  -4.600E+00  -3.164E-01  -1.886E-01   1.433E-01
   6.250E+00  -4.000E+00  -4.750E+00  -3.337E-01  -5.572E-01   1.495E-01
   6.300E+00  -4.000E+00  -4.900E+00  -3.719E-01  -8.994E-01   1.463E-01
   6.350E+00  -4.000E+00  -5.050E+00  -4.138E-01  -6.911E-01   1.010E-01
   6.400E+00  -4.000E+00  -5.200E+00  -4.387E-01  -3.357E-01   5.481E-02
   6.450E+00  -4.000E+00  -5.350E+00  -4.510E-01  -1.793E-01   3.149E-02
   6.500E+00  -4.000E+00  -5.500E+00  -4.580E-01  -1.041E-01   1.868E-02
   6.550E+00  -4.000E+00  -5.650E+00  -4.619E-01  -6.297E-02   1.143E-02
   6.600E+00  -4.000E+00  -5.800E+00  -4.646E-01  -4.539E-02   6.896E-03
   6.650E+00  -4.000E+00  -5.950E+00  -4.666E-01  -3.649E-02   4.698E-03
   6.700E+00  -4.000E+00  -6.100E+00  -4.682E-01  -2.702E-02   3.231E-03
   6.750E+00  -4.000E+00  -6.250E+00  -4.694E-01  -1.920E-02   2.414E-03
   6.800E+00  -4.000E+00  -6.400E+00  -4.701E-01  -1.021E-02   1.871E-03
   6.850E+00  -4.000E+00  -6.550E+00  -4.706E-01  -1.259E-02   1.619E-03
   6.900E+00  -4.000E+00  -6.700E+00  -4.714E-01  -1.608E-02   1.918E-03
   6.950E+00  -4.000E+00  -6.850E+00  -4.724E-01  -2.635E-02   2.616E-03
   7.000E+00  -4.000E+00  -7.000E+00  -4.737E-01  -2.429E-02   9.777E-04
   7.050E+00  -4.000E+00  -7.150E+00  -4.749E-01  -2.188E-02   6.249E-04
   7.100E+00  -4.000E+00  -7.300E+00  -4.758E-01  -1.837E-02   2.781E-05
   7.150E+00  -4.000E+00  -7.450E+00  -4.769E-01  -2.383E-02  -1.035E-04
