   6.850E+00   2.000E+00  -5.500E-01   8.602E-01  -2.985E+00   6.591E-01
   6.900E+00   2.000E+00  -7.000E-01   7.135E-01  -2.832E+00   6.185E-01
   6.950E+00   2.000E+00  -8.500E-01   5.775E-01  -2.641E+00   5.706E-01
   7.000E+00   2.000E+00  -1.000E+00   4.494E-01  -2.457E+00   5.242E-01
   7.050E+00   2.000E+00  -1.150E+00   3.316E-01  -2.269E+00   4.802E-01
   7.100E+00   2.000E+00  -1.300E+00   2.231E-01  -2.063E+00   4.303E-01
   7.150E+00   2.000E+00  -1.450E+00   1.247E-01  -1.877E+00   3.814E-01
   7.200E+00   2.000E+00  -1.600E+00   3.609E-02  -1.662E+00   3.245E-01
   7.250E+00   2.000E+00  -1.750E+00  -4.188E-02  -1.467E+00   2.712E-01
   7.300E+00   2.000E+00  -1.900E+00  -1.119E-01  -1.344E+00   2.319E-01
   7.350E+00   2.000E+00  -2.050E+00  -1.767E-01  -1.252E+00   2.033E-01
   7.400E+00   2.000E+00  -2.200E+00  -2.371E-01  -1.162E+00   1.804E-01
   7.450E+00   2.000E+00  -2.350E+00  -2.927E-01  -1.056E+00   1.621E-01
   7.500E+00   2.000E+00  -2.500E+00  -3.422E-01  -9.186E-01   1.433E-01
   7.550E+00   2.000E+00  -2.650E+00  -3.839E-01  -7.457E-01   1.193E-01
   7.600E+00   2.000E+00  -2.800E+00  -4.170E-01  -5.813E-01   9.531E-02
   7.650E+00   2.000E+00  -2.950E+00  -4.427E-01  -4.567E-01   7.486E-02
   7.700E+00   2.000E+00  -3.100E+00  -4.629E-01  -3.522E-01   5.505E-02
   7.750E+00   2.000E+00  -3.250E+00  -4.784E-01  -2.716E-01   3.921E-02
   7.800E+00   2.000E+00  -3.400E+00  -4.907E-01  -2.289E-01   2.911E-02
   7.850E+00   2.000E+00  -3.550E+00  -5.014E-01  -1.976E-01   2.024E-02
   7.900E+00   2.000E+00  -3.700E+00  -5.107E-01  -1.764E-01   1.332E-02
   7.950E+00   2.000E+00  -3.850E+00  -5.194E-01  -1.731E-01   8.699E-03
   8.000E+00   2.000E+00  -4.000E+00  -5.280E-01  -1.697E-01   4.301E-03
