   4.700E+00  -2.000E+00   1.900E+00   5.604E+00  -1.788E+00   2.556E-01
   4.750E+00  -2.000E+00   1.750E+00   5.503E+00  -2.259E+00   2.670E-01
   4.800E+00  -2.000E+00   1.600E+00   5.379E+00  -2.652E+00   3.200E-01
   4.850E+00  -2.000E+00   1.450E+00   5.244E+00  -2.753E+00   3.452E-01
   4.900E+00  -2.000E+00   1.300E+00   5.104E+00  -2.801E+00   3.520E-01
   4.950E+00  -2.000E+00   1.150E+00   4.966E+00  -2.798E+00   3.518E-01
   5.000E+00  -2.000E+00   1.000E+00   4.824E+00  -2.852E+00   3.429E-01
   5.050E+00  -2.000E+00   8.500E-01   4.676E+00  -3.141E+00   3.411E-01
   5.100E+00  -2.000E+00   7.000E-01   4.510E+00  -3.517E+00   3.476E-01
   5.150E+00  -2.000E+00   5.500E-01   4.321E+00  -4.043E+00   3.923E-01
   5.200E+00  -2.000E+00   4.000E-01   4.107E+00  -4.491E+00   4.446E-01
   5.250E+00  -2.000E+00   2.500E-01   3.874E+00  -4.784E+00   4.953E-01
   5.300E+00  -2.000E+00   1.000E-01   3.633E+00  -4.822E+00   5.266E-01
   5.350E+00  -2.000E+00  -5.000E-02   3.396E+00  -4.612E+00   5.306E-01
   5.400E+00  -2.000E+00  -2.000E-01   3.172E+00  -4.334E+00   5.227E-01
   5.450E+00  -2.000E+00  -3.500E-01   2.965E+00  -3.952E+00   4.956E-01
   5.500E+00  -2.000E+00  -5.000E-01   2.777E+00  -3.575E+00   4.641E-01
   5.550E+00  -2.000E+00  -6.500E-01   2.607E+00  -3.248E+00   4.424E-01
   5.600E+00  -2.000E+00  -8.000E-01   2.452E+00  -2.920E+00   4.281E-01
   5.650E+00  -2.000E+00  -9.500E-01   2.313E+00  -2.668E+00   4.201E-01
   5.700E+00  -2.000E+00  -1.100E+00   2.184E+00  -2.505E+00   4.198E-01
   5.750E+00  -2.000E+00  -1.250E+00   2.061E+00  -2.479E+00   4.354E-01
   5.800E+00  -2.000E+00  -1.400E+00   1.933E+00  -2.627E+00   4.712E-01
   5.850E+00  -2.000E+00  -1.550E+00   1.798E+00  -2.766E+00   5.149E-01
   5.900E+00  -2.000E+00  -1.700E+00   1.656E+00  -2.913E+00   5.751E-01
   5.950E+00  -2.000E+00  -1.850E+00   1.506E+00  -3.095E+00   6.552E-01
   6.000E+00  -2.000E+00  -2.000E+00   1.346E+00  -3.306E+00   7.462E-01
   6.050E+00  -2.000E+00  -2.150E+00   1.178E+00  -3.398E+00   8.229E-01
   6.100E+00  -2.000E+00  -2.300E+00   1.008E+00  -3.361E+00   8.691E-01
   6.150E+00  -2.000E+00  -2.450E+00   8.437E-01  -3.224E+00   8.840E-01
   6.200E+00  -2.000E+00  -2.600E+00   6.864E-01  -3.044E+00   8.788E-01
   6.250E+00  -2.000E+00  -2.750E+00   5.419E-01  -2.705E+00   8.409E-01
   6.300E+00  -2.000E+00  -2.900E+00   4.196E-01  -2.170E+00   7.627E-01
   6.350E+00  -2.000E+00  -3.050E+00   3.203E-01  -1.903E+00   6.830E-01
   6.400E+00  -2.000E+00  -3.200E+00   2.184E-01  -2.275E+00   6.500E-01
   6.450E+00  -2.000E+00  -3.350E+00   8.727E-02  -2.947E+00   6.454E-01
   6.500E+00  -2.000E+00  -3.500E+00  -6.462E-02  -2.958E+00   5.812E-01
   6.550E+00  -2.000E+00  -3.650E+00  -1.965E-01  -2.260E+00   4.473E-01
   6.600E+00  -2.000E+00  -3.800E+00  -2.895E-01  -1.497E+00   3.116E-01
   6.650E+00  -2.000E+00  -3.950E+00  -3.517E-01  -1.026E+00   2.154E-01
   6.700E+00  -2.000E+00  -4.100E+00  -3.939E-01  -6.855E-01   1.436E-01
   6.750E+00  -2.000E+00  -4.250E+00  -4.221E-01  -4.511E-01   9.375E-02
   6.800E+00  -2.000E+00  -4.400E+00  -4.402E-01  -2.880E-01   6.015E-02
   6.850E+00  -2.000E+00  -4.550E+00  -4.517E-01  -1.777E-01   3.864E-02
   6.900E+00  -2.000E+00  -4.700E+00  -4.584E-01  -9.455E-02   2.454E-02
   6.950E+00  -2.000E+00  -4.850E+00  -4.619E-01  -5.154E-02   1.677E-02
   7.000E+00  -2.000E+00  -5.000E+00  -4.644E-01  -5.359E-02   1.395E-02
   7.050E+00  -2.000E+00  -5.150E+00  -4.674E-01  -6.635E-02   1.216E-02
   7.100E+00  -2.000E+00  -5.300E+00  -4.708E-01  -6.653E-02   9.196E-03
   7.150E+00  -2.000E+00  -5.450E+00  -4.738E-01  -5.400E-02   5.842E-03
   7.200E+00  -2.000E+00  -5.600E+00  -4.762E-01  -4.354E-02   3.441E-03
   7.250E+00  -2.000E+00  -5.750E+00  -4.783E-01  -3.934E-02   2.030E-03
   7.300E+00  -2.000E+00  -5.900E+00  -4.802E-01  -3.843E-02   1.181E-03
   7.350E+00  -2.000E+00  -6.050E+00  -4.821E-01  -3.886E-02   7.046E-04
   7.400E+00  -2.000E+00  -6.200E+00  -4.841E-01  -4.147E-02   4.431E-04
   7.450E+00  -2.000E+00  -6.350E+00  -4.863E-01  -4.556E-02   2.788E-04
   7.500E+00  -2.000E+00  -6.500E+00  -4.887E-01  -4.902E-02   1.799E-04
   7.550E+00  -2.000E+00  -6.650E+00  -4.912E-01  -5.412E-02   1.221E-04
   7.600E+00  -2.000E+00  -6.800E+00  -4.941E-01  -5.976E-02   8.151E-05
   7.650E+00  -2.000E+00  -6.950E+00  -4.972E-01  -6.582E-02   4.996E-05
   7.700E+00  -2.000E+00  -7.100E+00  -5.007E-01  -7.253E-02   3.616E-05
   7.750E+00  -2.000E+00  -7.250E+00  -5.045E-01  -8.045E-02   2.246E-05
   7.800E+00  -2.000E+00  -7.400E+00  -5.088E-01  -8.959E-02   2.334E-05
