   6.200E+00   0.000E+00  -6.000E-01   1.950E+00  -2.536E+00   3.402E-01
   6.250E+00   0.000E+00  -7.500E-01   1.820E+00  -2.672E+00   3.188E-01
   6.300E+00   0.000E+00  -9.000E-01   1.680E+00  -2.895E+00   3.269E-01
   6.350E+00   0.000E+00  -1.050E+00   1.535E+00  -2.877E+00   3.204E-01
   6.400E+00   0.000E+00  -1.200E+00   1.389E+00  -3.004E+00   3.286E-01
   6.450E+00   0.000E+00  -1.350E+00   1.236E+00  -3.088E+00   3.265E-01
   6.500E+00   0.000E+00  -1.500E+00   1.080E+00  -3.161E+00   3.390E-01
   6.550E+00   0.000E+00  -1.650E+00   9.189E-01  -3.284E+00   3.677E-01
   6.600E+00   0.000E+00  -1.800E+00   7.535E-01  -3.312E+00   3.889E-01
   6.650E+00   0.000E+00  -1.950E+00   5.885E-01  -3.291E+00   4.091E-01
   6.700E+00   0.000E+00  -2.100E+00   4.247E-01  -3.243E+00   4.308E-01
   6.750E+00   0.000E+00  -2.250E+00   2.662E-01  -3.084E+00   4.367E-01
   6.800E+00   0.000E+00  -2.400E+00   1.174E-01  -2.851E+00   4.282E-01
   6.850E+00   0.000E+00  -2.550E+00  -1.636E-02  -2.474E+00   4.009E-01
   6.900E+00   0.000E+00  -2.700E+00  -1.289E-01  -2.026E+00   3.559E-01
   6.950E+00   0.000E+00  -2.850E+00  -2.184E-01  -1.545E+00   2.990E-01
   7.000E+00   0.000E+00  -3.000E+00  -2.835E-01  -1.077E+00   2.395E-01
   7.050E+00   0.000E+00  -3.150E+00  -3.279E-01  -7.139E-01   1.886E-01
   7.100E+00   0.000E+00  -3.300E+00  -3.570E-01  -4.778E-01   1.500E-01
   7.150E+00   0.000E+00  -3.450E+00  -3.786E-01  -4.113E-01   1.266E-01
   7.200E+00   0.000E+00  -3.600E+00  -3.997E-01  -4.357E-01   1.107E-01
   7.250E+00   0.000E+00  -3.750E+00  -4.218E-01  -4.379E-01   9.280E-02
   7.300E+00   0.000E+00  -3.900E+00  -4.421E-01  -3.661E-01   6.973E-02
   7.350E+00   0.000E+00  -4.050E+00  -4.580E-01  -2.686E-01   4.756E-02
   7.400E+00   0.000E+00  -4.200E+00  -4.692E-01  -1.856E-01   3.024E-02
   7.450E+00   0.000E+00  -4.350E+00  -4.771E-01  -1.341E-01   1.892E-02
   7.500E+00   0.000E+00  -4.500E+00  -4.830E-01  -1.032E-01   1.194E-02
   7.550E+00   0.000E+00  -4.650E+00  -4.877E-01  -8.694E-02   7.548E-03
   7.600E+00   0.000E+00  -4.800E+00  -4.918E-01  -8.013E-02   4.785E-03
   7.650E+00   0.000E+00  -4.950E+00  -4.958E-01  -7.877E-02   3.074E-03
   7.700E+00   0.000E+00  -5.100E+00  -4.998E-01  -8.061E-02   2.001E-03
   7.750E+00   0.000E+00  -5.250E+00  -5.039E-01  -8.557E-02   1.284E-03
   7.800E+00   0.000E+00  -5.400E+00  -5.084E-01  -9.301E-02   8.388E-04
   7.850E+00   0.000E+00  -5.550E+00  -5.132E-01  -1.018E-01   5.410E-04
   7.900E+00   0.000E+00  -5.700E+00  -5.186E-01  -1.131E-01   3.530E-04
   7.950E+00   0.000E+00  -5.850E+00  -5.246E-01  -1.269E-01   2.163E-04
   8.000E+00   0.000E+00  -6.000E+00  -5.313E-01  -1.440E-01   1.236E-04
