   3.500E+00  -6.000E+00   1.500E+00  -1.547E+00   7.204E+00   7.013E-01
   3.550E+00  -6.000E+00   1.350E+00  -1.200E+00   6.872E+00   7.248E-01
   3.600E+00  -6.000E+00   1.200E+00  -8.434E-01   7.461E+00   6.539E-01
   3.650E+00  -6.000E+00   1.050E+00  -4.807E-01   6.509E+00   6.479E-01
   3.700E+00  -6.000E+00   9.000E-01  -2.319E-01   3.263E+00   7.511E-01
   3.750E+00  -6.000E+00   7.500E-01  -1.001E-01   3.344E+00   7.945E-01
   3.800E+00  -6.000E+00   6.000E-01   1.791E-01   7.661E+00   6.227E-01
   3.850E+00  -6.000E+00   4.500E-01   6.146E-01   9.210E+00   5.126E-01
   3.900E+00  -6.000E+00   3.000E-01   1.077E+00   9.290E+00   4.358E-01
   3.950E+00  -6.000E+00   1.500E-01   1.544E+00   9.367E+00   3.504E-01
   4.000E+00  -6.000E+00   0.000E+00   2.007E+00   9.037E+00   2.667E-01
   4.050E+00  -6.000E+00  -1.500E-01   2.438E+00   8.128E+00   2.117E-01
   4.100E+00  -6.000E+00  -3.000E-01   2.811E+00   6.730E+00   2.134E-01
   4.150E+00  -6.000E+00  -4.500E-01   3.104E+00   4.898E+00   2.848E-01
   4.200E+00  -6.000E+00  -6.000E-01   3.295E+00   2.691E+00   4.297E-01
   4.250E+00  -6.000E+00  -7.500E-01   3.369E+00   3.171E-01   6.440E-01
   4.300E+00  -6.000E+00  -9.000E-01   3.339E+00  -1.348E+00   8.459E-01
   4.350E+00  -6.000E+00  -1.050E+00   3.256E+00  -1.730E+00   9.547E-01
   4.400E+00  -6.000E+00  -1.200E+00   3.174E+00  -1.603E+00   1.010E+00
   4.450E+00  -6.000E+00  -1.350E+00   3.095E+00  -1.584E+00   1.044E+00
   4.500E+00  -6.000E+00  -1.500E+00   3.013E+00  -1.719E+00   1.073E+00
   4.550E+00  -6.000E+00  -1.650E+00   2.923E+00  -1.866E+00   1.086E+00
   4.600E+00  -6.000E+00  -1.800E+00   2.827E+00  -1.951E+00   1.071E+00
   4.650E+00  -6.000E+00  -1.950E+00   2.726E+00  -2.116E+00   1.028E+00
   4.700E+00  -6.000E+00  -2.100E+00   2.609E+00  -2.712E+00   9.865E-01
   4.750E+00  -6.000E+00  -2.250E+00   2.442E+00  -4.022E+00   1.005E+00
   4.800E+00  -6.000E+00  -2.400E+00   2.218E+00  -4.677E+00   1.032E+00
   4.850E+00  -6.000E+00  -2.550E+00   1.989E+00  -4.508E+00   1.031E+00
   4.900E+00  -6.000E+00  -2.700E+00   1.767E+00  -4.260E+00   1.039E+00
   4.950E+00  -6.000E+00  -2.850E+00   1.570E+00  -3.638E+00   1.020E+00
   5.000E+00  -6.000E+00  -3.000E+00   1.401E+00  -3.144E+00   9.939E-01
   5.050E+00  -6.000E+00  -3.150E+00   1.255E+00  -2.701E+00   9.593E-01
   5.100E+00  -6.000E+00  -3.300E+00   1.132E+00  -2.223E+00   9.026E-01
   5.150E+00  -6.000E+00  -3.450E+00   1.033E+00  -1.705E+00   8.316E-01
   5.200E+00  -6.000E+00  -3.600E+00   9.596E-01  -1.259E+00   7.500E-01
   5.250E+00  -6.000E+00  -3.750E+00   9.053E-01  -9.835E-01   6.471E-01
   5.300E+00  -6.000E+00  -3.900E+00   8.513E-01  -1.263E+00   5.758E-01
   5.350E+00  -6.000E+00  -4.050E+00   7.707E-01  -2.043E+00   5.611E-01
   5.400E+00  -6.000E+00  -4.200E+00   6.432E-01  -3.052E+00   5.782E-01
   5.450E+00  -6.000E+00  -4.350E+00   4.663E-01  -4.018E+00   6.023E-01
   5.500E+00  -6.000E+00  -4.500E+00   2.507E-01  -4.408E+00   6.038E-01
   5.550E+00  -6.000E+00  -4.650E+00   3.752E-02  -4.082E+00   5.446E-01
   5.600E+00  -6.000E+00  -4.800E+00  -1.472E-01  -3.169E+00   4.229E-01
   5.650E+00  -6.000E+00  -4.950E+00  -2.751E-01  -1.986E+00   2.811E-01
   5.700E+00  -6.000E+00  -5.100E+00  -3.506E-01  -1.094E+00   1.709E-01
   5.750E+00  -6.000E+00  -5.250E+00  -3.913E-01  -5.891E-01   1.074E-01
   5.800E+00  -6.000E+00  -5.400E+00  -4.132E-01  -3.185E-01   7.045E-02
   5.850E+00  -6.000E+00  -5.550E+00  -4.265E-01  -2.383E-01   5.188E-02
   5.900E+00  -6.000E+00  -5.700E+00  -4.369E-01  -1.610E-01   3.772E-02
   5.950E+00  -6.000E+00  -5.850E+00  -4.423E-01  -5.692E-02   2.766E-02
   6.000E+00  -6.000E+00  -6.000E+00  -4.425E-01   4.126E-02   2.033E-02
   6.050E+00  -6.000E+00  -6.150E+00  -4.396E-01   5.981E-02   1.983E-02
   6.100E+00  -6.000E+00  -6.300E+00  -4.377E-01  -1.912E-03   2.273E-02
   6.150E+00  -6.000E+00  -6.450E+00  -4.422E-01  -1.877E-01   2.896E-02
   6.200E+00  -6.000E+00  -6.600E+00  -4.536E-01  -2.147E-01   2.241E-02
   6.250E+00  -6.000E+00  -6.750E+00  -4.613E-01  -1.024E-01   1.062E-02
   6.300E+00  -6.000E+00  -6.900E+00  -4.648E-01  -4.465E-02   4.502E-03
   6.350E+00  -6.000E+00  -7.050E+00  -4.664E-01  -1.980E-02   2.249E-03
   6.400E+00  -6.000E+00  -7.200E+00  -4.671E-01  -1.386E-02   1.286E-03
   6.450E+00  -6.000E+00  -7.350E+00  -4.678E-01  -1.311E-02   8.318E-04
   6.500E+00  -6.000E+00  -7.500E+00  -4.683E-01  -1.040E-02  -4.733E-05
