   3.500E+00  -8.000E+00  -5.000E-01  -3.025E+00   8.360E+00   7.239E-01
   3.550E+00  -8.000E+00  -6.500E-01  -2.566E+00   9.331E+00   6.367E-01
   3.600E+00  -8.000E+00  -8.000E-01  -2.160E+00   6.188E+00   7.160E-01
   3.650E+00  -8.000E+00  -9.500E-01  -1.973E+00   1.614E+00   8.540E-01
   3.700E+00  -8.000E+00  -1.100E+00  -1.863E+00   4.970E+00   7.560E-01
   3.750E+00  -8.000E+00  -1.250E+00  -1.429E+00   1.106E+01   5.244E-01
   3.800E+00  -8.000E+00  -1.400E+00  -8.506E-01   1.185E+01   4.367E-01
   3.850E+00  -8.000E+00  -1.550E+00  -2.483E-01   1.226E+01   3.586E-01
   3.900E+00  -8.000E+00  -1.700E+00   3.785E-01   1.283E+01   2.629E-01
   3.950E+00  -8.000E+00  -1.850E+00   1.017E+00   1.234E+01   1.966E-01
   4.000E+00  -8.000E+00  -2.000E+00   1.575E+00   9.607E+00   2.251E-01
   4.050E+00  -8.000E+00  -2.150E+00   1.945E+00   4.929E+00   3.908E-01
   4.100E+00  -8.000E+00  -2.300E+00   2.057E+00  -2.857E-01   6.741E-01
   4.150E+00  -8.000E+00  -2.450E+00   1.951E+00  -3.494E+00   9.030E-01
   4.200E+00  -8.000E+00  -2.600E+00   1.752E+00  -4.134E+00   9.800E-01
   4.250E+00  -8.000E+00  -2.750E+00   1.563E+00  -3.289E+00   9.593E-01
   4.300E+00  -8.000E+00  -2.900E+00   1.413E+00  -2.907E+00   9.584E-01
   4.350E+00  -8.000E+00  -3.050E+00   1.271E+00  -2.687E+00   9.523E-01
   4.400E+00  -8.000E+00  -3.200E+00   1.142E+00  -2.516E+00   9.605E-01
   4.450E+00  -8.000E+00  -3.350E+00   1.025E+00  -2.068E+00   9.473E-01
   4.500E+00  -8.000E+00  -3.500E+00   9.429E-01  -1.192E+00   8.969E-01
   4.550E+00  -8.000E+00  -3.650E+00   9.044E-01  -3.810E-01   8.346E-01
   4.600E+00  -8.000E+00  -3.800E+00   8.906E-01  -4.810E-01   8.058E-01
   4.650E+00  -8.000E+00  -3.950E+00   8.245E-01  -2.307E+00   8.654E-01
   4.700E+00  -8.000E+00  -4.100E+00   6.766E-01  -3.308E+00   8.573E-01
   4.750E+00  -8.000E+00  -4.250E+00   5.038E-01  -3.626E+00   8.126E-01
   4.800E+00  -8.000E+00  -4.400E+00   3.264E-01  -3.234E+00   7.251E-01
   4.850E+00  -8.000E+00  -4.550E+00   1.865E-01  -2.482E+00   6.151E-01
   4.900E+00  -8.000E+00  -4.700E+00   7.688E-02  -1.782E+00   5.204E-01
   4.950E+00  -8.000E+00  -4.850E+00   8.467E-03  -1.086E+00   4.313E-01
   5.000E+00  -8.000E+00  -5.000E+00  -3.453E-02  -5.452E-01   3.584E-01
   5.050E+00  -8.000E+00  -5.150E+00  -4.438E-02   8.305E-02   2.976E-01
   5.100E+00  -8.000E+00  -5.300E+00  -2.710E-02   6.868E-01   2.470E-01
   5.150E+00  -8.000E+00  -5.450E+00   2.576E-02   1.327E+00   1.953E-01
   5.200E+00  -8.000E+00  -5.600E+00   8.856E-02   9.629E-01   1.896E-01
   5.250E+00  -8.000E+00  -5.750E+00   1.049E-01  -3.571E-01   2.259E-01
   5.300E+00  -8.000E+00  -5.900E+00   6.042E-02  -1.338E+00   2.332E-01
   5.350E+00  -8.000E+00  -6.050E+00  -3.514E-02  -2.573E+00   2.612E-01
   5.400E+00  -8.000E+00  -6.200E+00  -1.778E-01  -2.779E+00   2.337E-01
   5.450E+00  -8.000E+00  -6.350E+00  -3.000E-01  -2.123E+00   1.774E-01
   5.500E+00  -8.000E+00  -6.500E+00  -3.848E-01  -1.221E+00   1.006E-01
   5.550E+00  -8.000E+00  -6.650E+00  -4.269E-01  -5.478E-01   5.207E-02
   5.600E+00  -8.000E+00  -6.800E+00  -4.454E-01  -2.374E-01   2.661E-02
   5.650E+00  -8.000E+00  -6.950E+00  -4.534E-01  -9.461E-02   1.371E-02
   5.700E+00  -8.000E+00  -7.100E+00  -4.567E-01  -5.947E-02   9.211E-03
   5.750E+00  -8.000E+00  -7.250E+00  -4.599E-01  -5.729E-02   7.593E-03
   5.800E+00  -8.000E+00  -7.400E+00  -4.618E-01  -2.138E-02   5.193E-03
