   3.500E+00  -1.000E+01  -2.500E+00  -4.128E+00   1.064E+01   2.981E-01
   3.550E+00  -1.000E+01  -2.650E+00  -3.765E+00   4.415E+00   4.680E-01
   3.600E+00  -1.000E+01  -2.800E+00  -3.633E+00   1.527E+00   5.878E-01
   3.650E+00  -1.000E+01  -2.950E+00  -3.458E+00   7.407E+00   3.881E-01
   3.700E+00  -1.000E+01  -3.100E+00  -2.898E+00   1.327E+01   2.254E-01
   3.750E+00  -1.000E+01  -3.250E+00  -2.217E+00   1.406E+01   1.740E-01
   3.800E+00  -1.000E+01  -3.400E+00  -1.484E+00   1.518E+01   9.416E-02
   3.850E+00  -1.000E+01  -3.550E+00  -7.159E-01   1.534E+01   6.241E-02
   3.900E+00  -1.000E+01  -3.700E+00   1.148E-02   1.314E+01   1.362E-01
   3.950E+00  -1.000E+01  -3.850E+00   5.254E-01   6.653E+00   4.026E-01
   4.000E+00  -1.000E+01  -4.000E+00   6.627E-01  -5.573E-01   7.308E-01
   4.050E+00  -1.000E+01  -4.150E+00   5.435E-01  -3.584E+00   8.372E-01
   4.100E+00  -1.000E+01  -4.300E+00   3.505E-01  -3.743E+00   7.898E-01
   4.150E+00  -1.000E+01  -4.450E+00   1.954E-01  -2.438E+00   6.616E-01
   4.200E+00  -1.000E+01  -4.600E+00   8.954E-02  -2.000E+00   5.761E-01
   4.250E+00  -1.000E+01  -4.750E+00  -2.497E-03  -1.561E+00   4.847E-01
   4.300E+00  -1.000E+01  -4.900E+00  -7.267E-02  -1.386E+00   4.261E-01
   4.350E+00  -1.000E+01  -5.050E+00  -1.372E-01  -1.043E+00   3.547E-01
   4.400E+00  -1.000E+01  -5.200E+00  -1.696E-01  -2.655E-01   2.831E-01
   4.450E+00  -1.000E+01  -5.350E+00  -1.673E-01   3.351E-01   2.529E-01
   4.500E+00  -1.000E+01  -5.500E+00  -1.505E-01   3.642E-02   2.653E-01
   4.550E+00  -1.000E+01  -5.650E+00  -1.757E-01  -8.873E-01   2.971E-01
   4.600E+00  -1.000E+01  -5.800E+00  -2.228E-01  -9.591E-01   2.574E-01
   4.650E+00  -1.000E+01  -5.950E+00  -2.720E-01  -9.702E-01   2.094E-01
   4.700E+00  -1.000E+01  -6.100E+00  -3.129E-01  -6.086E-01   1.512E-01
   4.750E+00  -1.000E+01  -6.250E+00  -3.358E-01  -4.095E-01   1.084E-01
   4.800E+00  -1.000E+01  -6.400E+00  -3.545E-01  -2.317E-01   8.553E-02
   4.850E+00  -1.000E+01  -6.550E+00  -3.581E-01  -1.766E-02   6.838E-02
   4.900E+00  -1.000E+01  -6.700E+00  -3.581E-01   9.077E-02   5.767E-02
   4.950E+00  -1.000E+01  -6.850E+00  -3.477E-01   2.656E-01   4.729E-02
   5.000E+00  -1.000E+01  -7.000E+00  -3.289E-01   6.326E-01   4.269E-02
   5.050E+00  -1.000E+01  -7.150E+00  -2.802E-01   1.214E+00   3.075E-02
   5.100E+00  -1.000E+01  -7.300E+00  -2.167E-01   1.231E+00   3.167E-02
   5.150E+00  -1.000E+01  -7.450E+00  -1.700E-01   5.538E-01   6.719E-02
