#
# Uniform-density and polytropic Sun models
# source: Ryden calculation
#
# units:
#  R/Rsun - dimensionless
#  uniRho - density in g/cm^3, uniform-density model
#  uniP - pressure in atm, uniform-density model
#  uniT - temperature in K, uniform-density model
#  polyRho - density in g/cm^3, polytropic model
#  polyP - pressure in atm, polytropic model
#  polyT - temperature in K, polytropic model
# 
R/Rsun        uniRho      uniP         uniT          polyRho     polyP        polyT
0.0000        1.4098      0.13200E+10  0.70000E+07   76.410      0.14600E+12  0.14400E+08
0.57896E-03   1.4098      0.13200E+10  0.70000E+07   76.409      0.14600E+12  0.14400E+08
0.95217E-03   1.4098      0.13200E+10  0.70000E+07   76.408      0.14600E+12  0.14400E+08
0.12834E-02   1.4098      0.13200E+10  0.70000E+07   76.407      0.14599E+12  0.14400E+08
0.14177E-02   1.4098      0.13200E+10  0.70000E+07   76.406      0.14599E+12  0.14400E+08
0.17298E-02   1.4098      0.13200E+10  0.70000E+07   76.405      0.14599E+12  0.14400E+08
0.19108E-02   1.4098      0.13200E+10  0.70000E+07   76.403      0.14598E+12  0.14400E+08
0.21107E-02   1.4098      0.13200E+10  0.70000E+07   76.402      0.14598E+12  0.14399E+08
0.23315E-02   1.4098      0.13200E+10  0.70000E+07   76.400      0.14597E+12  0.14399E+08
0.25754E-02   1.4098      0.13200E+10  0.70000E+07   76.398      0.14597E+12  0.14399E+08
0.28449E-02   1.4098      0.13200E+10  0.69999E+07   76.395      0.14596E+12  0.14399E+08
0.31425E-02   1.4098      0.13200E+10  0.69999E+07   76.392      0.14595E+12  0.14399E+08
0.34713E-02   1.4098      0.13200E+10  0.69999E+07   76.388      0.14594E+12  0.14399E+08
0.38345E-02   1.4098      0.13200E+10  0.69999E+07   76.383      0.14593E+12  0.14398E+08
0.42357E-02   1.4098      0.13200E+10  0.69999E+07   76.377      0.14592E+12  0.14398E+08
0.46788E-02   1.4098      0.13200E+10  0.69998E+07   76.370      0.14590E+12  0.14398E+08
0.51683E-02   1.4098      0.13200E+10  0.69998E+07   76.361      0.14588E+12  0.14397E+08
0.57090E-02   1.4098      0.13200E+10  0.69998E+07   76.351      0.14585E+12  0.14396E+08
0.63063E-02   1.4098      0.13199E+10  0.69997E+07   76.338      0.14582E+12  0.14395E+08
0.69661E-02   1.4098      0.13199E+10  0.69997E+07   76.322      0.14578E+12  0.14394E+08
0.76949E-02   1.4098      0.13199E+10  0.69996E+07   76.302      0.14573E+12  0.14393E+08
0.85000E-02   1.4098      0.13199E+10  0.69995E+07   76.279      0.14567E+12  0.14392E+08
0.93892E-02   1.4098      0.13199E+10  0.69994E+07   76.250      0.14559E+12  0.14390E+08
0.10372E-01   1.4098      0.13199E+10  0.69992E+07   76.215      0.14550E+12  0.14388E+08
0.11457E-01   1.4098      0.13198E+10  0.69991E+07   76.172      0.14539E+12  0.14385E+08
0.12655E-01   1.4098      0.13198E+10  0.69989E+07   76.120      0.14526E+12  0.14382E+08
0.13979E-01   1.4098      0.13197E+10  0.69986E+07   76.056      0.14510E+12  0.14378E+08
0.15442E-01   1.4098      0.13197E+10  0.69983E+07   75.978      0.14490E+12  0.14373E+08
0.17057E-01   1.4098      0.13196E+10  0.69980E+07   75.884      0.14466E+12  0.14367E+08
0.18842E-01   1.4098      0.13195E+10  0.69975E+07   75.768      0.14437E+12  0.14360E+08
0.20813E-01   1.4098      0.13194E+10  0.69970E+07   75.628      0.14401E+12  0.14351E+08
0.22991E-01   1.4098      0.13193E+10  0.69963E+07   75.457      0.14358E+12  0.14340E+08
0.25396E-01   1.4098      0.13191E+10  0.69955E+07   75.249      0.14305E+12  0.14327E+08
0.28053E-01   1.4098      0.13190E+10  0.69945E+07   74.997      0.14241E+12  0.14311E+08
0.30988E-01   1.4098      0.13187E+10  0.69933E+07   74.690      0.14163E+12  0.14291E+08
0.34230E-01   1.4098      0.13185E+10  0.69918E+07   74.318      0.14069E+12  0.14267E+08
0.37811E-01   1.4098      0.13181E+10  0.69900E+07   73.867      0.13956E+12  0.14238E+08
0.41767E-01   1.4098      0.13177E+10  0.69878E+07   73.321      0.13818E+12  0.14203E+08
0.46137E-01   1.4098      0.13172E+10  0.69851E+07   72.663      0.13653E+12  0.14161E+08
0.50964E-01   1.4098      0.13166E+10  0.69818E+07   71.869      0.13455E+12  0.14109E+08
0.56296E-01   1.4098      0.13158E+10  0.69778E+07   70.915      0.13217E+12  0.14046E+08
0.62186E-01   1.4098      0.13149E+10  0.69729E+07   69.773      0.12934E+12  0.13970E+08
0.68692E-01   1.4098      0.13138E+10  0.69670E+07   68.411      0.12599E+12  0.13879E+08
0.75879E-01   1.4098      0.13124E+10  0.69597E+07   66.794      0.12203E+12  0.13769E+08
0.83817E-01   1.4098      0.13107E+10  0.69508E+07   64.886      0.11740E+12  0.13636E+08
0.92586E-01   1.4098      0.13087E+10  0.69400E+07   62.650      0.11204E+12  0.13478E+08
0.10227       1.4098      0.13062E+10  0.69268E+07   60.051      0.10589E+12  0.13289E+08
0.11297       1.4098      0.13032E+10  0.69107E+07   57.062      0.98919E+11  0.13065E+08
0.12479       1.4098      0.12994E+10  0.68910E+07   53.664      0.91143E+11  0.12800E+08
0.13785       1.4098      0.12949E+10  0.68670E+07   49.854      0.82621E+11  0.12490E+08
0.15227       1.4098      0.12894E+10  0.68377E+07   45.655      0.73474E+11  0.12129E+08
0.16820       1.4098      0.12827E+10  0.68020E+07   41.113      0.63894E+11  0.11712E+08
0.18580       1.4098      0.12744E+10  0.67584E+07   36.310      0.54141E+11  0.11237E+08
0.20524       1.4098      0.12644E+10  0.67051E+07   31.359      0.44528E+11  0.10701E+08
0.22671       1.4098      0.12522E+10  0.66402E+07   26.402      0.35399E+11  0.10105E+08
0.25043       1.4098      0.12372E+10  0.65610E+07   21.597      0.27082E+11  0.94503E+07
0.27663       1.4098      0.12190E+10  0.64643E+07   17.106      0.19847E+11  0.87437E+07
0.30557       1.4098      0.11967E+10  0.63464E+07   13.072      0.13865E+11  0.79938E+07
0.33651       1.4098      0.11705E+10  0.62073E+07   9.6972      0.93114E+10  0.72365E+07
0.36670       1.4098      0.11425E+10  0.60587E+07   7.1809      0.62382E+10  0.65469E+07
0.39613       1.4098      0.11129E+10  0.59015E+07   5.3179      0.41796E+10  0.59232E+07
0.42494       1.4098      0.10816E+10  0.57360E+07   3.9384      0.28006E+10  0.53590E+07
0.45319       1.4098      0.10489E+10  0.55623E+07   2.9168      0.18766E+10  0.48486E+07
0.48091       1.4098      0.10147E+10  0.53811E+07   2.1602      0.12574E+10  0.43868E+07
0.50811       1.4098      0.97921E+09  0.51928E+07   1.5999      0.84254E+09  0.39689E+07
0.53475       1.4098      0.94253E+09  0.49983E+07   1.1848      0.56454E+09  0.35908E+07
0.56082       1.4098      0.90483E+09  0.47983E+07  0.87744      0.37824E+09  0.32488E+07
0.58627       1.4098      0.86630E+09  0.45940E+07  0.64977      0.25342E+09  0.29392E+07
0.61104       1.4098      0.82715E+09  0.43864E+07  0.48116      0.16977E+09  0.26591E+07
0.63509       1.4098      0.78759E+09  0.41766E+07  0.35628      0.11373E+09  0.24057E+07
0.65836       1.4098      0.74787E+09  0.39660E+07  0.26380      0.76183E+08  0.21764E+07
0.68080       1.4098      0.70820E+09  0.37556E+07  0.19532      0.51028E+08  0.19689E+07
0.70237       1.4098      0.66882E+09  0.35468E+07  0.14461      0.34177E+08  0.17812E+07
0.72302       1.4098      0.62995E+09  0.33406E+07  0.10705      0.22889E+08  0.16113E+07
0.74274       1.4098      0.59180E+09  0.31383E+07  0.79250E-01  0.15328E+08  0.14576E+07
0.76150       1.4098      0.55456E+09  0.29409E+07  0.58664E-01  0.10264E+08  0.13186E+07
0.77928       1.4098      0.51840E+09  0.27491E+07  0.43423E-01  0.68725E+07  0.11928E+07
0.79607       1.4098      0.48347E+09  0.25639E+07  0.32141E-01  0.46014E+07  0.10789E+07
0.81190       1.4098      0.44989E+09  0.23858E+07  0.23788E-01  0.30806E+07  0.97596E+06
0.82676       1.4098      0.41775E+09  0.22153E+07  0.17606E-01  0.20623E+07  0.88280E+06
0.84067       1.4098      0.38712E+09  0.20529E+07  0.13030E-01  0.13806E+07  0.79853E+06
0.85366       1.4098      0.35807E+09  0.18988E+07  0.96424E-02  0.92413E+06  0.72228E+06
0.86576       1.4098      0.33060E+09  0.17532E+07  0.71355E-02  0.61857E+06  0.65331E+06
0.87701       1.4098      0.30473E+09  0.16160E+07  0.52802E-02  0.41402E+06  0.59092E+06
0.88744       1.4098      0.28045E+09  0.14872E+07  0.39072E-02  0.27710E+06  0.53448E+06
0.89708       1.4098      0.25772E+09  0.13667E+07  0.28911E-02  0.18545E+06  0.48343E+06
0.90599       1.4098      0.23652E+09  0.12543E+07  0.21392E-02  0.12411E+06  0.43725E+06
0.91420       1.4098      0.21679E+09  0.11497E+07  0.15828E-02   83057.      0.39547E+06
0.92176       1.4098      0.19848E+09  0.10525E+07  0.11711E-02   55581.      0.35769E+06
0.92870       1.4098      0.18152E+09  0.96261E+06  0.86644E-03   37194.      0.32351E+06
0.93507       1.4098      0.16585E+09  0.87949E+06  0.64104E-03   24888.      0.29260E+06
0.94091       1.4098      0.15139E+09  0.80283E+06  0.47426E-03   16654.      0.26464E+06
0.94625       1.4098      0.13808E+09  0.73224E+06  0.35087E-03   11143.      0.23935E+06
0.95114       1.4098      0.12584E+09  0.66735E+06  0.25958E-03   7456.2      0.21647E+06
0.95560       1.4098      0.11461E+09  0.60778E+06  0.19204E-03   4988.9      0.19578E+06
0.95967       1.4098      0.10431E+09  0.55318E+06  0.14207E-03   3338.0      0.17707E+06
0.96339       1.4098      0.94888E+08  0.50320E+06  0.10510E-03   2233.4      0.16015E+06
0.96677       1.4098      0.86268E+08  0.45748E+06  0.77752E-04   1494.3      0.14484E+06
0.96985       1.4098      0.78393E+08  0.41572E+06  0.57519E-04   999.77      0.13099E+06
0.97265       1.4098      0.71205E+08  0.37760E+06  0.42550E-04   668.89      0.11847E+06
0.97520       1.4098      0.64651E+08  0.34285E+06  0.31477E-04   447.52      0.10715E+06
0.97752       1.4098      0.58678E+08  0.31117E+06  0.23285E-04   299.41       96904.    
0.97963       1.4098      0.53240E+08  0.28233E+06  0.17225E-04   200.31       87640.    
0.98154       1.4098      0.48290E+08  0.25609E+06  0.12742E-04   134.01       79261.    
0.98327       1.4098      0.43789E+08  0.23222E+06  0.94260E-05   89.658       71684.    
0.98485       1.4098      0.39698E+08  0.21052E+06  0.69727E-05   59.982       64831.    
0.98628       1.4098      0.35980E+08  0.19081E+06  0.51580E-05   40.129       58632.    
0.98757       1.4098      0.32605E+08  0.17290E+06  0.38155E-05   26.846       53027.    
0.98875       1.4098      0.29540E+08  0.15665E+06  0.28224E-05   17.960       47957.    
0.98981       1.4098      0.26759E+08  0.14190E+06  0.20878E-05   12.016       43372.    
0.99078       1.4098      0.24236E+08  0.12852E+06  0.15444E-05   8.0384       39225.    
0.99165       1.4098      0.21948E+08  0.11639E+06  0.11424E-05   5.3776       35475.    
0.99244       1.4098      0.19873E+08  0.10539E+06  0.84507E-06   3.5976       32083.    
0.99316       1.4098      0.17992E+08   95413.      0.62512E-06   2.4068       29016.    
0.99381       1.4098      0.16288E+08   86375.      0.46241E-06   1.6101       26241.    
0.99440       1.4098      0.14744E+08   78186.      0.34205E-06   1.0771       23732.    
0.99493       1.4098      0.13345E+08   70767.      0.25302E-06  0.72059       21463.    
0.99541       1.4098      0.12077E+08   64047.      0.18716E-06  0.48206       19411.    
0.99585       1.4098      0.10930E+08   57962.      0.13844E-06  0.32249       17555.    
0.99625       1.4098      0.98908E+07   52451.      0.10241E-06  0.21574       15877.    
0.99660       1.4098      0.89499E+07   47461.      0.75752E-07  0.14433       14359.    
0.99693       1.4098      0.80980E+07   42944.      0.56035E-07  0.96552E-01   12986.    
0.99722       1.4098      0.73270E+07   38855.      0.41449E-07  0.64591E-01   11744.    
0.99749       1.4098      0.66291E+07   35154.      0.30660E-07  0.43210E-01   10621.    
0.99773       1.4098      0.59974E+07   31804.      0.22680E-07  0.28907E-01   9605.6    
0.99794       1.4098      0.54257E+07   28773.      0.16776E-07  0.19338E-01   8687.1    
0.99814       1.4098      0.49084E+07   26029.      0.12409E-07  0.12937E-01   7856.5    
0.99832       1.4098      0.44401E+07   23546.      0.91793E-08  0.86543E-02   7105.3    
0.99848       1.4098      0.40166E+07   21300.      0.67900E-08  0.57895E-02   6425.9    
0.99862       1.4098      0.36334E+07   19268.      0.50226E-08  0.38731E-02   5811.5    
0.99875       1.4098      0.32865E+07   17429.      0.37152E-08  0.25910E-02   5255.8    
0.99887       1.4098      0.29729E+07   15765.      0.27482E-08  0.17333E-02   4753.3    
0.99898       1.4098      0.26891E+07   14261.      0.20328E-08  0.11595E-02   4298.8    
0.99908       1.4098      0.24323E+07   12898.      0.15037E-08  0.77570E-03   3887.7    
0.99917       1.4098      0.22000E+07   11667.      0.11123E-08  0.51892E-03   3516.0    
0.99925       1.4098      0.19899E+07   10553.      0.82275E-09  0.34715E-03   3179.8    
0.99932       1.4098      0.17998E+07   9544.6      0.60859E-09  0.23223E-03   2875.8    
0.99938       1.4098      0.16279E+07   8632.5      0.45018E-09  0.15536E-03   2600.8    
0.99944       1.4098      0.14725E+07   7808.5      0.33300E-09  0.10393E-03   2352.1    
0.99950       1.4098      0.13317E+07   7062.1      0.24632E-09  0.69526E-04   2127.2    
0.99954       1.4098      0.12045E+07   6387.4      0.18220E-09  0.46511E-04   1923.8    
0.99959       1.4098      0.10893E+07   5776.6      0.13477E-09  0.31115E-04   1739.9    
0.99963       1.4098      0.98521E+06   5224.6      0.99693E-10  0.20815E-04   1573.5    
0.99966       1.4098      0.89111E+06   4725.6      0.73743E-10  0.13925E-04   1423.0    
0.99969       1.4098      0.80582E+06   4273.3      0.54548E-10  0.93151E-05   1287.0    
0.99972       1.4098      0.72895E+06   3865.7      0.40349E-10  0.62316E-05   1163.9    
0.99975       1.4098      0.65924E+06   3496.0      0.29846E-10  0.41687E-05   1052.6    
0.99977       1.4098      0.59614E+06   3161.4      0.22077E-10  0.27888E-05   951.98    
0.99980       1.4098      0.53918E+06   2859.3      0.16331E-10  0.18656E-05   860.95    
0.99982       1.4098      0.48757E+06   2585.6      0.12080E-10  0.12480E-05   778.63    
0.99983       1.4098      0.44107E+06   2339.0      0.89354E-11  0.83491E-06   704.18    
0.99985       1.4098      0.39890E+06   2115.4      0.66095E-11  0.55853E-06   636.85    
0.99986       1.4098      0.36082E+06   1913.4      0.48891E-11  0.37364E-06   575.95    
0.99988       1.4098      0.32636E+06   1730.7      0.36165E-11  0.24996E-06   520.88    
0.99989       1.4098      0.29504E+06   1564.6      0.26751E-11  0.16721E-06   471.08    
0.99990       1.4098      0.26688E+06   1415.3      0.19788E-11  0.11186E-06   426.03    
0.99991       1.4098      0.24138E+06   1280.1      0.14637E-11  0.74832E-07   385.30    
0.99992       1.4098      0.21825E+06   1157.4      0.10827E-11  0.50060E-07   348.46    
0.99993       1.4098      0.19748E+06   1047.3      0.80087E-12  0.33489E-07   315.14    
0.99993       1.4098      0.17860E+06   947.12      0.59240E-12  0.22403E-07   285.00    
0.99994       1.4098      0.16145E+06   856.16      0.43820E-12  0.14987E-07   257.75    
0.99994       1.4098      0.14603E+06   774.38      0.32414E-12  0.10026E-07   233.11    
0.99995       1.4098      0.13202E+06   700.12      0.23977E-12  0.67071E-08   210.82    
0.99995       1.4098      0.11943E+06   633.36      0.17735E-12  0.44869E-08   190.66    
0.99996       1.4098      0.10810E+06   573.28      0.13119E-12  0.30016E-08   172.43    
0.99996       1.4098       97718.       518.20      0.97041E-13  0.20080E-08   155.94    
0.99997       1.4098       88434.       468.97      0.71781E-13  0.13433E-08   141.03    
0.99997       1.4098       79937.       423.91      0.53096E-13  0.89861E-09   127.55    
0.99997       1.4098       72227.       383.02      0.39275E-13  0.60115E-09   115.35    
0.99998       1.4098       65303.       346.30      0.29052E-13  0.40215E-09   104.32    
0.99998       1.4098       59166.       313.76      0.21490E-13  0.26903E-09   94.346    
0.99998       1.4098       53501.       283.72      0.15896E-13  0.17997E-09   85.325    
0.99998       1.4098       48308.       256.18      0.11758E-13  0.12040E-09   77.166    
0.99998       1.4098       43745.       231.98      0.86976E-14  0.80542E-10   69.788    
0.99999       1.4098       39496.       209.45      0.64336E-14  0.53880E-10   63.115    
0.99999       1.4098       35720.       189.42      0.47590E-14  0.36044E-10   57.080    
0.99999       1.4098       32415.       171.90      0.35202E-14  0.24113E-10   51.622    
0.99999       1.4098       29268.       155.21      0.26039E-14  0.16131E-10   46.686    
0.99999       1.4098       26436.       140.19      0.19261E-14  0.10791E-10   42.222    
0.99999       1.4098       23918.       126.84      0.14247E-14  0.72188E-11   38.185    
0.99999       1.4098       21715.       115.16      0.10539E-14  0.48292E-11   34.534    
0.99999       1.4098       19512.       103.47      0.77956E-15  0.32306E-11   31.232    
0.99999       1.4098       17624.       93.460      0.57664E-15  0.21612E-11   28.245    
0.99999       1.4098       16050.       85.115      0.42654E-15  0.14458E-11   25.545    
0.99999       1.4098       14477.       76.771      0.31551E-15  0.96718E-12   23.102    
1.00000       1.4098       13061.       69.261      0.23338E-15  0.64701E-12   20.893    
1.00000       1.4098       11802.       62.585      0.17263E-15  0.43283E-12   18.895    
1.00000       1.4098       10700.       56.744      0.12770E-15  0.28955E-12   17.089    
1.00000       1.4098       9756.1       51.737      0.94458E-16  0.19370E-12   15.455    
1.00000       1.4098       8812.0       46.730      0.69871E-16  0.12958E-12   13.977    
1.00000       1.4098       7867.8       41.723      0.51683E-16  0.86687E-13   12.640    
1.00000       1.4098       7081.0       37.551      0.38230E-16  0.57991E-13   11.432    
1.00000       1.4098       6451.6       34.213      0.28279E-16  0.38794E-13   10.339    
1.00000       1.4098       5822.2       30.875      0.20918E-16  0.25952E-13   9.3501    
1.00000       1.4098       5350.1       28.372      0.15473E-16  0.17361E-13   8.4561    
1.00000       1.4098       4720.7       25.034      0.11445E-16  0.11614E-13   7.6475    
1.00000       1.4098       4406.0       23.365      0.84661E-17  0.77696E-14   6.9163    
1.00000       1.4098       3933.9       20.862      0.62624E-17  0.51977E-14   6.2550    
1.00000       1.4098       3461.8       18.358      0.46323E-17  0.34771E-14   5.6569    
1.00000       1.4098       3147.1       16.689      0.34265E-17  0.23261E-14   5.1160    
1.00000       1.4098       2832.4       15.020      0.25346E-17  0.15561E-14   4.6268    
1.00000       1.4098       2675.1       14.186      0.18748E-17  0.10410E-14   4.1844    
1.00000       1.4098       2360.3       12.517      0.13868E-17  0.69638E-15   3.7843    
1.00000       1.4098       2203.0       11.683      0.10258E-17  0.46586E-15   3.4225    
1.00000       1.4098       1888.3       10.014      0.75881E-18  0.31165E-15   3.0952    
1.00000       1.4098       1730.9       9.1791      0.56129E-18  0.20848E-15   2.7992    
1.00000       1.4098       1573.6       8.3447      0.41519E-18  0.13947E-15   2.5316    
1.00000       1.4098       1416.2       7.5102      0.30711E-18  0.93301E-16   2.2895    
1.00000       1.4098       1258.9       6.6757      0.22717E-18  0.62416E-16   2.0706    
1.00000       1.4098       1101.5       5.8413      0.16804E-18  0.41754E-16   1.8726    
1.00000       1.4098       1101.5       5.8413      0.12430E-18  0.27932E-16   1.6936    
1.00000       1.4098       944.14       5.0068      0.91944E-19  0.18686E-16   1.5316    
1.00000       1.4098       944.14       5.0068      0.68011E-19  0.12500E-16   1.3852    
1.00000       1.4098       786.78       4.1723      0.50308E-19  0.83624E-17   1.2527    
1.00000       1.4098       786.78       4.1723      0.37213E-19  0.55942E-17   1.1329    
1.00000       1.4098       629.43       3.3379      0.27526E-19  0.37424E-17   1.0246    
1.00000       1.4098       629.43       3.3379      0.20361E-19  0.25035E-17  0.92664    
1.00000       1.4098       472.07       2.5034      0.15061E-19  0.16748E-17  0.83804    
1.00000       1.4098       314.71       1.6689      0.45090E-20  0.33542E-18  0.56063    
1.00000       1.4098       314.71       1.6689      0.13499E-20  0.67178E-19  0.37504    
1.00000       1.4098       157.36      0.83447      0.99853E-21  0.44940E-19  0.33918    
1.00000       1.4098       157.36      0.83447      0.36222E-22  0.53966E-21  0.11228    
