#
# MIST PMS Isochrone
# t = 100 Myr
# Source File: MIST_v1.0_feh_p0.00_afe_p0.0_vvcrit0.4_full.iso
# Initial Mass Range: 0.1 to 6.0 Msun
# units:
#  Teff - K
#     L - Lsun
#
logTe logL
3.476 -2.579
3.476 -2.568
3.477 -2.553
3.478 -2.531
3.480 -2.512
3.481 -2.492
3.482 -2.470
3.484 -2.449
3.486 -2.424
3.488 -2.400
3.490 -2.379
3.492 -2.354
3.495 -2.328
3.498 -2.292
3.501 -2.250
3.503 -2.209
3.506 -2.170
3.509 -2.132
3.511 -2.109
3.513 -2.090
3.515 -2.069
3.517 -2.048
3.518 -2.030
3.520 -2.006
3.522 -1.984
3.526 -1.950
3.529 -1.912
3.532 -1.880
3.535 -1.855
3.536 -1.843
3.536 -1.838
3.536 -1.834
3.536 -1.830
3.536 -1.828
3.537 -1.824
3.537 -1.822
3.537 -1.819
3.537 -1.818
3.538 -1.817
3.538 -1.817
3.539 -1.811
3.540 -1.795
3.545 -1.735
3.551 -1.667
3.561 -1.552
3.572 -1.436
3.583 -1.335
3.601 -1.178
3.614 -1.084
3.620 -1.046
3.622 -1.030
3.625 -1.003
3.629 -0.972
3.632 -0.951
