#
# Stars with well-determined mass-loss rates
# Source: Cranmer & Saar 2011
#
# Column 1: ID number: large negative integer = HIP,
#                      positive integer = HD,
#                      others explained in references
# Column 2: Teff [Kelvin]
# Column 3: log (L/L_sun)
# Column 4: log (Mdot) [units = Msun/Myr]
#
starID   Teff     logL    logMdot
-112460   3168   -1.907   -7.70  
-105993   5420    1.676   -2.68  
-102082   1880    4.40    0.80   
-92194    2650    4.05    0.00   
-90883    2310    4.06    -0.10  
-87820    1850    4.22    0.91   
-85487    5250    1.725   -2.95  
-84876    2510    4.02    0.08   
-77739    4930    2.037   -2.91  
-75263    5130    1.408   -2.76  
-74003    4550    2.611   -1.65  
-69746    4600    2.581   -2.43  
-66378    4840    2.352   -2.24  
-63758    4610    2.439   -2.15  
-63385    4920    1.903   -3.06  
-58682    4860    1.916   -2.94  
-53085    2160    4.242   0.88   
-43905    2405    4.25    -0.01  
-42975    2440    3.70    -0.17  
-34326    2440    3.85    -0.23  
-31349    2960    4.13    -0.08  
-27181    2735    4.29    0.20   
-26958    2530    3.83    -0.29  
-22796    2665    3.90    -0.24  
-22670    2880    4.09    -0.70  
-19931    2705    4.24    0.18   
-11582    2000    4.22    0.70   
-22       42000   6.09    0.59   
-12       12500   6.14    1.36   
-11       38550   6.00    0.88   
-10       31100   5.82    0.73   
-9        43100   6.34    1.06   
-8.3      43300   5.84    0.56   
-8.2      35700   5.58    0.55   
-8.1      38550   6.10    1.02   
-7        47450   6.09    1.05   
-5        37600   6.13    1.31   
-4        35550   5.44    0.26   
-3        35000   5.87    0.77   
-2        28700   4.88    -0.79  
0         5772    0.00    -7.70  
7.18      4190    3.208   -2.70  
10.49     4280    3.184   -2.72  
11.341    4300    3.183   -2.67  
11.421    4330    3.207   -2.72  
11.479    4270    3.224   -2.64  
11.757    4190    3.195   -2.88  
11.87     4610    2.708   -2.85  
11.969    4590    2.851   -2.86  
12.08     4430    2.896   -2.70  
12.34     4660    2.570   -2.92  
12.592    4460    2.689   -2.59  
12.72     4180    3.096   -2.56  
12.954    3940    3.329   -2.51  
12.96     4190    3.010   -2.32  
12.973    3910    3.377   -2.80  
108       36200   5.92    1.60   
0419.48   2700   -2.77   -8.22  
1026.00   3490   -2.08   -10.0  
1213.52   3440   -1.89   -10.0  
1546      2530    3.68    -0.85  
2342      2660    3.99    -0.37  
2905      22050   5.46    0.23   
5394      31000   4.93    -0.9   
6860      3742    2.310   -4.19  
7561      3095    3.75    -1.21  
8879      2625    4.08    0.81   
10516     20000   3.84    -1.3   
13745     29500   5.27    -0.05  
13854     20000   5.54    0.18   
14134     15200   5.30    0.29   
14143     17400   5.50    0.63   
14386     2365    4.17    -0.87  
14818     18000   5.40    0.00   
14878     3540    4.74    -0.08  
14947     40100   5.86    0.85   
15558     43600   6.10    0.73
15570     42800   6.14    0.87   
15629     44200   5.78    -0.20  
16429     29800   5.62    0.29   
16691     40200   5.84    1.02   
18409     30000   5.29    0.01   
19557     3360    3.69    -0.96  
20234     2950    4.00    -0.70  
20243     2805    4.32    0.04   
21280     3150    3.53    -0.54  
21389     10100   4.87    -1.16  
22049     5094   -0.462  -6.22  
22192     15000   3.20    -1.9   
22611     2695    3.93    0.30   
23249     5025    0.503   -7.10  
24290     46000   5.81    0.09   
24398     20800   5.07    -0.22  
24912     35000   5.42    0.03   
25940     18000   3.60    -1.9   
29139     3898    2.595   -4.83  
30614     28500   5.78    0.68   
30755     3090    3.84    -0.70  
31996     2290    3.84    0.20   
32068     3810    3.62    -1.36  
32088     2730    3.73    -0.55  
32736     2625    3.97    -0.42  
33586     3083    3.38    -0.21  
34078     33000   4.77    -3.52  
34842     2920    3.98    0.20   
35343     8870    6.14    1.77   
36486     31400   5.64    -0.07  
36602     2870    3.62    -0.66  
36881     35500   5.32    -0.24  
37043     34000   5.52    -0.42  
37128     27300   5.66    0.39   
37202     14000   3.05    -1.6   
37742     30300   5.68    0.23   
37795     13000   2.45    -2.8   
38218     2850    4.22    -0.24  
38572     3035    4.12    -0.55  
38666     33100   4.64    -2.44  
38771     25800   5.47    0.05   
39801     3500    4.87    -0.02  
39816     2365    4.34    0.08   
41117     17500   5.51    0.76   
42087     18000   5.11    -0.30  
42088     38000   5.23    -2.00  
42543     3440    5.15    0.32   
44338     2820    4.08    0.56   
44544     3085    4.35    -0.59  
44984     3035    3.94    -0.60  
45725     18000   3.04    -2.1   
46150     42600   5.65    0.04   
46202     33000   4.87    -2.89  
46223     44000   5.64    0.41   
46687     2760    4.20    -0.12  
47129     35000   5.37    0.93   
47839     37400   5.28    -0.46  
48099     39100   5.46    -0.98  
48915     9940    1.40    -7.0   
50013     24000   4.20    -1.3   
51208     3090    3.71    -0.72  
51620     2910    3.85    -0.77  
52432     3320    3.28    -1.82  
53138     15800   5.30    -0.14  
54361     2975    4.06    -0.21  
57060     36900   5.86    0.65   
57061     34000   6.02    0.80   
58061     2840    5.76    2.38   
58350     14200   5.12    -0.03  
58521     3275    4.13    -0.53  
58715     12000   2.10    -3.0   
64760     28000   5.48    0.04   
65424     2875    3.55    -0.96  
66811     40500   5.96    0.66   
67507     2680    3.22    -0.89  
75021     3325    3.74    -0.59  
76221     2645    4.20    -0.21  
78647     3820    3.930   -2.52  
78712     3240    3.95    -0.22  
83212     4550    2.447   -2.14  
84346     2300    4.50    -0.08  
84748     2230    4.65    -0.62  
85405     2645    3.85    -0.43  
86111     2700    4.08    -0.20  
89080     12000   2.50    -2.6   
89758     3700    3.155   -2.92  
91316     20900   5.20    0.06   
91753     2810    3.86    0.30   
91943     24500   5.35    -0.12  
91969     27500   5.52    0.00   
92055     2965    3.46    -0.68  
92839     2930    3.76    -0.85  
93028     34000   5.05    -3.00  
93128     46500   5.66    0.42   
93129     47200   6.30    1.31   
93146     37000   5.22    -1.25  
93204     42100   5.50    -0.65  
93250     45500   6.10    0.50   
94909     27000   5.49    0.30   
101063    5070    0.888   -3.56  
101190    41400   5.64    -0.30  
101413    38000   5.23    -1.36  
101436    41200   5.60    -0.23  
105435    20000   3.80    -1.6   
107752    4750    2.322   -2.24  
109387    13000   2.70    -1.9   
110311    3090    3.63    -0.57  
110885    5330    1.679   -2.66  
110914    2760    3.75    -0.85  
111166    2100    3.98    0.36   
111721    5080    1.529   -3.20  
112559    2810    4.00    -0.36  
115444    4750    2.246   -2.56  
115617    5560   -0.095  -8.22  
115842    25500   5.65    0.30   
118322    2865    4.10    -0.11  
119516    5440    1.766   -2.38  
120285    2160    4.90    -0.83  
121135    4925    2.158   -2.23  
122879    28000   5.52    0.48   
122956    4600    2.344   -2.03  
124268    2695    4.22    -0.36  
124897    4290    2.230   -3.60  
126327    2365    4.34    -0.72  
128033    2655    3.91    -0.70  
131873    4040    2.677   -4.01  
134453    2710    4.18    -0.74  
135148    4275    2.494   -1.83  
135591    35400   5.46    -0.81  
136543    2695    3.76    -0.55  
141826    2090    3.81    0.11   
144205    2670    4.05    -0.55  
148182    3010    3.59    -0.85  
148184    20000   3.80    -1.5   
149038    30900   5.78    0.52   
149404    32000   6.05    1.09   
149438    31900   4.39    -1.21  
149757    32300   5.05    -1.18  
150798    4150    3.740   -3.77  
151084    34000   6.14    1.00   
151804    33900   5.98    0.96   
152233    37500   5.74    0.51   
152234    26000   5.87    0.43   
152236    19200   6.08    1.12   
152249    31900   5.70    0.07   
152408    33900   5.98    1.30   
152424    30000   5.70    0.50   
152667    25000   5.75    0.75   
156014    3335    4.13    -0.32  
158377    2440    3.94    -0.64  
158427    20000   3.50    -1.6   
160435    2545    3.79    -0.18  
161511    2785    3.90    -0.42  
162211    6550    3.843   -2.00  
163758    37200   5.96    0.79   
164058    3985    2.728   -5.06  
164284    20000   3.90    -1.7   
164353    15500   4.30    -1.22  
164794    46400   6.02    0.54   
166937    11200   5.13    0.23   
169454    20700   5.91    0.73   
169689    4900    2.753   -4.68  
173291    2780    3.70    -0.59  
174325    2755    3.96    0.75   
176200    2700    3.90    -0.52  
177336    2525    4.15    -0.18  
177940    2230    4.65    -0.03  
180953    2960    3.73    -0.72  
183556    3090    4.10    -0.43  
184283    2790    4.16    -0.11  
185859    26000   5.54    -0.30  
18801     34200   5.88    0.92   
188915    2520    4.20    -0.33  
189256    2655    3.50    -0.64  
190066    21000   5.54    -0.15  
190429    41600   6.00    0.78   
190603    19200   5.54    0.79   
190606    2630    3.73    -0.62  
190864    39000   5.56    0.16   
191243    14500   5.30    -0.08  
191738    2600    3.58    -0.72  
192443    3100    3.92    -0.70  
192639    35000   5.68    0.80   
192660    30000   5.74    0.70   
192737    2480    3.87    -0.64  
193183    18500   5.00    -0.64  
193237    19700   5.93    1.30   
193514    36200   5.78    0.58   
193680    2650    3.87    0.00   
193682    40000   5.60    0.24   
195636    5370    1.793   -2.05  
198478    16200   5.25    0.08   
201091    4425   -0.815  -8.00  
202874    2990    4.04    -0.77  
203064    36000   5.52    0.12   
203133    2945    3.83    -0.64  
204172    28500   5.48    -0.24  
206165    18000   5.18    -0.30  
206362    2240    4.06    0.46   
206570    2950    4.22    -0.35  
206750    2675    4.12    0.15   
206939    3400    4.55    0.22   
207198    33500   5.46    0.22   
208512    2580    4.07    -0.46  
209100    4635   -0.636  -8.00  
209890    2925    3.21    -1.00  
209975    32200   5.58    0.14   
210809    31500   5.60    0.72   
210839    37500   5.88    0.59   
213087    27000   5.69    -0.15  
214680    36000   5.01    -1.22  
215484    2985    3.78    -0.64  
217086    39000   5.25    -0.68  
217476    5050    5.30    1.08   
222800    2365    4.34    -1.43  
223075    3125    3.93    -0.49  
224014    5130    5.38    0.50   
224090    2365    4.34    -0.21  
224855    3095    4.08    -0.89  
303308    44500   5.68    0.26   
