#
# Main-sequence Mass-Luminosity-Radius data from Eker et al. 2018, MNRAS, 479, 5491
# Derived from a CSV file provided by Eker to the authors.
#
# Columns are logarithmic mass, radius, gravity, and luminosity, with errors
# all in solar units
#
ID     logM       errM       logR       errR       logg       errg       logL       errL   
  1    0.20249    0.00790    0.19976    0.00768    4.24100    0.01700    0.79556    0.03452
  2    0.13226    0.00929    0.12320    0.00948    4.32400    0.02100    0.57651    0.04883
  4    0.10721    0.00339    0.09691    0.00347    4.35200    0.00800    0.31808    0.01535
  5   -0.16941    0.01219   -0.16431    0.01902    4.59800    0.04000   -0.78048    0.04116
  6   -0.32331    0.00914   -0.28904    0.01690    4.69300    0.03500   -1.39143    0.03764
  7    0.66811    0.00933    0.62242    0.00518    3.86200    0.01400    2.87471    0.06925
  8    0.66039    0.00854    0.56478    0.00473    3.96900    0.01300    2.80017    0.06699
  9    0.28330    0.00226    0.24551    0.01234    4.23100    0.02500    1.18371    0.08729
 10    0.28330    0.00226    0.24551    0.01234    4.23100    0.02500    1.18371    0.13981
 13    0.35468    0.00230    0.40226    0.00189    3.98900    0.00400    1.67377    0.02568
 14    0.12222    0.00229    0.12418    0.00196    4.31200    0.00500    0.55340    0.06451
 15    0.04218    0.00276    0.15381    0.00579    4.17300    0.01200    0.34573    0.04102
 16    0.03342    0.00281    0.13799    0.00601    4.19600    0.01200    0.30670    0.04158
 17    0.22634    0.02759    0.29447    0.00220    4.07600    0.02800    1.11557    0.02352
 18    0.19285    0.02814    0.36717    0.00186    3.89700    0.02800    1.25295    0.02293
 21    0.59351    0.00498    0.45530    0.00304    4.12100    0.00800    2.51675    0.04788
 22    0.40569    0.00444    0.26811    0.00468    4.30800    0.01000    1.79456    0.03854
 25    0.11025    0.00236    0.23729    0.00528    4.07400    0.01100    0.58195    0.04734
 26    0.10175    0.00241    0.22891    0.00436    4.08200    0.00900    0.57366    0.04532
 27    0.30428    0.00647    0.30320    0.00281    4.13600    0.00900    1.40487    0.06264
 28    0.29270    0.00664    0.29358    0.00287    4.14400    0.00900    1.37803    0.06301
 29   -0.21254    0.02125   -0.22475    0.01457    4.67500    0.03600   -1.19869    0.14496
 31   -0.00745    0.00398    0.04805    0.00778    4.33500    0.01600    0.09851    0.04561
 32   -0.11691    0.00284   -0.07831    0.01560    4.47800    0.03100   -0.49516    0.06046
 37    0.61013    0.00586    0.36021    0.02672    4.32800    0.05400    2.37949    0.11134
 38    0.50215    0.00697    0.27967    0.02144    4.38100    0.04300    1.67960    0.12184
 41    0.10449    0.00034    0.10992    0.00472    4.32300    0.00900    0.42938    0.01504
 42    0.09830    0.00035    0.10278    0.00480    4.33100    0.01000    0.40172    0.01282
 43    1.27967    0.00160    0.85854    0.00361    4.00100    0.00700    4.69779    0.06134
 44    1.13767    0.00158    0.76268    0.00450    4.05100    0.00900    4.26992    0.07720
 45    0.33526    0.01405    0.34869    0.00448    4.07600    0.01700    1.70343    0.05111
 46    0.33203    0.01415    0.31681    0.00461    4.13700    0.01700    1.55322    0.04998
 47    0.24871    0.00392    0.27323    0.00810    4.14100    0.01700    1.08506    0.04159
 48    0.20817    0.00376    0.24944    0.00709    4.14800    0.01500    0.98140    0.04268
 51    0.19948    0.00549    0.32077    0.01037    3.99600    0.02100    0.93646    0.04259
 52    0.12287    0.00327    0.19562    0.01938    4.17000    0.03900    0.61382    0.06523
 56   -0.20782    0.00238   -0.20066    0.02068    4.63200    0.04100   -1.01466    0.04393
 57    0.15381    0.00183    0.17435    0.03198    4.24300    0.06400    0.64413    0.07030
 58    0.12320    0.00196    0.13162    0.03528    4.29800    0.07100    0.49084    0.08904
 59    0.25118    0.00229    0.38184    0.00325    3.92600    0.00700    1.23705    0.04087
 60    0.24898    0.00237    0.37401    0.00312    3.93900    0.00700    1.21911    0.04296
 61    0.14145    0.01631    0.17143    0.00585    4.23700    0.02000    0.65346    0.04946
 62    0.10209    0.01751    0.08672    0.00356    4.36700    0.01900    0.39971    0.04674
 65   -0.56543    0.03193   -0.57187    0.01458    5.01700    0.04300   -2.10448    0.09719
 66   -0.61979    0.03981   -0.60555    0.01401    5.03000    0.04900   -2.18235    0.09645
 67   -0.27819    0.00165   -0.29671    0.00688    4.75400    0.01400   -1.54895    0.04506
 68   -0.30892    0.00088   -0.32698    0.00830    4.78300    0.01700   -1.64107    0.04847
 69   -0.42597    0.01853   -0.41680    0.00680    4.84600    0.02300   -1.79960    0.07134
 70   -0.55284    0.02327   -0.54821    0.00614    4.98200    0.02600   -2.09902    0.07016
 71    0.18298    0.00228    0.16524    0.00297    4.29100    0.00600    0.68777    0.04269
 72    0.17609    0.00405    0.16673    0.00296    4.28100    0.00700    0.66108    0.04330
 73   -0.52014    0.01007   -0.46725    0.02038    4.85300    0.04200   -1.94299    0.09454
 74   -0.55799    0.01067   -0.49621    0.01770    4.87300    0.03700   -2.07789    0.09162
 78    0.19000    0.00261    0.17696    0.01300    4.27400    0.02600    0.75738    0.02815
 79    0.11594    0.00266    0.17319    0.00291    4.20800    0.00600    0.59235    0.02412
 80    0.14364    0.00250    0.25139    0.00268    4.07900    0.00600    0.74223    0.02371
 81    0.54568    0.00494    0.39182    0.00529    4.20000    0.01200    2.09795    0.03882
 82    0.23880    0.00501    0.17869    0.00576    4.32000    0.01300    0.85125    0.03416
 85    0.65302    0.01294    0.47842    0.01010    4.13500    0.02400    2.95182    0.09656
 86    0.61257    0.01155    0.41764    0.01162    4.21600    0.02600    2.75217    0.10311
 88    1.07737    0.02580    0.77815    0.00651    3.95900    0.02900    4.25686    0.03211
 89    0.04001    0.00158    0.14950    0.00179    4.17900    0.00400    0.32231    0.03327
 90    0.00522    0.00120    0.04387    0.00259    4.35600    0.00500    0.06594    0.03566
 91    0.12080    0.00286    0.13735    0.00411    4.28400    0.00900    0.45954    0.03258
 92    0.01937    0.00191    0.08955    0.00459    4.27900    0.00900   -0.23798    0.07041
 94    0.11059    0.01683    0.16137    0.01198    4.22600    0.02900    0.48579    0.02889
 97    0.28330    0.00294    0.28171    0.00363    4.15800    0.00800    1.20695    0.03636
 98    0.27254    0.00417    0.25768    0.00336    4.19600    0.00800    1.13376    0.03623
101   -0.24642    0.00153   -0.25806    0.00629    4.70800    0.01300   -1.18828    0.04804
102   -0.27409    0.00163   -0.27409    0.00490    4.71200    0.01000   -1.26978    0.04627
103   -0.07883    0.00312   -0.07160    0.00256    4.50300    0.00600   -0.27835    0.07018
104   -0.08197    0.00315   -0.07935    0.00261    4.51500    0.00600   -0.36524    0.07301
105   -0.02032    0.00187    0.01191    0.00177    4.39400    0.00400    0.03522    0.03943
106   -0.09184    0.00193   -0.11025    0.00190    4.56700    0.00400   -0.41521    0.04421
107   -0.10347    0.00551   -0.11577    0.00850    4.56600    0.01800   -0.78385    0.09973
108   -0.11295    0.00451   -0.09528    0.00541    4.51600    0.01200   -0.77081    0.11590
109    0.15866    0.00482    0.25479    0.00411    4.08700    0.01000    0.63384    0.02222
110    0.13545    0.00509    0.19976    0.00548    4.17400    0.01200    0.52377    0.02498
111    0.40543    0.00087    0.26095    0.00236    4.32200    0.00500    1.63426    0.05231
112    0.37230    0.00087    0.25787    0.00199    4.29500    0.00400    1.53020    0.05433
113    0.06930    0.00407    0.06781    0.00186    4.37200    0.00600    0.22308    0.03090
114    0.05038    0.00348    0.04060    0.00198    4.40800    0.00500    0.11931    0.03193
115    0.13545    0.00350    0.26364    0.00237    4.04700    0.00600    0.31327    0.01358
116    0.12287    0.00262    0.23930    0.00250    4.08300    0.00600    0.14043    0.01451
117    0.52009    0.01311    0.41780    0.00664    4.12300    0.01900    2.10703    0.10013
118    0.39933    0.01732    0.29951    0.00872    4.23900    0.02500    1.67124    0.10186
119    0.09167    0.00211    0.13001    0.00419    4.27000    0.00900    0.38429    0.03639
120    0.07773    0.00254    0.10551    0.00443    4.30500    0.00900    0.32122    0.03710
121    0.39480    0.00437    0.30471    0.00431    4.22400    0.01000    1.63224    0.09213
122    0.17609    0.00290    0.15625    0.00455    4.30200    0.01000    0.69652    0.08147
123    0.00432    0.00645    0.12937    0.00484    4.18400    0.01200   -0.18534    0.05631
126    0.08778    0.00568    0.09061    0.00212    4.34500    0.00700    0.43632    0.00631
127    0.36959    0.00297    0.26764    0.00586    4.27300    0.01200    1.48127    0.04664
128    0.36866    0.00316    0.26245    0.00593    4.28200    0.01200    1.47089    0.04678
129   -0.61261    0.00534   -0.58336    0.01498    4.99200    0.03000   -2.19686    0.08441
130   -0.74715    0.00485   -0.66154    0.02191    5.01400    0.04400   -2.46571    0.10774
131    0.35813    0.00324    0.63839    0.00340    3.52000    0.00800    1.81095    0.11744
132    0.39217    0.00317    0.47799    0.00925    3.87500    0.01900    1.60779    0.12190
133    0.37457    0.00495    0.44122    0.00267    3.93000    0.00700    1.72039    0.04250
134    0.36078    0.00511    0.40960    0.00287    3.98000    0.00800    1.62904    0.04351
136    0.71231    0.00253    0.57553    0.00346    4.00000    0.00700    3.17445    0.05387
137    0.33606    0.00441    0.27207    0.00302    4.23000    0.00700    1.42793    0.07842
138    0.24871    0.00490    0.21112    0.00347    4.26500    0.00800    1.11493    0.06754
139   -0.12494    0.00290   -0.14206    0.00843    4.59800    0.01700   -0.83644    0.05823
140   -0.18111    0.00330   -0.16622    0.01083    4.59000    0.02200   -0.99575    0.03047
141    0.74084    0.01893    0.49845    0.00551    4.18200    0.02200    2.92374    0.04577
142    0.52349    0.02095    0.37310    0.00552    4.21600    0.02400    2.34636    0.07693
144    0.18099    0.00115    0.19921    0.00824    4.22100    0.01700    0.72853    0.04136
145    0.55023    0.03303    0.37475    0.01649    4.23900    0.04700    2.18649    0.04614
146    0.46982    0.03533    0.23045    0.02555    4.44700    0.06200    1.76814    0.13618
147    1.16256    0.00239    0.73320    0.00321    4.13500    0.00700    4.32957    0.03537
148    1.01242    0.00253    0.63246    0.00506    4.18600    0.01000    3.86272    0.03947
149    0.29314    0.00155    0.28511    0.00248    4.16100    0.00500    1.12856    0.09661
150    0.25864    0.00168    0.26529    0.00259    4.16600    0.00500    1.02446    0.09805
151    0.21630    0.00113    0.27600    0.00667    4.10300    0.01300    1.00926    0.03647
152    0.16400    0.00074    0.20194    0.00764    4.19800    0.01500    0.73897    0.03761
153    0.19728    0.01765    0.16732    0.01566    4.30100    0.03600    0.41290    0.04800
154   -0.02965    0.02976    0.00043    0.02777    4.40800    0.06300   -0.31803    0.10724
155    0.17260    0.00321    0.36810    0.00223    3.87500    0.00600    0.85878    0.03251
156    0.16643    0.00296    0.35102    0.00232    3.90300    0.00600    0.81675    0.03282
159   -0.04672    0.00919    0.00217    0.00994    4.38700    0.02200   -0.12756    0.04261
160   -0.05700    0.00842   -0.05849    0.01491    4.49800    0.03100   -0.29827    0.05387
161    1.05789    0.00916    0.67897    0.00928    4.13800    0.02100    4.22113    0.04751
162    0.99405    0.00713    0.66699    0.00608    4.09800    0.01400    4.13826    0.04211
163    0.74749    0.01554    0.55630    0.00844    4.07300    0.02300    2.98910    0.06798
164    0.52686    0.01807    0.31091    0.01061    4.34300    0.02800    2.05089    0.12699
165    0.35025    0.00271    0.47929    0.00288    3.83000    0.00600    1.56852    0.03754
166    0.32325    0.00371    0.39724    0.00731    3.96700    0.01500    1.38312    0.04679
167    0.23528    0.00278    0.21722    0.00474    4.23900    0.01000    0.90322    0.04395
168    0.25018    0.00293    0.22220    0.00547    4.24400    0.01100    0.94505    0.04478
169    0.34262    0.00493    0.39620    0.00523    3.98900    0.01200    1.52700    0.07948
170    0.30125    0.00543    0.32838    0.00816    4.08300    0.01700    1.33545    0.08555
171    0.21272    0.00319    0.31408    0.00253    4.02300    0.00600    0.89103    0.03093
172    0.16495    0.00297    0.21405    0.00318    4.17500    0.00700    0.64776    0.03289
173   -0.22330    0.00363   -0.20691    0.00420    4.62900    0.00900   -1.13087    0.05387
174   -0.22113    0.00361   -0.21824    0.00431    4.65400    0.00900   -1.15354    0.05409
175   -0.23359    0.00149   -0.25259    0.00155    4.71000    0.00300   -1.26365    0.04502
176   -0.26440    0.00160   -0.29073    0.00339    4.75500    0.00700   -1.39674    0.05009
177    0.18724    0.00339    0.18639    0.00452    4.25300    0.01000    0.68790    0.08436
178    0.18384    0.00398    0.17406    0.00465    4.27400    0.01000    0.66575    0.08451
179    0.34242    0.01184    0.26482    0.00708    4.25100    0.01800    1.20241    0.05503
180    0.27416    0.01617    0.23553    0.00757    4.24100    0.02200    1.04375    0.06320
181    0.27875    0.00549    0.21059    0.00802    4.29600    0.01700    1.16364    0.05530
182    0.26788    0.00562    0.20412    0.00841    4.29800    0.01800    1.11100    0.05699
189   -0.15304    0.00185   -0.15864    0.00563    4.60300    0.01100   -0.80863    0.09113
190   -0.16304    0.00190   -0.15552    0.00808    4.58600    0.01600   -0.90946    0.10110
191    0.28937    0.00915    0.44467    0.00312    3.83800    0.01100    1.28539    0.03020
192    0.23223    0.00916    0.30835    0.00320    4.05400    0.01100    1.04715    0.02990
193    0.32160    0.00373    0.33626    0.00400    4.08700    0.00900    1.53811    0.04458
194    0.32098    0.00373    0.33626    0.04005    4.08700    0.08000    1.53811    0.11666
195    0.18469    0.00255    0.19756    0.00248    4.22800    0.00600    0.71775    0.03995
196    0.11361    0.00234    0.13513    0.00255    4.28200    0.00600    0.46050    0.04285
197   -0.36957    0.00203   -0.36351    0.00501    4.79600    0.01000   -1.77358    0.09249
198   -0.40450    0.00110   -0.40671    0.00997    4.84700    0.02000   -1.87933    0.10333
199    0.10415    0.00308    0.11893    0.00165    4.30500    0.00500    0.48253    0.04252
200    0.05918    0.00227    0.04650    0.00273    4.40500    0.00600    0.24229    0.04689
201    0.31702    0.00837    0.37218    0.00608    4.01100    0.01500    1.19186    0.05939
202    0.30168    0.01713    0.30664    0.00665    4.12700    0.02200    1.07308    0.06133
203    0.26079    0.00286    0.33244    0.01212    4.03400    0.02400    1.15149    0.04152
204    0.24650    0.00295    0.37291    0.01104    3.93900    0.02200    1.13659    0.03939
206    0.91645    0.00895    0.54283    0.00373    4.26900    0.01200    3.65008    0.01297
207   -0.16178    0.01009   -0.15058    0.00430    4.57800    0.01300   -0.81461    0.08949
211    0.78297    0.00079    0.61066    0.00319    4.00000    0.00600    3.19710    0.05464
212    0.77466    0.00080    0.59550    0.00331    4.02200    0.00700    3.14541    0.05547
213    0.04021    0.02890    0.06483    0.00748    4.34900    0.03300   -0.05163    0.01730
214   -0.17718    0.02025   -0.20066    0.00689    4.66200    0.02400   -0.98493    0.01673
215    0.34223    0.00316    0.32118    0.00415    4.13800    0.00900    1.46107    0.03647
216    0.21112    0.00240    0.19312    0.00557    4.26300    0.01100    0.87286    0.05207
217    0.29513    0.00792    0.32818    0.00306    4.07700    0.01000    1.22341    0.04955
218    0.17173    0.00497    0.17202    0.00643    4.26600    0.01400    0.65413    0.06321
219   -0.12033    0.01833   -0.11407    0.00678    4.54600    0.02300   -0.71551    0.07332
220   -0.11862    0.01198   -0.11577    0.00737    4.55100    0.01900   -0.71890    0.07451
221    0.96595    0.00564    0.63276    0.00607    4.13900    0.01300    3.72652    0.04863
222    0.92737    0.00616    0.60778    0.00643    4.15000    0.01400    3.58668    0.05129
224    0.12385    0.02939    0.13354    0.00319    4.29500    0.03000    0.38010    0.06138
225    0.09864    0.00277    0.10653    0.00238    4.32400    0.00600    0.41941    0.01812
226    0.08600    0.00249    0.08636    0.00249    4.35200    0.00600    0.35213    0.01856
227    0.07151    0.00479    0.18127    0.00658    4.14700    0.01400    0.40153    0.03082
228   -0.01773    0.00452    0.06371    0.00488    4.29300    0.01100   -0.08863    0.03020
229   -0.30190    0.00174   -0.34008    0.00475    4.81700    0.01000   -1.44330    0.01884
230   -0.35262    0.00196   -0.36957    0.00407    4.82500    0.00800   -1.54482    0.01771
231    0.05154    0.03471   -0.01863    0.01088    4.52700    0.04100    0.06698    0.04075
232    0.03342    0.03901    0.07809    0.01524    4.31600    0.05000    0.14683    0.04833
233    0.17782    0.01009    0.35832    0.00381    3.90000    0.01300    0.91145    0.05066
234    0.18013    0.01147    0.35832    0.00381    3.90200    0.01400    0.91145    0.05066
235    1.05465    0.00460    0.65906    0.00428    4.17500    0.01000    4.05523    0.07083
236    1.02637    0.00572    0.63337    0.00556    4.19800    0.01200    3.91441    0.07667
237    0.06296    0.00827    0.10346    0.01780    4.29400    0.03700    0.41327    0.10241
238    0.05538    0.00841    0.09621    0.02158    4.30100    0.04400    0.39878    0.10996
239    0.55691    0.00964    0.65167    0.00397    3.69200    0.01200    2.53818    0.03603
240    0.42029    0.00825    0.34361    0.00807    4.17100    0.01800    1.82320    0.05214
241    1.35856    0.00607    0.97109    0.00789    3.85500    0.01700    5.02279    0.11797
242    1.32993    0.00668    0.92143    0.00833    3.92500    0.01800    4.92346    0.11884
243   -0.40340    0.00220   -0.41908    0.00570    4.87300    0.01200   -1.94000    0.10334
244   -0.56225    0.00159   -0.52288    0.00724    4.92200    0.01500   -2.21060    0.11040
245    0.11992    0.00231    0.21722    0.01132    4.12400    0.02300    0.59090    0.08866
246    0.10958    0.00236    0.17955    0.01407    4.18900    0.02800    0.48056    0.08736
248    0.92788    0.00513    0.61469    0.00158    4.13700    0.00600    3.80176    0.00440
249    0.09934    0.03282    0.09968    0.00345    4.33800    0.03400    0.40945    0.04157
250    0.05077    0.03516    0.05614    0.00382    4.37700    0.03600    0.21171    0.01389
251    0.70070    0.01125    0.55509    0.00423    4.02900    0.01400    2.84848    0.06379
252    0.68395    0.01169    0.54345    0.00422    4.03500    0.01400    2.79167    0.06485
253    0.29623    0.00220    0.52827    0.00129    3.67800    0.00300    1.26290    0.05602
254    0.17984    0.00230    0.21748    0.00211    4.18300    0.00500    0.67781    0.05655
255   -0.00833    0.00531    0.02612    0.00654    4.37800    0.01400   -0.00964    0.04427
256   -0.17783    0.00327   -0.16685    0.00829    4.59400    0.01700   -0.86546    0.06972
259    0.51627    0.00529    0.33041    0.00406    4.29400    0.01000    2.03074    0.02180
260    0.51614    0.00529    0.32838    0.00816    4.29800    0.01700    2.00603    0.05784
261    0.35641    0.00478    0.65849    0.00219    3.47800    0.00600    1.88403    0.06953
262    0.36380    0.00395    0.55895    0.00252    3.68400    0.00600    1.74471    0.06798
267    0.20844    0.00269    0.33526    0.01405    3.97600    0.02800    0.97051    0.03316
268    0.19535    0.00277    0.33526    0.01405    3.96300    0.02800    0.98814    0.03311
269    0.07115    0.00664    0.08920    0.01768    4.33100    0.03600    0.27441    0.06384
270    0.02119    0.00620    0.04844    0.01554    4.36300    0.03200    0.01303    0.09425
271    0.16256    0.00239    0.24650    0.00419    4.10800    0.00900    0.69935    0.03510
272    0.16077    0.00240    0.24650    0.00419    4.10600    0.00900    0.69935    0.08855
273    0.02202    0.00206    0.01030    0.00170    4.44000    0.00400    0.05870    0.02842
274   -0.06854    0.00153   -0.07831    0.00208    4.52600    0.00400   -0.40605    0.03890
275    0.49332    0.00223    0.56038    0.00084    3.81100    0.00300    2.15193    0.05154
276    0.28081    0.00682    0.25792    0.00096    4.20300    0.00700    1.24846    0.06114
279    0.15045    0.00276    0.20790    0.00377    4.17300    0.00800    0.64208    0.03924
280    0.08243    0.00216    0.08565    0.00357    4.34900    0.00700    0.28008    0.04105
281    0.61909    0.01253    0.38382    0.00897    4.29000    0.02200    2.17810    0.05803
282    0.42160    0.01974    0.25285    0.00970    4.35400    0.02800    1.56162    0.06857
283   -0.21538    0.00499   -0.20204    0.01106    4.62700    0.02300   -1.07624    0.07974
284   -0.22257    0.00435   -0.20412    0.01390    4.62400    0.02800   -1.12985    0.08707
285    0.12905    0.00774    0.35813    0.00267    3.85100    0.00900    0.90379    0.03235
286    0.15137    0.00674    0.38934    0.00478    3.81100    0.01200    0.94174    0.03697
287    0.01912    0.00540    0.10346    0.00787    4.25100    0.01700    0.20331    0.06098
288   -0.00218    0.00524    0.07188    0.00846    4.29200    0.01800    0.11279    0.06289
289    0.41179    0.00757    0.48558    0.04288    3.87900    0.08600    1.87294    0.12157
290   -0.03527    0.01178   -0.04287    0.01917    4.48900    0.04000   -0.07734    0.12820
293    0.30728    0.00214    0.30942    0.00426    4.12700    0.00900    1.48552    0.06133
294    0.26576    0.00471    0.20602    0.00270    4.29200    0.00700    1.15881    0.05396
297    0.31133    0.00467    0.26741    0.00282    4.21500    0.00700    1.32949    0.03382
309    0.69627    0.00787    0.48116    0.00861    4.17200    0.01900    2.82855    0.06861
310    0.66370    0.00659    0.42423    0.00818    4.25400    0.01800    2.65190    0.06964
311   -0.63639    0.00188   -0.59688    0.00172    4.99600    0.00400   -2.25689    0.04228
312   -0.66959    0.00203   -0.62160    0.00182    5.01200    0.00400   -2.31189    0.04261
313    0.41330    0.01174    0.55630    0.00844    3.73900    0.02100    1.89849    0.05518
314    0.39967    0.01038    0.61805    0.00733    3.60200    0.01800    1.84180    0.05755
319    1.25472    0.01087    0.87163    0.02621    3.95000    0.05400    4.82387    0.06008
320    0.99870    0.00958    0.73102    0.03461    3.97500    0.07000    4.09392    0.07914
321    0.24502    0.03211    0.51041    0.01086    3.66300    0.03900    1.53496    0.03605
322    0.10585    0.03744    0.11025    0.01112    4.32400    0.04400    0.60574    0.03767
323    0.08884    0.00248    0.14644    0.00372    4.23400    0.00800    0.40730    0.03562
324    0.08636    0.00214    0.15198    0.00367    4.22100    0.00800    0.40425    0.03575
325    0.29314    0.00376    0.34064    0.00178    4.05000    0.00500    1.54687    0.04014
326    0.02325    0.00412   -0.02965    0.00186    4.52100    0.00600    0.12011    0.06072
327    0.38328    0.00323    0.58625    0.00214    3.64900    0.00500    2.00113    0.04164
328    0.40226    0.01118    0.57287    0.00221    3.69500    0.01200    2.01133    0.04098
329    0.68404    0.00440    0.51108    0.00790    4.10000    0.01600    2.88840    0.16998
331    0.20602    0.01081    0.22737    0.00772    4.19000    0.01900    0.91754    0.06155
332    0.15866    0.00904    0.15473    0.00912    4.28800    0.02000    0.56274    0.07314
337    0.07628    0.00364    0.13290    0.00384    4.24900    0.00800    0.35038    0.05067
338    0.06781    0.00297    0.11826    0.00364    4.27000    0.00800    0.31249    0.05049
339    0.10343    0.00120    0.30138    0.00067    3.93900    0.00200    0.57576    0.03191
340    0.08325    0.00115    0.17932    0.00078    4.16300    0.00200    0.34292    0.03192
341    0.35736    0.00267    0.48116    0.00430    3.83300    0.00900    1.56164    0.04058
342    0.27323    0.00301    0.34400    0.00590    4.02400    0.01200    1.24307    0.04460
344    0.12678    0.00973    0.12057    0.02303    4.32400    0.04700    0.42734    0.05417
345    0.79692    0.00485    0.64699    0.01175    3.94100    0.02400    3.28896    0.14758
347    0.18667    0.00593    0.34537    0.01078    3.93400    0.02200    1.01338    0.14154
349    0.52763    0.00915    0.65562    0.00336    3.65500    0.01100    2.33407    0.09024
350    0.51135    0.00923    0.54630    0.00481    3.85700    0.01300    2.16482    0.09080
351    0.20710    0.01887    0.26928    0.01402    4.10700    0.03400    0.71716    0.04840
353    0.33925    0.00795    0.28058    0.00478    4.21600    0.01200    1.44494    0.06566
354    0.29380    0.00662    0.24080    0.00524    4.25100    0.01200    1.27246    0.06775
355    1.43463    0.00876    0.90956    0.00460    4.05400    0.01300    5.09294    0.09606
356    1.27793    0.01005    0.78880    0.00424    4.13900    0.01300    4.66332    0.09508
361    0.34242    0.00987    0.22763    0.00257    4.32600    0.01100    1.39249    0.04024
362    0.29885    0.00655    0.19005    0.00280    4.35700    0.00900    1.17096    0.04379
365    0.27138    0.02790    0.19948    0.02195    4.31100    0.05200    1.17063    0.09215
366    0.45148    0.03071    0.32695    0.01002    4.23600    0.03700    1.92532    0.05624
367    0.26928    0.02803    0.17406    0.02327    4.36000    0.05400    1.01024    0.06093
368    0.36154    0.03022    0.22737    0.01003    4.34500    0.03600    1.31117    0.03661
369    0.44232    0.00941    0.42259    0.00492    4.03500    0.01400    1.93357    0.13853
370    0.37125    0.00924    0.30792    0.00641    4.19400    0.01600    1.53545    0.10145
372    0.36661    0.01195    0.30060    0.02413    4.20400    0.05000    1.55866    0.06057
373    0.56277    0.00594    0.50515    0.00679    3.99100    0.01500    2.14629    0.06052
374    0.52088    0.00524    0.46553    0.00743    4.02800    0.01600    1.94552    0.06186
375    0.31387    0.03162    0.60390    0.01016    3.54400    0.03800    1.75740    0.02362
376    0.27161    0.03253    0.47261    0.01024    3.76500    0.03800    1.42500    0.02390
377    0.12057    0.01974    0.24055    0.03744    4.07800    0.07700    0.70076    0.12792
378    0.15836    0.02714    0.43136    0.02574    3.73400    0.05800    1.01313    0.10695
379    0.12385    0.00653    0.24055    0.00499    4.08100    0.01200    0.69198    0.04997
380    0.20140    0.00819    0.39794    0.00521    3.84400    0.01300    0.95234    0.05195
381    0.35218    0.00772    0.62737    0.00205    3.53600    0.00900    1.52664    0.04270
382    0.11059    0.01010    0.12710    0.00324    4.29500    0.01200    0.36497    0.05223
383    1.00342    0.00474    0.62870    0.00306    4.18400    0.00800    3.83142    0.01297
384    0.72280    0.00822    0.60670    0.00322    3.94800    0.01000    3.38089    0.01854
385    0.59073    0.01449    0.41095    0.00506    4.20700    0.01800    2.45763    0.09228
386    0.54183    0.01123    0.36996    0.00926    4.24000    0.02200    2.29456    0.10093
391    0.01828    0.00583   -0.02687    0.00231    4.51000    0.00700   -0.04534    0.04356
392   -0.00612    0.00661   -0.02641    0.00231    4.48500    0.00800   -0.06248    0.04698
394    0.45010    0.01756    0.31660    0.00419    4.25500    0.01900    1.91098    0.02280
395    0.71374    0.00840    0.42797    0.00811    4.29600    0.01800    2.73039    0.09806
396    0.65552    0.00576    0.39428    0.00876    4.30500    0.01800    2.46318    0.09958
397    0.02366    0.00206    0.12710    0.00389    4.20800    0.00800    0.32151    0.05121
398    0.01030    0.00297    0.01199    0.00422    4.42500    0.00900    0.06062    0.05265
399    1.49136    0.00841    0.95424    0.00869    4.02100    0.01900    5.39705    0.03757
400    1.22011    0.01046    0.68664    0.01608    4.28500    0.03400    4.26517    0.06065
404    0.12710    0.01945    0.23300    0.00508    4.09900    0.02200    0.73507    0.02331
406    0.20683    0.00539    0.36173    0.02644    3.92200    0.05300    0.43681    0.14161
407    0.29667    0.01535    0.26007    0.00716    4.21500    0.02100    1.21283    0.03452
408    0.20683    0.01618    0.19866    0.00825    4.24800    0.02300    0.90922    0.05684
409    0.32511    0.00822    0.32675    0.02476    4.11000    0.05000    1.26026    0.11957
410    0.21165    0.00534    0.24551    0.02986    4.15900    0.06000    0.86973    0.13232
414    0.22712    0.00875    0.19257    0.00307    4.28000    0.01100    1.07114    0.00796
415    0.08565    0.00570    0.10789    0.01016    4.30800    0.02100    0.32597    0.04857
416   -0.01863    0.00499   -0.01682    0.01354    4.45300    0.02800   -0.18185    0.05822
419    0.26482    0.04248    0.30320    0.01945    4.09700    0.05800    1.17345    0.04541
420    0.23805    0.04268    0.22531    0.02068    4.22600    0.05900    1.05569    0.04773
421   -0.00218    0.00131    0.04179    0.00276    4.35300    0.00600    0.03102    0.03499
422   -0.03198    0.00140   -0.01278    0.00403    4.43200    0.00800   -0.13167    0.04804
423    0.03687    0.00124    0.15238    0.00177    4.17000    0.00400    0.26611    0.03278
424   -0.08134    0.00136   -0.09707    0.00081    4.55100    0.00200   -0.53854    0.03099
425   -0.01909    0.00454    0.04179    0.00394    4.33600    0.00900   -0.07713    0.05741
426   -0.06601    0.01011   -0.07007    0.00510    4.51200    0.01400   -0.41406    0.04544
427    0.12872    0.00646    0.11760    0.00994    4.33200    0.02100    0.36227    0.05065
428    0.09202    0.00703    0.06070    0.00755    4.40900    0.01700    0.18435    0.04703
429    0.07555    0.00620    0.20303    0.00218    4.10800    0.00800    0.47337    0.02607
434    0.32325    0.02352    0.42325    0.03540    3.91500    0.07500    1.32969    0.08105
435   -0.33442    0.02345   -0.31876    0.01990    4.74100    0.04600   -1.50358    0.10918
436   -0.45469    0.02351   -0.42597    0.02316    4.83600    0.05200   -1.80330    0.11918
437    0.30103    0.00630    0.39568    0.00227    3.94800    0.00800    1.43799    0.03565
438    0.34792    0.00507    0.55522    0.00339    3.67600    0.00800    1.70976    0.03874
440    0.20602    0.00189    0.20548    0.00433    4.23300    0.00900    0.83339    0.03344
441   -0.30277    0.01657   -0.30452    0.01138    4.74500    0.02800   -1.47906    0.07243
442   -0.31785    0.01535   -0.31966    0.01179    4.76000    0.02800   -1.54042    0.07413
443   -0.38722    0.02436   -0.40012    0.02073    4.85100    0.04800   -1.76675    0.10971
444   -0.42481    0.02772   -0.40561    0.02100    4.82500    0.05000   -1.77983    0.11032
445   -0.03527    0.00330   -0.05552    0.00148    4.51400    0.00400   -0.14507    0.04593
446   -0.16431    0.00317   -0.19382    0.00407    4.66200    0.00900   -0.71523    0.04630
447    0.20493    0.00596    0.24155    0.00149    4.16000    0.00700    0.98375    0.05939
448    0.15198    0.00337    0.18865    0.00113    4.21300    0.00400    0.73849    0.06459
449    0.14239    0.00501    0.12937    0.00742    4.32200    0.01600    0.45436    0.04172
450    0.12840    0.00420    0.12189    0.00754    4.32300    0.01600    0.42319    0.04223
453    0.09202    0.00703    0.14582    0.00217    4.23900    0.00800    0.45742    0.04538
454    0.03583    0.00720    0.04060    0.00158    4.39300    0.00800    0.12812    0.04711
455    0.36829    0.00316    0.26928    0.00280    4.26800    0.00600    1.60265    0.03823
456    0.35411    0.00307    0.25720    0.00360    4.27800    0.00800    1.52885    0.04077
458    0.84510    0.00869    0.58195    0.00546    4.12000    0.01400    3.54270    0.10275
460   -0.42481    0.01964   -0.45905    0.01012    4.93200    0.02800   -1.80709    0.12568
464   -0.01412    0.00179   -0.01502    0.00270    4.45400    0.00500   -0.03065    0.04303
465    0.25285    0.02669    0.39270    0.01231    3.90600    0.03600    1.18144    0.13963
467    0.24551    0.01727    0.35603    0.00574    3.97200    0.02100    1.05358    0.03620
468    0.25285    0.01698    0.50379    0.00545    3.68400    0.02000    1.31818    0.03606
469    0.13354    0.02650    0.15897    0.00663    4.25400    0.03000    0.55553    0.05341
470    0.13290    0.03134    0.15320    0.02197    4.26500    0.05400    0.54611    0.08406
471    0.24846    0.02917    0.19866    0.01374    4.28900    0.04000    1.11009    0.08739
472    0.12352    0.02255    0.10653    0.01359    4.34900    0.03500    0.47206    0.08812
477   -0.25414    0.00078   -0.28483    0.00920    4.75400    0.01800   -1.34687    0.05607
478   -0.27165    0.00081   -0.34104    0.00667    4.84900    0.01300   -1.49735    0.05183
479    0.25888    0.02417    0.30341    0.00864    4.09000    0.03000    0.62419    0.02920
483    1.22084    0.02356    0.87379    0.00703    3.91200    0.02700    4.64231    0.07490
484    1.21157    0.02399    0.87379    0.00703    3.90200    0.02800    4.64231    0.07490
485    0.25648    0.00722    0.34537    0.00392    4.00400    0.01100    1.03820    0.05712
486    0.25382    0.00726    0.35698    0.00382    3.97800    0.01100    1.04905    0.05727
488    0.73560    0.00239    0.54481    0.01102    4.08400    0.02200    3.08937    0.07155
489    0.23980    0.00375    0.26788    0.00328    4.14200    0.00800    1.03844    0.04036
490    0.14860    0.00278    0.17289    0.00408    4.24100    0.00900    0.63639    0.04636
493    0.19312    0.00557    0.31639    0.00629    3.99900    0.01400    0.94287    0.03322
494    0.14829    0.00617    0.22063    0.00784    4.14500    0.01700    0.72803    0.03584
495    0.19285    0.02368    0.38543    0.00822    3.86000    0.02900    1.20248    0.04462
496    0.09621    0.02575    0.19756    0.00827    4.13900    0.03100    0.71199    0.04663
497    0.26951    0.01401    0.22531    0.00517    4.25700    0.01700    0.96252    0.03276
498    0.19866    0.01374    0.16732    0.00591    4.30200    0.01800    0.60783    0.11468
503    1.17609    0.00579    0.80346    0.00205    4.00800    0.00700    4.58221    0.03667
504    1.08279    0.02871    0.75740    0.00152    4.00600    0.02900    4.43157    0.06199
507    1.03635    0.00947    0.90233    0.00658    3.67000    0.01600    4.13102    0.04692
508    0.79470    0.00927    0.48714    0.00566    4.25900    0.01500    3.15089    0.04347
509    1.24846    0.00858    0.76230    0.00683    4.16200    0.01600    4.56385    0.02413
510    1.24871    0.00735    0.76462    0.00470    4.15800    0.01200    4.58521    0.01148
511   -0.02319    0.00550   -0.04769    0.00630    4.51100    0.01400   -0.25675    0.07370
512   -0.08566    0.00688   -0.07263    0.00719    4.49800    0.01600   -0.49480    0.03866
513    0.03862    0.02781    0.06483    0.02244    4.34700    0.05300    0.19696    0.05994
515    0.10755    0.00509    0.20844    0.00457    4.12900    0.01000    0.53553    0.03725
516   -0.03105    0.00327   -0.01144    0.00892    4.43000    0.01800   -0.17108    0.06700
517    0.24846    0.00172    0.46210    0.00719    3.76300    0.01400    1.19611    0.04012
518    0.22531    0.00155    0.36736    0.00820    3.92900    0.01600    1.05735    0.04140
519   -0.07624    0.00880   -0.07212    0.00615    4.50600    0.01500   -0.48276    0.06716
520   -0.14630    0.00791   -0.14267    0.01025    4.57700    0.02200   -0.82939    0.09461
521    0.33264    0.00404    0.32284    0.00620    4.12500    0.01300    1.35845    0.05233
522    0.12450    0.00326    0.12090    0.00329    4.32100    0.00700    0.43474    0.08737
523    0.30621    0.00429    0.19838    0.00413    4.34800    0.00900    1.16843    0.04685
524    0.04999    0.00387    0.11893    0.00495    4.25000    0.01100    0.21605    0.06781
525    0.26007    0.00477    0.34439    0.00197    4.01000    0.00600    1.22296    0.08138
526    0.24797    0.00491    0.29226    0.00222    4.10200    0.00700    1.06246    0.10729
527    0.13893    0.00284    0.20844    0.00134    4.16000    0.00400    0.55176    0.01717
528    0.13893    0.00284    0.20763    0.00135    4.16200    0.00400    0.56070    0.02013
529    0.10992    0.00573    0.21032    0.00161    4.12800    0.00700    0.55328    0.01715
530   -0.05998    0.00399   -0.04721    0.00145    4.47300    0.00500   -0.29215    0.01977
532    0.03060    0.00931   -0.02965    0.01162    4.52800    0.02500   -0.10258    0.03251
533    0.81111    0.02898    0.56972    0.00351    4.11000    0.03000    3.25428    0.04265
534    0.69897    0.03222    0.46805    0.00443    4.20100    0.03300    2.88818    0.04849
535    0.17667    0.00231    0.36661    0.00317    3.88200    0.00700    0.89983    0.08018
536    0.12808    0.00259    0.23198    0.00993    4.10200    0.02000    0.71072    0.08069
537    0.29469    0.01322    0.17869    0.00863    4.37600    0.02200    1.07015    0.07717
538    0.17696    0.02889    0.19005    0.00841    4.23500    0.03300    0.72361    0.08350
539    0.58365    0.03965    0.68958    0.01598    3.64300    0.05100    2.49942    0.11091
540    0.51733    0.04223    0.38952    0.01948    4.17700    0.05700    1.88344    0.11068
541    0.16997    0.00587    0.31323    0.00845    3.98200    0.01800    0.79226    0.04425
543    0.36624    0.00860    0.60173    0.00326    3.60100    0.01100    1.80279    0.05448
544    0.40364    0.00840    0.43265    0.00401    3.97700    0.01200    1.61208    0.05697
545    0.07737    0.00036    0.12090    0.00197    4.27400    0.00400    0.33211    0.01680
546    0.01452    0.00042    0.00087    0.00217    4.45100    0.00400   -0.01916    0.01956
547   -0.03245    0.00281    0.07664    0.00146    4.25300    0.00400    0.14967    0.03307
548   -0.06048    0.00200   -0.01323    0.00179    4.40400    0.00400   -0.09146    0.05045
549    1.19215    0.00564    0.80516    0.00748    4.02000    0.01600    4.46770    0.07306
550    1.13716    0.00640    0.76819    0.00963    4.03900    0.02000    4.31655    0.08000
551    0.36810    0.00279    0.51957    0.00499    3.76700    0.01000    1.65964    0.04156
552    0.36097    0.00473    0.47509    0.00509    3.84900    0.01100    1.62255    0.04084
553    0.41078    0.00843    0.32469    0.04133    4.20000    0.08300    1.65543    0.16699
554    0.39410    0.00876    0.30341    0.04341    4.22600    0.08700    1.62965    0.17033
557    0.09482    0.00279    0.12646    0.00389    4.28000    0.00800    0.36311    0.02615
558   -0.02411    0.00275   -0.01954    0.00545    4.45300    0.01100   -0.22539    0.04776
559    1.07177    0.00515    0.74225    0.00951    4.02600    0.02000    4.24635    0.08041
560    1.04403    0.00549    0.70157    0.01045    4.07900    0.02200    4.12775    0.08361
561    0.44044    0.00945    0.35353    0.00308    4.17200    0.01100    1.69411    0.04879
562    0.44963    0.00771    0.36135    0.00397    4.16500    0.01100    1.71265    0.05049
563    0.09342    0.01051    0.10312    0.00514    4.32600    0.01500    0.30083    0.07127
564   -0.04239    0.00958   -0.04287    0.00623    4.48200    0.01600   -0.43087    0.05285
565    0.37967    0.00399    0.41363    0.00218    3.99100    0.00600    1.64183    0.03260
566    0.27898    0.00366    0.25018    0.00244    4.21700    0.00600    1.18291    0.02926
567   -0.32883    0.00185   -0.35556    0.00197    4.82100    0.00400   -1.60012    0.09431
568   -0.41680    0.00113   -0.42713    0.00232    4.87600    0.00500   -1.81501    0.09883
571    0.77100    0.01472    0.70449    0.00515    3.80000    0.01800    3.30580    0.06079
572    0.27161    0.01394    0.20520    0.00812    4.30000    0.02100    1.00973    0.05887
573    0.17319    0.01166    0.31639    0.02934    3.97900    0.06000    0.80948    0.12121
575    0.41111    0.01652    0.26079    0.00715    4.32800    0.02200    1.59380    0.04676
576    0.30471    0.01809    0.23477    0.00632    4.27400    0.02200    1.29162    0.05390
577    0.12385    0.00294    0.20493    0.00406    4.15200    0.00900    0.60818    0.03766
578    0.12320    0.00262    0.19562    0.01107    4.17000    0.02200    0.58956    0.05168
579    0.15045    0.00215    0.29776    0.00175    3.99300    0.00400    0.73790    0.02707
580    0.09934    0.00173    0.16791    0.00502    4.20200    0.01000    0.49338    0.01828
581    0.10619    0.00150    0.09114    0.00218    4.36200    0.00500    0.40591    0.04406
582    0.09726    0.00146    0.07751    0.00193    4.38100    0.00400    0.36004    0.04397
583    0.55835    0.01321    0.51068    0.00670    3.97500    0.01900    2.50381    0.05827
584    0.23121    0.01020    0.14644    0.00620    4.37700    0.01600    1.29892    0.07312
585    0.30643    0.01415    0.36324    0.00527    4.01800    0.01800    1.57368    0.08446
586    0.20952    0.01555    0.14301    0.00687    4.36200    0.02100    0.97872    0.09455
