#
# Pleiades Rotation Data (Godoy-Rivera et al. 2021)
#
# Reduced to 3 columns:
#  Period = rotation period in days
#  GaiaDR2_ID = star ID in the Gaia DR2 catalog
#  BP-RP = observed Gaia B-R color index
#
Period   GaiaDR2_ID            BP-RP     
0.3193   67878663874731136     2.863678  
0.286    67899520235887616     3.1979322 
5.766    61554650949438208     1.0155878 
0.3744   67667935599570432     2.9764814 
0.8275   64555694921236352     2.4523773 
0.4725   68014964661425280     3.2558327 
2.7953   67618285777617664     0.7102661 
1.8867   64589062523316736     2.67801   
0.549    67832346947351424     3.145955  
11.1805  64597927335800064     1.7720995 
7.551    68398732874994944     1.214345  
0.304    67724697887107200     3.170288  
0.8969   67756789882795008     2.797184  
2.1116   64671903852618624     0.75014687
3.7479   67732257029618048     2.1211395 
0.72     68236795427794816     2.8904066 
0.7734   68174191984522368     2.938428  
1.081    64600813554014592     2.5907116 
0.6961   64656201452146304     3.1242132 
1.1377   68175806892217216     2.6468468 
0.3847   68147391388599808     2.9542532 
0.5572   68145707761492608     3.3077316 
0.3291   68232603539842944     3.230608  
0.482    64653383953596032     3.1523151 
0.4198   68232191222851456     3.2724953 
1.2224   68238543478364032     3.445406  
0.6702   68170721650939264     2.9540339 
0.606    68183331674900864     3.0546484 
0.7654   68183125516472320     2.631671  
6.8132   68334235349446528     1.1248474 
2.337    65125452399528320     2.1765623 
4.5487   68129764842889600     0.9182844 
0.534    63436396380626688     2.444868  
0.3274   65119469509073152     3.52137   
3.7501   64215125490886656     3.0656128 
4.395    65119164567417856     0.90125275
0.3451   63410622280810368     3.3092136 
8.3247   65125864716379264     1.3769703 
0.5214   68186114813689344     3.0732822 
1.4556   68152820227358720     2.7223368 
0.3446   68156290560900480     3.339405  
10.0234  65107860213588096     1.7260284 
0.4252   68162028637205888     3.0992022 
0.3226   68283421593270400     3.3571548 
0.7308   68162921990400256     2.8881302 
0.7453   64401389632616960     3.2153625 
0.5384   65101606741121792     3.118619  
0.8393   65047043476608128     3.1084986 
0.3591   68167835432980480     2.980093  
5.4678   65150947325369600     0.9756479 
0.3868   68168419548529920     3.1458473 
0.5168   65147438335354624     3.1023216 
1.5972   68282837477714816     3.1930885 
11.0063  65151531440914560     1.8991327 
0.2943   65042439271761280     3.1903744 
0.6486   68279225408437888     3.333046  
0.515    68262973252098304     3.0684757 
6.842    65040686925109760     2.6733704 
7.7833   65153833543386624     1.9593086 
0.2821   68263145050803840     3.396471  
0.6995   68265588889169664     2.5277958 
2.2576   68291977168100480     2.502078  
3.0135   65134592089910656     2.3428612 
0.4774   68259438496008832     2.499961  
0.7131   68284104491279872     3.2307186 
1.0188   65053915424355584     3.2372713 
0.6026   68261053403709312     3.1432905 
2.9794   68363411064150272     1.908227  
2.3787   64317998547641344     0.71807766
0.4958   65156891560085504     3.1640987 
4.2264   65027905102436608     1.8398819 
0.9519   68265279651517056     2.8769827 
1.9793   64456262134709376     2.9131413 
0.325    65023232178029440     2.1059608 
1.2913   63391174669006080     3.02497   
0.5641   68261946756899456     3.1399841 
1.551    65079788307324672     2.843028  
0.2587   65254851174771584     2.4949436 
0.5634   65257187636977536     3.0843658 
0.6713   65254885534508672     2.8263378 
0.269    65078929312363392     2.603817  
0.4288   65037731987586304     3.1794567 
0.4436   65254576296865152     3.0668945 
0.3519   65155856471318912     3.3105183 
0.4038   65038281743395584     3.2622318 
1.4072   68310561489710336     0.6653547 
0.3657   68268165869533568     3.054555  
0.9149   63146743786148992     3.264409  
6.6996   65030344643851776     1.1916037 
6.536    64438841747360768     1.7132854 
0.3437   68268303308484224     3.159338  
6.6874   68317609532996480     1.141139  
0.3103   64841503521468544     2.2912436 
0.4336   63449521800719488     3.1861572 
0.1748   64433924008996224     3.5548687 
2.0256   68317746971945600     2.6377316 
0.4164   65263097511969792     3.1884098 
0.7068   68323966084583680     2.9518995 
0.2562   68314414077327744     2.4242506 
0.3057   64840541448791424     3.0769014 
0.3642   68298093201624960     3.0925026 
2.7573   65063707949772544     0.961092  
0.2668   65239522434899840     3.0772457 
1.2523   64843805623922688     3.0718641 
0.777    64836349560719232     2.756837  
0.5047   64818203322590208     3.0567398 
0.7217   68319529381881344     3.156273  
5.4442   65233788655261568     1.073657  
0.314    65062917675789184     3.097334  
3.0502   65084358152509440     1.8997641 
1.3696   68294554148575232     1.8285284 
0.366    65184894747573376     3.0355148 
0.3049   65232757863112192     3.1420069 
0.294    65232066371441792     3.1575089 
0.5793   68300326584600448     3.0378218 
0.3123   65265674492422784     3.1077404 
4.005    68296650092601088     2.514865  
2.3235   65056526764528128     2.6839495 
9.4558   65089473457126784     1.7248821 
5.3638   65289279632597760     1.0127316 
0.6467   65289279632598016     3.066925  
3.0034   68323485048225152     1.8678293 
4.4858   68295481861500928     1.911253  
0.8159   65245539685760640     2.9073915 
0.7717   65289004754691200     2.911893  
2.3969   65242069352190976     0.74294186
1.4758   68296886313838848     0.9138651 
4.6762   65289623229979136     1.0703726 
0.5739   64870296982175488     2.2148962 
0.5153   65058760147520000     3.0843725 
3.8818   68303659479211776     2.7331257 
1.2348   65289588870240384     2.5052528 
0.4745   68322454256073344     3.0037546 
2.5292   65072435323295872     1.0491371 
7.4885   57036757670988288     2.074359  
0.6063   65241863193865856     2.917448  
6.1589   65247704349267584     1.0228424 
4.0255   68322145018429952     0.8934126 
2.0541   65249250535404928     1.2803516 
0.2749   65293368441513344     2.5928602 
0.6814   68303728198686080     2.8660364 
1.4729   69811639676769536     0.8778496 
1.1868   68310359628169088     1.1248856 
4.4526   65179946945247488     2.727435  
0.4114   68310359628169472     1.4118891 
0.2991   65064837524605312     3.3325825 
0.3567   65248151025861120     1.750556  
0.7643   69811364798863744     2.2257013 
1.08     68308882159427840     2.7298212 
0.8374   68303487680516224     1.0840569 
0.347    65299381395665664     3.0891504 
5.8799   65292268929825408     2.372159  
0.3982   69823940463098752     2.0216541 
0.235    65285633203088768     2.9782143 
0.3044   65244435877629824     2.979435  
0.5332   45022222315428608     1.2018452 
0.9184   65181527493208192     2.8114948 
17.2827  65241313437941504     2.5094843 
9.0574   65244749411766528     1.8265715 
1.6598   65167577439502592     2.5989494 
0.3036   65298208867376384     2.9614944 
0.3152   64864593265614464     2.3609018 
0.6099   65299965511216384     2.70125   
1.908    69811948914407168     0.71434784
3.9912   64770241424108032     0.9183645 
0.2858   65294807253267328     2.6645489 
0.7563   65244646332548352     2.698223  
0.8136   65275020341243520     2.762803  
5.6763   69814388455816960     1.564805  
0.2494   63585036608738048     3.184926  
2.3386   65196370900147968     1.0486097 
0.6325   65298483745290368     2.6823597 
2.7793   65295425728422528     0.8384485 
0.8002   65170016980919808     2.8170948 
1.78     65267078945207296     2.6714725 
0.7571   65163110673516928     2.915784  
0.4849   65196405259884544     2.7919922 
5.8883   65161976802151680     1.7275953 
0.2388   65161560188203776     3.2170334 
0.5888   69807963184755840     2.938613  
0.9368   63052048347383168     0.68634415
7.0949   65194584193758336     1.1299181 
0.3337   65169943964429952     3.2870226 
0.4623   64797523056344064     2.9776    
2.9317   63592767549850112     0.751853  
0.9335   64871740091177600     2.9538155 
0.3473   65297594689312768     2.6311283 
0.7676   64798038452412928     2.8487291 
0.2594   65195404530870144     2.669033  
2.0103   65280552259109760     2.799594  
0.3403   65165653294149760     3.1344852 
2.1851   65270450496044416     2.438326  
0.1903   65168844452782208     3.1548843 
0.8545   66802207632871808     2.5176582 
7.0681   69819404977607168     0.6286812 
1.1468   66798977817468288     2.7189217 
1.2481   69810093488518784     2.2304296 
1.8128   69819027020489088     0.69124794
0.941    65282098447322752     2.6450014 
1.2096   64768763955442944     2.814166  
0.2958   65175480179315840     2.8570576 
2.1929   65281239453865856     2.2249298 
0.3976   65281166437426176     1.6062174 
0.5883   64874454510493440     3.1653023 
0.3334   66804406656115328     2.8957634 
0.347    65216363971331072     2.7540264 
0.8158   65269935099961600     2.8627968 
0.8383   65277975278721152     0.7296572 
3.7965   65222518661019520     1.8322735 
0.1958   63593798341985152     3.4507618 
3.0876   64956127609464320     0.03437233
2.4271   65284228751087872     2.4765387 
0.4114   65279418387728896     2.4530563 
0.6841   64982344089813248     2.9091682 
0.5743   64857721317916032     3.0116816 
0.2184   65228772133391488     2.7209473 
3.9585   65201039527567232     1.7165222 
5.8529   66801795315987584     3.3416157 
0.3745   65280071222749824     2.5570307 
0.5785   64981137202021376     1.3969898 
0.4336   65216643145862144     2.520113  
0.728    65229184450247296     2.9053192 
9.8931   64856312568645248     1.774396  
1.1298   66800180408292992     2.4725904 
1.1297   66800244832257280     2.9857407 
7.0484   66799763794633856     1.3542929 
3.9299   64971933089093760     1.654356  
0.8677   64796045587678208     2.9858608 
0.4625   63485427727244544     2.8351517 
2.8527   64971177174850304     0.80635834
5.9772   66800592725150848     1.0632076 
0.5507   64984951133439232     3.0165892 
1.3879   65224442806459008     1.8048096 
0.3079   64795289673433728     3.200327  
5.5174   66807464672814336     2.5274477 
6.3758   66811450402457216     1.7055159 
0.3742   64952068862923520     3.4310913 
0.6772   64951626483855744     3.2811394 
0.3797   64981863053470592     3.2951422 
3.231    66788291938818304     0.82882595
1.1143   66788669895935616     2.8317242 
0.4678   65223515093523328     2.717515  
0.1891   66786951909028736     2.6928291 
0.8915   66786539592171392     2.8170242 
0.3224   65229734206151680     2.5330095 
0.9143   66783584654831872     2.7505665 
3.4241   69847610026687104     0.84881496
2.3468   65200283613608704     2.6414251 
5.343    64985127228608128     1.5945015 
1.3126   66781832308018176     0.96805   
9.1276   66808220587051264     1.8498583 
0.3183   63296380446670080     3.237194  
0.7278   64950488315122560     3.2275276 
6.9448   64964717544035200     2.009222  
2.9684   64808483812941440     1.9807901 
0.7424   64977705525131904     2.04033   
0.9588   64951111087777536     2.8708248 
6.1624   65199978672758272     0.9086571 
7.1797   66808869124393600     1.1175804 
6.839    64808204638390912     0.6647806 
2.3141   66838452861270272     0.8084307 
7.4791   66787119410915072     1.5260181 
0.8702   65225611037551360     0.6303797 
6.1296   65223618172733952     1.2158127 
1.8161   64952829074688896     0.6489811 
0.5243   64980278208557696     1.4365625 
5.1665   66837495084120320     1.8433132 
0.2955   64804360644343424     3.1900597 
0.5017   65008010814357248     2.8909874 
2.234    65211557904569856     2.377285  
1.3443   66808839062339712     3.1099606 
3.0025   64899017426872960     0.8397875 
0.2845   64905618794174720     2.4873161 
7.9111   66793583338514816     2.15034   
2.1377   64980832261312640     2.8989172 
0.0824   65008388771477120     3.149191  
0.2261   66731731512764416     2.819189  
6.1515   64804841680675200     1.0697002 
3.5941   65004712279475712     0.8226509 
0.3912   65226092073881856     2.6410322 
2.6922   69854348831573504     2.4576235 
0.1212   66783099321711360     2.5285225 
3.3705   66809491897360896     0.8434305 
0.2824   64966916567283456     3.1740704 
0.9133   65004437401569664     2.7971    
0.8082   65213172812266752     3.0530758 
1.1004   66782897460055424     2.7735243 
0.5265   65213172812266240     2.99782   
0.3484   66839591028151552     3.028573  
5.9306   64979732749686016     1.0223904 
1.0167   66728501697350016     2.9798603 
2.5738   65003612767943040     3.231165  
0.3023   66727234683931520     1.8939762 
2.4577   65005262035285888     2.4694462 
8.4781   65010239900405504     1.2329378 
0.3889   64959662365552384     1.6122046 
3.9054   66735446661374976     2.9094543 
1.8237   66733763034205696     2.7286339 
0.2679   65212932294091264     2.5437899 
0.8446   65011412428446592     2.3946419 
0.4739   64967603762044928     3.020667  
0.4019   66728089380491648     2.995018  
7.8496   65010549138050944     1.2762156 
0.5326   65017906418989312     2.6395903 
0.8818   64967569402404480     2.9823294 
0.3239   66728128037119616     3.1366158 
3.694    66846291177113088     2.2992373 
0.3687   64963377514329984     3.0870228 
0.6801   65010519075247616     2.9139967 
1.456    64898368889386624     0.34744358
0.9252   66821655244731264     2.781474  
1.6638   64912009705490304     2.8425188 
1.1885   66729674225341696     2.9714556 
0.1357   66847631206903040     2.9464998 
0.4291   65005846150835200     3.048687  
0.5572   64990349908937984     2.7327852 
0.9834   66792999222948992     2.8946505 
0.2768   65019963707009024     3.0209484 
0.3079   64993579724240896     3.2258968 
2.7628   66737405166459264     2.3304596 
0.5596   63327682168301952     3.094884  
0.4855   65018417518780672     3.0387383 
0.6538   66715827250786432     2.4506826 
0.3972   66740497542906368     2.877118  
1.2508   64962174923490304     2.8943224 
8.5982   66816295125702144     1.4201279 
7.5554   63916431989200256     1.2362251 
0.6966   64884624994048256     2.8307257 
0.2084   66823132713476480     3.0540323 
0.2819   64990792288875264     3.079729  
0.7538   66737576965143296     3.1563816 
8.4106   64990586130069504     1.5964804 
2.3229   66820590092840960     2.5828314 
0.582    66823304512166528     1.8347702 
0.4571   64900739711320960     3.009962  
0.3067   66730120901930240     1.7155895 
0.7814   65013474012743936     1.6672621 
0.483    65208396808627840     1.5596657 
0.4458   65012408860856832     3.062623  
0.2962   66791659193405952     3.1800795 
5.1371   64913452814489216     0.9584093 
0.8216   66738023641737088     2.9529524 
1.4175   66742765285619584     2.4275846 
0.94     65011962184337664     3.067627  
2.8022   65020414679879296     0.7135601 
0.5169   64894623677888640     3.118886  
1.3661   64938569783224960     2.7004519 
0.7302   66717987616472704     3.0660973 
0.8448   66767843597097856     3.2166386 
0.7364   66816187748666624     1.5911531 
0.238    64986325522809728     3.0712452 
1.562    64895139073954944     2.5128841 
0.5561   65019246448775424     3.1623707 
0.6242   66522381924952704     2.9032993 
0.446    66944422591073024     1.7250109 
0.5148   65014195567317504     2.7911282 
0.7512   65000863988835200     3.0578432 
0.9637   66522107047046656     2.8319874 
0.6734   66522137109124096     3.0547695 
8.1854   64989490915460608     1.8267212 
0.8237   66521381194879232     2.9545841 
1.6856   66724451545088128     0.51014566
1.8306   64999558318784768     2.797223  
0.6994   64987876007763968     2.7882109 
0.4809   66942910762588928     2.9987116 
6.7219   66939852745876736     0.6593914 
2.4534   64999588381514496     0.7458563 
3.8184   66517468482370304     0.80504036
5.4934   66739982146803456     1.8564491 
0.4915   65014985841292032     2.9623728 
0.7353   63953819680971008     2.953374  
4.5347   66832100605159424     0.92820644
3.8161   66517468482370176     1.927804  
1.033    64998905483757568     2.4345636 
0.2571   64988803720689408     3.3021889 
0.7157   66763965244167808     2.8818064 
1.1389   64889126119831040     2.5017557 
0.293    64988322684358144     3.0900297 
1.7216   66818322350220416     2.7020779 
0.3215   64909153549943296     3.1035156 
0.3992   64009448097245440     1.7061777 
2.491    66523893753437824     0.7418165 
0.2353   64934893291213952     1.3326874 
0.6205   66521179334108928     2.9914904 
0.258    66720534534913792     2.4309053 
0.4896   66523103479455744     2.9200516 
1.3602   66523103479455232     2.8579655 
2.885    64941211186036352     0.7964411 
0.2113   64889229199044096     2.8851128 
0.5216   66719194505127168     3.1382694 
0.2656   66824472743376768     3.1765556 
0.9204   66719228864863360     2.5934458 
0.8848   66765751950550144     2.9242535 
0.7565   66831172892327680     3.3400726 
0.2671   64933621980897536     3.116683  
0.3368   66831069813319936     2.6659927 
0.5      66926211929978880     2.9140024 
0.3484   66765855029900288     2.9098492 
0.1238   66765855029760768     3.1689005 
3.92     64936508198907904     1.5196486 
0.6231   63705433133130368     2.9936838 
0.374    64946025846426752     3.1891842 
5.0921   66720946851771904     1.0752592 
0.5503   66519530066802944     1.2756042 
0.3617   64896101146708224     3.223445  
0.1267   66722660540945408     3.2187538 
1.706    66722355601033600     2.5805435 
13.6986  64916751349465856     2.5239925 
6.0067   64921458633614976     1.0961046 
8.5889   64891634380723712     2.2232208 
0.3242   64997187496822912     3.3604965 
6.1535   64923279699744256     1.0635023 
0.6738   63937700667501184     3.3538055 
1.1187   64917094946846848     2.8650742 
0.7768   66503449709270400     1.0409546 
2.0109   66745170467302656     2.8016157 
4.2628   66771146429454592     0.8136463 
5.3258   64922283267331968     1.82407   
0.3983   66753038847347456     1.8035431 
0.5256   64942001460286080     3.3867836 
0.2652   66746441777612416     0.14096451
0.3628   66525061984664832     2.8169699 
0.5603   66774513683782912     1.3821688 
0.4433   66771764904729984     3.2001553 
0.3389   66451497784867712     2.7873707 
0.4171   63717665199974016     3.2607641 
5.5927   66502281478384000     0.9989805 
0.9081   64057895330132224     3.1891422 
0.3094   64915754917051520     3.1230888 
0.3888   66745754582838272     2.9824944 
0.543    66752042414936704     2.496684  
5.7139   66499154741977216     1.0139475 
0.3013   66452047540860160     3.1136465 
0.3855   64928674178659968     3.122097  
0.7781   66511970924353792     2.8794594 
0.3933   64943758103791104     3.1213207 
0.2389   64930495244783616     0.5961113 
1.5928   66749121837171840     2.5844145 
4.9432   66501181966524800     0.8950987 
5.0132   64928605459180416     0.95699596
0.3971   63940208928422656     3.2631683 
7.2745   66747816167123712     1.1980419 
0.4441   66556672943906688     3.0133867 
0.1765   66453490649681280     -0.0441727
1.6719   63959351598814336     2.675376  
6.8472   66452769091505024     1.0337391 
0.857    63632178171114624     2.932702  
0.4722   63693785181958912     2.4938993 
0.5612   66515922294233728     2.9143686 
1.0465   51212713298684928     3.1100063 
2.1762   64924413571101952     0.7858448 
0.3019   66453181412027392     3.2901516 
1.6412   66507469798631808     0.06536198
1.3418   66452734735432192     2.4827223 
1.0385   66551686483467904     3.1334152 
0.6757   66507882115488128     2.7205505 
0.321    64927368508592512     3.1743813 
6.4254   66539252556578816     1.7299442 
1.7487   66974453002505088     2.910325  
0.3645   66509771901085696     3.1797066 
0.6652   66960743466922624     3.0995188 
1.1204   66553443128503552     2.8756533 
1.857    66960262430594816     0.6871643 
5.3657   64172038380708224     1.040019  
1.8957   64040818540162304     1.906435  
0.6601   66509634462127360     2.9775887 
0.9801   66429232674604544     2.9679937 
0.5589   64168705486089216     3.0252361 
1.0933   64037588724758400     2.8040228 
1.128    51200343792868096     3.4317322 
0.3144   66957994687842176     1.2233677 
1.7941   64064011363520512     2.9053516 
0.8891   64174546641593984     2.5667725 
2.1644   66462939577861248     0.785573  
0.3277   66982458821495424     3.1270332 
8.4496   65677372878285312     1.2771721 
2.0791   66969535261875072     2.8658495 
0.461    66485582645439104     2.9336786 
1.6572   66441323003146112     3.1419888 
3.4151   64050645425295872     1.9354734 
0.5784   65677098000371712     2.9585152 
1.9607   66445038154189952     3.1902637 
4.5971   66482868226100096     2.0349836 
0.5336   66911231083913600     2.7841282 
0.4479   65673593307063552     2.0566425 
0.4748   63627264728628224     2.9411516 
7.9471   66480944080770176     1.2459354 
0.9248   65671634801986048     2.8487349 
7.5694   66903293984399872     1.8201857 
6.4306   63849572235829248     1.4749155 
4.391    66867800374681344     2.5375776 
0.3185   65675895409522048     3.1198816 
3.3701   66863058730966528     0.9161043 
5.4447   63730309581781376     1.0660677 
0.8689   65674383581036800     2.6210842 
0.8344   65688539793220480     3.2733173 
0.813    63826070174824192     2.9281416 
1.3131   63826448131945984     2.7894688 
7.3022   65680499614460800     1.4733028 
0.3363   66665902550940672     2.6478958 
0.9618   66665902550940800     2.7350063 
0.7129   66886011036187392     2.961524  
0.5099   66887660303617408     3.0543203 
0.6317   66885942316710784     2.9961643 
0.8865   63824901943723392     3.2493248 
1.9861   64078167575681152     2.5092154 
0.4687   63839023796354560     3.071434  
0.4606   66915560410893440     3.2510567 
0.3228   51609980593783424     3.0198832 
0.5971   66642641008348416     3.022685  
1.9941   63838886357191936     2.2669926 
1.8182   63677326867342464     2.5918875 
1.2294   66899239535574400     2.6437283 
1.7664   64073597730589952     2.4001846 
1.057    67352066526730240     2.9042482 
0.6929   66648001127514368     2.994135  
0.4562   66593437863017984     3.095889  
5.0017   66897933865345920     1.6515636 
1.1461   63773774653147904     2.7525873 
0.553    63775355201110016     2.0390253 
1.1077   63892006512622848     2.786417  
0.0925   66695688147432832     3.4964905 
1.29     63884584809145600     2.5198126 
0.1714   67278158729741696     3.0118465 
2.4861   66694455493470464     1.867754  
0.2923   67304959325424768     3.2957134 
4.065    66570554277316992     1.0093727 
0.6341   66702048995630848     3.1973753 
0.2773   51622315739944704     2.993166  
8.5605   66597767189992832     2.4016466 
2.7826   51616268426009472     1.9965181 
0.6775   65717814290369920     2.95463   
6.3353   63876402894075904     1.3100977 
0.4077   51526417710225408     2.3094196 
0.2184   66623605713181184     3.7455063 
8.1192   66584332530000512     1.3641243 
0.4729   67085641114472320     3.0623264 
0.3425   51625094581936256     3.2656097 
0.1836   66584465673208448     3.4464855 
7.7415   67281869581448704     1.4967003 
0.8817   65819965792011904     0.7036648 
1.545    65701527774387840     2.951334  
0.6897   66581961710329984     0.9789829 
4.548    51742471745296768     0.92410946
3.0576   65800930496992512     1.7062473 
0.3486   65814979333012352     3.3338032 
4.6203   66581549393480704     1.7922897 
2.7745   63795455648004608     2.3015623 
0.2253   66624357329718400     3.3338776 
8.798    66612473157921024     1.6833906 
1.182    67069835634816896     2.7422886 
1.828    65823676643738368     2.7150316 
2.4272   50856471531291648     2.6872692 
3.0184   65750627840192256     1.7419338 
5.5586   51674920499533184     0.9830885 
0.5027   65807218329068544     3.1447163 
1.4066   51730067879582080     2.2094898 
2.4597   67074096242336384     2.7130194 
0.5959   51681655008229632     2.7574663 
7.2256   65864427293364864     1.3499613 
1.1199   51365476695288064     2.7251406 
0.8741   67019150723650560     4.039503  
1.1343   65783029073414144     2.340931  
0.6128   51677669278703104     2.7664366 
3.3228   66997817623367296     1.7234325 
0.6439   50101210121892992     3.034954  
14.5813  65435102362687616     2.119237  
2.1138   65844361206181376     2.0515623 
0.4551   65830548591559936     2.9292412 
1.0307   51257621476724096     2.7212877 
7.2904   65781345446197504     1.3671427 
2.1843   65779971056668032     2.994378  
7.798    65787289680918528     1.1547127 
0.9594   65419434321982464     2.6708126 
1.6758   65768151306811904     1.9829102 
1.4233   67034994860213888     2.5575714 
0.5421   67054305033161344     2.992424  
0.8022   53296592774129920     3.5235748 
0.3022   65772789871345024     3.1951218 
0.6209   65775195052996608     2.9635305 
0.2924   65467778474649856     3.3761234 
0.6841   65349684053273600     3.1584415 
0.7786   66280248847432192     2.7236786 
0.2592   53332571717238400     3.399313  
0.5426   66161020555461120     3.0316734 
1.8839   53335045618385536     1.9098167 
0.9536   53227396558316416     3.1994324 
0.4423   65471729844532864     1.5475569 
0.7319   51505217751483392     2.6674147 
4.0454   53251929411490688     2.5616808 
0.547    51492264130122496     3.1788025 
0.5733   53258732639653760     3.0867653 
0.5797   53255434104774272     2.9877748 
0.4124   65506467539939584     3.1046    
0.1296   65507807569730304     3.2949934 
5.3682   50649832062271360     2.3718204 
0.2419   53251517094713728     3.1043491 
1.5063   65486951208575488     2.7849026 
1.1983   53029278307021696     2.8755627 
0.5601   53341642688604416     2.8812294 
0.2352   53465573967635456     3.412094  
0.5678   66289044940711168     3.0179443 
1.1256   53864804065393536     2.6673594 
0.3081   53892669813156736     3.0884562 
3.4652   52097609703557248     2.244339  
0.7516   53140397701490176     2.9250345 
0.2252   53174379482675456     3.2444725 
5.2158   53563915834929024     2.8213987 
1.4102   53105728725582976     2.1234694 
6.7602   53758254515062784     2.0442677 
