   0.76870   0.00000   0.00000   0.00000   0.76870   0.00000
   0.76674   0.04873   0.03799   0.00835   0.80473   0.05708
   0.76089   0.09710   0.07598   0.01671   0.83687   0.11381
   0.75123   0.14479   0.11397   0.02506   0.86520   0.16985
   0.73788   0.19145   0.15196   0.03341   0.88984   0.22486
   0.72101   0.23680   0.18995   0.04176   0.91096   0.27857
   0.70084   0.28057   0.22794   0.05012   0.92877   0.33069
   0.67758   0.32253   0.26593   0.05847   0.94351   0.38100
   0.65149   0.36248   0.30392   0.06682   0.95541   0.42930
   0.62283   0.40027   0.34191   0.07517   0.96474   0.47545
   0.59187   0.43578   0.37990   0.08353   0.97176   0.51931
   0.55885   0.46893   0.41788   0.09188   0.97674   0.56081
   0.52403   0.49966   0.45587   0.10023   0.97990   0.59989
   0.48764   0.52794   0.49386   0.10859   0.98150   0.63653
   0.44989   0.55377   0.53185   0.11694   0.98174   0.67071
   0.41098   0.57714   0.56984   0.12529   0.98083   0.70244
   0.37110   0.59810   0.60783   0.13364   0.97893   0.73174
   0.33039   0.61665   0.64582   0.14200   0.97621   0.75865
   0.28901   0.63284   0.68381   0.15035   0.97282   0.78319
   0.24707   0.64671   0.72180   0.15870   0.96887   0.80541
   0.20469   0.65829   0.75979   0.16705   0.96448   0.82535
   0.16196   0.66762   0.79778   0.17541   0.95974   0.84303
   0.11897   0.67472   0.83577   0.18376   0.95474   0.85848
   0.07580   0.67962   0.87376   0.19211   0.94955   0.87173
   0.03250   0.68234   0.91175   0.20047   0.94425   0.88280
  -0.01084   0.68288   0.94974   0.20882   0.93890   0.89170
  -0.05416   0.68125   0.98773   0.21717   0.93357   0.89842
  -0.09740   0.67745   1.02572   0.22552   0.92831   0.90297
  -0.14049   0.67145   1.06371   0.23388   0.92321   0.90532
  -0.18336   0.66324   1.10170   0.24223   0.91833   0.90546
  -0.22593   0.65279   1.13969   0.25058   0.91375   0.90337
  -0.26810   0.64007   1.17767   0.25893   0.90957   0.89900
  -0.30978   0.62504   1.21566   0.26729   0.90589   0.89233
  -0.35084   0.60767   1.25365   0.27564   0.90282   0.88331
  -0.39115   0.58792   1.29164   0.28399   0.90049   0.87191
  -0.43057   0.56576   1.32963   0.29235   0.89906   0.85811
  -0.46892   0.54116   1.36762   0.30070   0.89870   0.84186
  -0.50602   0.51411   1.40561   0.30905   0.89960   0.82316
  -0.54165   0.48460   1.44360   0.31740   0.90195   0.80201
  -0.57560   0.45266   1.48159   0.32576   0.90599   0.77841
  -0.60762   0.41832   1.51958   0.33411   0.91196   0.75243
  -0.63747   0.38165   1.55757   0.34246   0.92010   0.72412
  -0.66487   0.34277   1.59556   0.35081   0.93069   0.69358
  -0.68958   0.30179   1.63355   0.35917   0.94397   0.66096
  -0.71132   0.25890   1.67154   0.36752   0.96021   0.62642
  -0.72987   0.21431   1.70953   0.37587   0.97966   0.59018
  -0.74500   0.16827   1.74752   0.38423   1.00251   0.55249
  -0.75653   0.12105   1.78551   0.39258   1.02898   0.51363
  -0.76430   0.07298   1.82350   0.40093   1.05920   0.47391
  -0.76821   0.02439   1.86149   0.40928   1.09328   0.43367
  -0.76821  -0.02439   1.89948   0.41764   1.13127   0.39325
  -0.76430  -0.07298   1.93747   0.42599   1.17317   0.35301
  -0.75653  -0.12105   1.97546   0.43434   1.21893   0.31329
  -0.74500  -0.16827   2.01344   0.44270   1.26844   0.27443
  -0.72987  -0.21431   2.05143   0.45105   1.32156   0.23674
  -0.71132  -0.25890   2.08942   0.45940   1.37810   0.20050
  -0.68958  -0.30179   2.12741   0.46775   1.43784   0.16596
  -0.66487  -0.34277   2.16540   0.47611   1.50053   0.13334
  -0.63747  -0.38166   2.20339   0.48446   1.56593   0.10280
  -0.60762  -0.41832   2.24138   0.49281   1.63376   0.07449
  -0.57560  -0.45266   2.27937   0.50116   1.70377   0.04851
  -0.54165  -0.48460   2.31736   0.50952   1.77571   0.02491
  -0.50601  -0.51411   2.35535   0.51787   1.84934   0.00376
  -0.46892  -0.54116   2.39334   0.52622   1.92442  -0.01494
  -0.43057  -0.56576   2.43133   0.53458   2.00076  -0.03119
  -0.39115  -0.58792   2.46932   0.54293   2.07817  -0.04499
  -0.35084  -0.60767   2.50731   0.55128   2.15647  -0.05639
  -0.30978  -0.62504   2.54530   0.55963   2.23552  -0.06541
  -0.26810  -0.64007   2.58329   0.56799   2.31519  -0.07208
  -0.22593  -0.65279   2.62128   0.57634   2.39535  -0.07645
  -0.18336  -0.66324   2.65927   0.58469   2.47590  -0.07854
  -0.14049  -0.67145   2.69726   0.59304   2.55676  -0.07840
  -0.09740  -0.67745   2.73525   0.60140   2.63785  -0.07605
  -0.05416  -0.68125   2.77324   0.60975   2.71908  -0.07150
  -0.01083  -0.68288   2.81123   0.61810   2.80039  -0.06478
   0.03251  -0.68234   2.84921   0.62646   2.88172  -0.05588
   0.07580  -0.67962   2.88720   0.63481   2.96300  -0.04481
   0.11897  -0.67472   2.92519   0.64316   3.04417  -0.03156
   0.16196  -0.66762   2.96318   0.65151   3.12515  -0.01610
   0.20469  -0.65829   3.00117   0.65987   3.20587   0.00157
   0.24707  -0.64671   3.03916   0.66822   3.28624   0.02151
   0.28901  -0.63284   3.07715   0.67657   3.36616   0.04373
   0.33040  -0.61665   3.11514   0.68492   3.44554   0.06828
   0.37110  -0.59809   3.15313   0.69328   3.52423   0.09518
   0.41098  -0.57714   3.19112   0.70163   3.60211   0.12449
   0.44989  -0.55377   3.22911   0.70998   3.67900   0.15622
   0.48764  -0.52794   3.26710   0.71834   3.75474   0.19039
   0.52403  -0.49966   3.30509   0.72669   3.82912   0.22703
   0.55885  -0.46893   3.34308   0.73504   3.90193   0.26611
   0.59187  -0.43578   3.38107   0.74339   3.97294   0.30761
   0.62284  -0.40027   3.41906   0.75175   4.04189   0.35148
   0.65149  -0.36248   3.45705   0.76010   4.10854   0.39762
   0.67758  -0.32253   3.49504   0.76845   4.17262   0.44593
   0.70084  -0.28057   3.53303   0.77680   4.23386   0.49624
   0.72101  -0.23680   3.57102   0.78516   4.29203   0.54836
   0.73788  -0.19145   3.60901   0.79351   4.34688   0.60206
   0.75123  -0.14478   3.64700   0.80186   4.39822   0.65708
   0.76089  -0.09710   3.68498   0.81022   4.44588   0.71311
   0.76674  -0.04872   3.72297   0.81857   4.48972   0.76984
   0.76870   0.00000   3.76096   0.82692   4.52966   0.82692
