#
# Solar Spectrum
# Source:
#   Spectrum: ASTM E-490-000 Solar Spectrum
#   Blackbody: T=5772K
# Lam: wavelength in Angstroms
# Sun: Solar spectral irradiance in erg/s/cm^2/A
# bb5772: T=5772K black body irradiance in erg/s/cm^2/A
#
Lam      Sun          bb5772
  119.5  0.061900001  0.289384514
  120.5  0.561399996  0.330039203
  121.5  4.901000020  0.375462979
  122.5  1.184000020  0.426097304
  123.5  0.047699999  0.482410401
  124.5  0.034299999  0.544901311
  125.5  0.028799999  0.614096701
  126.5  0.035199999  0.690553963
  127.5  0.021299999  0.774863958
  128.5  0.017300000  0.867644072
  129.5  0.039900001  0.969546735
  130.5  0.120600000  1.08125496
  131.5  0.039799999  1.20348525
  132.5  0.041299998  1.33698666
  133.5  0.167999998  1.48253906
  134.5  0.045699998  1.64095294
  135.5  0.037999998  1.8130796
  136.5  0.030899999  1.99979544
  137.5  0.029200000  2.2020092
  138.5  0.039700001  2.42066336
  139.5  0.075599998  2.65673184
  140.5  0.060800001  2.91122484
  141.5  0.042100001  3.18516922
  142.5  0.046799998  3.47963214
  143.5  0.051100000  3.79570341
  144.5  0.050900001  4.13451958
  145.5  0.055399999  4.49720907
  146.5  0.070900000  4.8849597
  147.5  0.084899999  5.29897451
  148.5  0.082000002  5.74047041
  149.5  0.079599998  6.21069622
  150.5  0.086999997  6.71091843
  151.5  0.092699997  7.24243689
  152.5  0.116300002  7.80655241
  153.5  0.129899994  8.40458298
  154.5  0.205899999  9.03788662
  155.5  0.214399993  9.7078104
  156.5  0.184699997  10.4157314
  157.5  0.171700001  11.1630268
  158.5  0.167500004  11.9510918
  159.5  0.175400004  12.7813215
  160.5  0.193399996  13.6551189
  161.5  0.222800002  14.5738955
  162.5  0.251899987  15.5390825
  163.5  0.284099996  16.5520744
  164.5  0.297300011  17.6143036
  165.5  0.430200011  18.7271671
  166.5  0.398900002  19.8920918
  167.5  0.387499988  21.1104832
  168.5  0.455599993  22.3837261
  169.5  0.587700009  23.7132149
  170.5  0.661599994  25.1003208
  171.5  0.688000023  26.5464325
  172.5  0.725199997  28.0528774
  173.5  0.764500022  29.6210022
  174.5  0.906700015  31.2521496
  175.5  1.079000000  32.9476013
  176.5  1.22000003  34.7086143
  177.5  1.40300000  36.5365105
  178.5  1.53799999  38.4324532
  179.5  1.57599998  40.3977356
  180.5  1.83099997  42.4334755
  181.5  2.23300004  44.5409012
  182.5  2.24300003  46.721077
  183.5  2.24399996  48.9751472
  184.5  2.06599998  51.3041382
  185.5  2.31100011  53.7091942
  186.5  2.70000005  56.1912079
  187.5  3.00900006  58.751194
  188.5  3.29099989  61.3901024
  189.5  3.56900001  64.1088638
  190.5  3.76399994  66.9082642
  191.5  4.16499996  69.789238
  192.5  4.11299992  72.752449
  193.5  3.80800009  75.7987442
  194.5  5.21000004  78.9288025
  195.5  5.42700005  82.1433105
  196.5  6.00799990  85.4428329
  197.5  6.19099998  88.8280792
  198.5  6.18699980  92.2994843
  199.5  6.66400003  95.8576202
  200.5  7.32600021  99.5029221
  201.5  8.02299976  103.235825
  202.5  8.26099968  107.05674
  203.5  9.21700001  110.965904
  204.5  10.2500000  114.963608
  205.5  10.5400000  119.050293
  206.5  11.0799999  123.225983
  207.5  12.6499996  127.490845
  208.5  15.0500002  131.845047
  209.5  21.3799992  136.288635
  210.5  27.9200001  140.821655
  211.5  33.5400009  145.444214
  212.5  31.2999992  150.155991
  213.5  33.1500015  154.957169
  214.5  40.0299988  159.847412
  215.5  36.1500015  164.826675
  216.5  32.2700005  169.894623
  217.5  35.2900009  175.051102
  218.5  44.3699989  180.295731
  219.5  46.9199982  185.628265
  220.5  47.3300018  191.048141
  221.5  39.5800018  196.555176
  222.5  49.6500015  202.148804
  223.5  63.0099983  207.828476
  224.5  58.9700012  213.593735
  225.5  52.2900009  219.443939
  226.5  39.4000015  225.378586
  227.5  39.9199982  231.396973
  228.5  51.9500008  237.498489
  229.5  47.7099991  243.682419
  230.5  52.1199989  249.947906
  231.5  50.9700012  256.29422
  232.5  53.2599983  262.720673
  233.5  44.7400017  269.226349
  234.5  38.9700012  275.810364
  235.5  51.4199982  282.471924
  236.5  48.5900002  289.209961
  237.5  48.4399986  296.02359
  238.5  41.9599991  302.911926
  239.5  44.1199989  309.873993
  240.5  39.5600014  316.9086
  241.5  51.4799995  324.014709
  242.5  70.5999985  331.191406
  243.5  66.5299988  338.437653
  244.5  60.9700012  345.751984
  245.5  49.3899994  353.133392
  246.5  50.4000015  360.581116
  247.5  55.5000000  368.093506
  248.5  45.6500015  375.669403
  249.5  56.3800011  383.307922
  250.5  60.0999985  391.00769
  251.5  46.0099983  398.767456
  252.5  41.5499992  406.585846
  253.5  51.5499992  414.461609
  254.5  59.5699997  422.393616
  255.5  79.3000031  430.38031
  256.5  101.800003  438.420746
  257.5  125.400002  446.513489
  258.5  125.099998  454.657104
  259.5  104.000000  462.850372
  260.5  85.5100021  471.091583
  261.5  89.8000031  479.379852
  262.5  103.599998  487.713745
  263.5  165.800003  496.091614
  264.5  249.699997  504.51236
  265.5  252.699997  512.974426
  266.5  249.399994  521.476624
  267.5  250.800003  530.017639
  268.5  243.800003  538.595825
  269.5  238.899994  547.209656
  270.5  267.299988  555.858337
  271.5  224.399994  564.539856
  272.5  197.399994  573.253052
  273.5  196.500000  581.996521
  274.5  132.600006  590.769287
  275.5  175.100006  599.569214
  276.5  242.800003  608.395325
  277.5  233.800003  617.246338
  278.5  159.300003  626.12085
  279.5  85.5500031  635.017029
  280.5  94.6299973  643.934021
  281.5  208.300003  652.870361
  282.5  294.100006  661.824341
  283.5  313.500000  670.795105
  284.5  235.300003  679.780945
  285.5  163.100006  688.781006
  286.5  322.700012  697.793213
  287.5  336.299988  706.816528
  288.5  322.200012  715.850159
  289.5  472.700012  724.891846
  290.5  601.299988  733.941101
  291.5  580.799988  742.996399
  292.5  521.900024  752.056458
  293.5  535.500000  761.119751
  294.5  508.799988  770.185059
  295.5  553.200012  779.251221
  296.5  509.600006  788.317322
  297.5  507.299988  797.381592
  298.5  465.500000  806.443176
  299.5  484.000000  815.500671
  300.5  420.000000  824.552795
  301.5  455.500000  833.598755
  302.5  489.000000  842.636841
  303.5  620.599976  851.666382
  304.5  602.500000  860.686401
  305.5  594.799988  869.694885
  306.5  555.700012  878.691101
  307.5  615.000000  887.674072
  308.5  611.400024  896.642944
  309.5  496.500000  905.59668
  310.5  622.400024  914.533569
  311.5  729.200012  923.452454
  312.5  655.900024  932.353088
  313.5  699.900024  941.234131
  314.5  662.900024  950.094238
  315.5  633.000000  958.933105
  316.5  633.200012  967.749146
  317.5  773.900024  976.541565
  318.5  664.900024  985.309448
  319.5  710.500000  994.051636
  320.5  805.099976  1002.7677
  321.5  699.500000  1011.45612
  322.5  688.599976  1020.11646
  323.5  661.299988  1028.74768
  324.5  760.799988  1037.34888
  325.5  875.799988  1045.91931
  326.5  979.500000  1054.45789
  327.5  952.700012  1062.96436
  328.5  917.599976  1071.43701
  329.5  1061.00000  1079.87585
  330.5  1016.00000  1088.27966
  331.5  965.700012  1096.64807
  332.5  954.900024  1104.97998
  333.5  921.599976  1113.27466
  334.5  958.900024  1121.53162
  335.5  943.400024  1129.74976
  336.5  809.500000  1137.92932
  337.5  841.799988  1146.06848
  338.5  921.500000  1154.16724
  339.5  958.099976  1162.22449
  340.5  1007.00000  1170.24023
  341.5  923.799988  1178.2135
  342.5  993.000000  1186.14368
  343.5  950.599976  1194.03027
  344.5  795.700012  1201.87244
  345.5  939.200012  1209.67004
  346.5  926.400024  1217.42212
  347.5  901.700012  1225.12866
  348.5  897.200012  1232.78857
  349.5  889.799988  1240.40161
  350.5  1050.00000  1247.96765
  351.5  979.500000  1255.4856
  352.5  907.900024  1262.95532
  353.5  1033.00000  1270.37622
  354.5  1111.00000  1277.74792
  355.5  1045.00000  1285.06995
  356.5  912.299988  1292.34229
  357.5  796.000000  1299.56409
  358.5  693.599976  1306.73486
  359.5  991.099976  1313.8551
  360.5  970.799988  1320.92297
  361.5  878.099976  1327.9397
  362.5  997.799988  1334.90393
  363.5  996.900024  1341.81567
  364.5  1013.00000  1348.6748
  365.5  1152.00000  1355.48047
  366.5  1233.00000  1362.23267
  367.5  1180.00000  1368.93152
  368.5  1101.00000  1375.57642
  369.5  1226.00000  1382.16687
  370.5  1139.00000  1388.703
  371.5  1175.00000  1395.18457
  372.5  1054.00000  1401.61072
  373.5  920.200012  1407.98242
  374.5  900.400024  1414.29883
  375.5  1062.00000  1420.55957
  376.5  1085.00000  1426.76465
  377.5  1282.00000  1432.91418
  378.5  1327.00000  1439.00745
  379.5  1066.00000  1445.04468
  380.5  1202.00000  1451.02576
  381.5  1082.00000  1456.95032
  382.5  791.299988  1462.81873
  383.5  684.099976  1468.63025
  384.5  959.700012  1474.38501
  385.5  1008.00000  1480.08337
  386.5  1007.00000  1485.72473
  387.5  1004.00000  1491.30884
  388.5  984.299988  1496.83655
  389.5  1174.       1502.30664
  390.5  1247.       1507.71985
  391.5  1342.       1513.07642
  392.5  1019.       1518.37549
  393.5  582.299988  1523.61768
  394.5  1026.       1528.80237
  395.5  1314.       1533.92993
  396.5  854.5       1539.00073
  397.5  928.799988  1544.01392
  398.5  1522.	     1548.97021
  399.5  1663.	     1553.86914
  400.5  1682.	     1558.71118
  401.5  1746.	     1563.49634
  402.5  1759.	     1568.22473
  403.5  1684.	     1572.89563
  404.5  1674.	     1577.51025
  405.5  1667.	     1582.06799
  406.5  1589.	     1586.56897
  407.5  1628.	     1591.01331
  408.5  1735.	     1595.40051
  409.5  1715.	     1599.73242
  410.5  1532.	     1604.00708
  411.5  1817.	     1608.22607
  412.5  1789.	     1612.38867
  413.5  1756.	     1616.49524
  414.5  1737.	     1620.54626
  415.5  1734.	     1624.54126
  416.5  1842.	     1628.48059
  417.5  1665.	     1632.3645
  418.5  1684.	     1636.19287
  419.5  1701.	     1639.96631
  420.5  1757.	     1643.68506
  421.5  1797.	     1647.34851
  422.5  1582.	     1650.95728
  423.5  1711.	     1654.51135
  424.5  1767.	     1658.0116
  425.5  1695.	     1661.4574
  426.5  1698.	     1664.84888
  427.5  1569.	     1668.18701
  428.5  1587.	     1671.47119
  429.5  1475.	     1674.70178
  430.5  1135.	     1677.87927
  431.5  1686.	     1681.00354
  432.5  1646.	     1684.07556
  433.5  1731.	     1687.09436
  434.5  1670.	     1690.06091
  435.5  1723.	     1692.97534
  436.5  1929.	     1695.83752
  437.5  1806.	     1698.64832
  438.5  1567.	     1701.40735
  439.5  1825.	     1704.11487
  440.5  1713.	     1706.77136
  441.5  1931.	     1709.37695
  442.5  1980.	     1711.93176
  443.5  1909.	     1714.4364
  444.5  1973.	     1716.89099
  445.5  1821.	     1719.29529
  446.5  1891.	     1721.65027
  447.5  2077.	     1723.95557
  448.5  1973.	     1726.21179
  449.5  2027.	     1728.4187
  450.5  2144.	     1730.57751
  451.5  2109.	     1732.68774
  452.5  1941.	     1734.74927
  453.5  1970.	     1736.76306
  454.5  1979.	     1738.72961
  455.5  2034.	     1740.6488
  456.5  2077.	     1742.52002
  457.5  2100.	     1744.34473
  458.5  1971.	     1746.12366
  459.5  2009.	     1747.85522
  460.5  2040.	     1749.54126
  461.5  2055.	     1751.18115
  462.5  2104.	     1752.77563
  463.5  2040.	     1754.32495
  464.5  1976.	     1755.82922
  465.5  2042.	     1757.28894
  466.5  1921.	     1758.70386
  467.5  2015.	     1760.07507
  468.5  1994.	     1761.40161
  469.5  1990.	     1762.6853
  470.5  1877.	     1763.92554
  471.5  2018.	     1765.12256
  472.5  2041.	     1766.27661
  473.5  1991.	     1767.38867
  474.5  2051.	     1768.45789
  475.5  2016.	     1769.48621
  476.5  1956.	     1770.4718
  477.5  2075.	     1771.41663
  478.5  2009.	     1772.32007
  479.5  2076.	     1773.18311
  480.5  2035.	     1774.00525
  481.5  2090.	     1774.78735
  482.5  2023.	     1775.52966
  483.5  2019.	     1776.23181
  484.5  1969.	     1776.89502
  485.5  1830.	     1777.51917
  486.5  1625.	     1778.10437
  487.5  1830.	     1778.65088
  488.5  1914.	     1779.1593
  489.5  1960.	     1779.62976
  490.5  2007.	     1780.0625
  491.5  1896.	     1780.45825
  492.5  1896.	     1780.81665
  493.5  1888.	     1781.13794
  494.5  2058.	     1781.42285
  495.5  1926.	     1781.67175
  496.5  2017.	     1781.88416
  497.5  2018.	     1782.06128
  498.5  1866.	     1782.20288
  499.5  1970.	     1782.30969
  500.5  1857.  1782.38123
  501.5  1812.  1782.41821
  502.5  1894.  1782.42151
  503.5  1934.  1782.39001
  504.5  1869.  1782.32556
  505.5  1993.  1782.22705
  506.5  1961.  1782.09546
  507.5  1906.  1781.93079
  508.5  1919.  1781.73389
  509.5  1916.  1781.50464
  510.5  1947.  1781.24316
  511.5  1997.  1780.9502
  512.5  1867.  1780.62524
  513.5  1861.  1780.26929
  514.5  1874.  1779.88269
  515.5  1900.  1779.4646
  516.5  1669.  1779.0166
  517.5  1726.  1778.53857
  518.5  1654.  1778.03027
  519.5  1828.  1777.49268
  520.5  1831.  1776.92578
  521.5  1906.  1776.32922
  522.5  1823.  1775.7041
  523.5  1894.  1775.05066
  524.5  1958.  1774.36865
  525.5  1930.  1773.65869
  526.5  1674.  1772.9209
  527.5  1828.  1772.1554
  528.5  1897.  1771.36292
  529.5  1918.  1770.54333
  530.5  1952.  1769.69739
  531.5  1963.  1768.82434
  532.5  1770.  1767.92542
  533.5  1923.  1767.00049
  534.5  1858.  1766.04944
  535.5  1990.  1765.07324
  536.5  1871.  1764.07166
  537.5  1882.  1763.04517
  538.5  1904.  1761.99414
  539.5  1832.  1760.91846
  540.5  1769.  1759.81824
  541.5  1881.  1758.69446
  542.5  1825.  1757.54663
  543.5  1879.  1756.37561
  544.5  1879.  1755.18079
  545.5  1901.  1753.9635
  546.5  1879.  1752.72327
  547.5  1833.  1751.45996
  548.5  1863.  1750.17505
  549.5  1895.  1748.86731
  550.5  1862.  1747.53821
  551.5  1871.  1746.18762
  552.5  1846.  1744.81519
  553.5  1882.  1743.42163
  554.5  1898.  1742.00732
  555.5  1897.  1740.57239
  556.5  1821.  1739.11682
  557.5  1846.  1737.64087
  558.5  1787.  1736.14526
  559.5  1808.  1734.62964
  560.5  1843.  1733.09448
  561.5  1824.  1731.53943
  562.5  1850.  1729.96558
  563.5  1861.  1728.37244
  564.5  1854.  1726.76135
  565.5  1798.  1725.1311
  566.5  1829.  1723.48279
  567.5  1887.  1721.81604
  568.5  1810.  1720.13171
  569.5  1860.  1718.42957
  570.5  1769.  1716.71021
  571.5  1823.  1714.97351
  572.5  1892.  1713.21973
  573.5  1876.  1711.4491
  574.5  1867.  1709.66125
  575.5  1830.  1707.85779
  576.5  1846.  1706.0376
  577.5  1857.  1704.20117
  578.5  1783.  1702.34949
  579.5  1828.  1700.48206
  580.5  1838.  1698.59863
  581.5  1853.  1696.7002
  582.5  1873.  1694.78662
  583.5  1857.  1692.8584
  584.5  1860.  1690.91541
  585.5  1783.  1688.9574
  586.5  1830.  1686.98547
  587.5  1848.  1684.99927
  588.5  1750.  1682.99939
  589.5  1612.  1680.98535
  590.5  1813.  1678.95789
  591.5  1787.  1676.91687
  592.5  1808.  1674.86292
  593.5  1796.  1672.79553
  594.5  1773.  1670.71545
  595.5  1782.  1668.62256
  596.5  1805.  1666.51758
  597.5  1780.  1664.39978
  598.5  1757.  1662.26953
  599.5  1774.  1660.12769
  600.5  1746.  1657.974
  601.5  1751.  1655.80823
  602.5  1719.  1653.63123
  603.5  1787.  1651.4425
  604.5  1776.  1649.24329
  605.5  1763.  1647.03223
  606.5  1759.  1644.81079
  607.5  1757.  1642.57874
  608.5  1743.  1640.33569
  609.5  1744.  1638.08252
  610.5  1703.  1635.81897
  611.5  1746.  1633.54553
  612.5  1705.  1631.26208
  613.5  1683.  1628.96899
  614.5  1713.  1626.66577
  615.5  1713.  1624.35315
  616.5  1609.  1622.03149
  617.5  1707.  1619.70068
  618.5  1724.  1617.36072
  619.5  1707.  1615.01172
  620.5  1734.  1612.6543
  621.5  1690.  1610.28796
  622.5  1713.  1607.91309
  623.5  1666.  1605.53027
  624.5  1656.  1603.13904
  625.5  1632.  1600.73999
  626.5  1697.  1598.33252
  627.5  1697.  1595.91797
  628.5  1697.  1593.49536
  629.5  1677.  1591.06506
  631.  1639.  1587.40613
  633.  1651.  1582.50244
  635.  1656.  1577.57117
  637.  1654.  1572.61328
  639.  1651.  1567.62964
  641.  1614.  1562.62158
  643.  1621.  1557.58948
  645.  1627.  1552.53479
  647.  1603.  1547.45825
  649.  1558.  1542.36084
  651.  1606.  1537.24377
  653.  1599.  1532.10718
  655.  1532.  1526.95251
  657.  1384.  1521.78027
  659.  1549.  1516.59143
  661.  1571.  1511.38708
  663.  1555.  1506.16785
  665.  1560.  1500.9342
  667.  1535.  1495.6875
  669.  1546.  1490.4281
  671.  1516.  1485.15662
  673.  1521.  1479.87427
  675.  1510.  1474.58142
  677.  1508.  1469.27893
  679.  1498.  1463.96765
  681.  1492.  1458.64771
  683.  1479.  1453.32056
  685.  1455.  1447.98621
  687.  1467.  1442.64563
  689.  1461.  1437.29919
  691.  1448.  1431.94751
  693.  1448.  1426.59143
  695.  1436.  1421.23157
  697.  1416.  1415.86829
  699.  1425.  1410.50232
  701.  1386.  1405.13416
  703.  1388.  1399.76416
  705.  1415.  1394.39307
  707.  1400.  1389.02161
  709.  1384.  1383.64978
  711.  1385.  1378.27832
  713.  1373.  1372.90833
  715.  1366.  1367.53906
  717.  1354.  1362.17175
  719.  1328.  1356.80713
  721.  1331.  1351.44458
  723.  1348.  1346.08569
  725.  1350.  1340.73035
  727.  1346.  1335.37903
  729.  1319.  1330.03223
  731.  1326.  1324.69006
  733.  1318.  1319.35339
  735.  1309.  1314.02209
  737.  1307.  1308.69678
  739.  1278.  1303.37793
  741.  1258.  1298.06567
  743.  1286.  1292.76062
  745.  1279.  1287.46289
  747.  1283.  1282.1731
  749.  1270.  1276.89111
  751.  1262.  1271.61755
  753.  1259.  1266.35278
  755.  1255.  1261.09668
  757.  1248.  1255.8501
  759.  1240.  1250.61316
  761.  1237.  1245.38586
  763.  1241.  1240.1687
  765.  1221.  1234.96204
  767.  1185.  1229.76575
  769.  1203.  1224.58057
  771.  1204.  1219.40637
  773.  1208.  1214.24365
  775.  1188.  1209.09229
  777.  1196.  1203.95312
  779.  1187.  1198.82556
  781.  1187.  1193.71045
  783.  1176.  1188.60803
  785.  1180.  1183.51819
  787.  1177.  1178.4408
  789.  1174.  1173.37683
  791.  1158.  1168.32581
  793.  1143.  1163.28845
  795.  1134.  1158.26453
  797.  1152.  1153.25439
  799.  1135.  1148.25806
  801.  1142.  1143.27576
  803.  1129.  1138.30798
  805.  1115.  1133.35437
  807.  1120.  1128.41528
  809.  1095.  1123.49109
  811.  1114.  1118.5813
  813.  1115.  1113.68665
  815.  1107.  1108.80713
  817.  1104.  1103.94226
  819.  1063.  1099.09326
  821.  1080.  1094.25952
  823.  1073.  1089.44104
  825.  1075.  1084.63831
  826.  1080.  1082.2428
  828.  1081.  1077.46387
  830.  1063.  1072.70044
  832.  1051.  1067.95312
  834.  1041.  1063.2218
  836.  1052.  1058.50659
  838.  1044.  1053.80737
  840.  1040.  1049.12488
  842.  1036.  1044.4585
  844.  1024.  1039.80835
  846.  1028.  1035.1748
  848.  1023.  1030.55798
  850.  966.  1025.95776
  852.  996.099976  1021.37396
  854.  878.  1016.80695
  856.  975.5  1012.25671
  858.  1005.  1007.72357
  860.  996.900024  1003.20697
  862.  994.900024  998.707336
  864.  999.299988  994.22467
  866.  886.200012  989.758972
  868.  939.5  985.310486
  870.  974.700012  980.879028
  872.  983.299988  976.464294
  874.  971.299988  972.067139
  876.  964.  967.686523
  878.  974.900024  963.323853
  880.  955.400024  958.977844
  882.  951.099976  954.649231
  884.  957.900024  950.337769
  886.  938.299988  946.04364
  888.  944.299988  941.766541
  890.  953.  937.506775
  892.  939.400024  933.264404
  894.  933.200012  929.039307
  896.  938.700012  924.831482
  898.  933.900024  920.640625
  900.  915.799988  916.46759
  902.  891.599976  912.311523
  904.  928.5  908.172729
  906.  917.599976  904.051331
  908.  902.5  899.947083
  910.  891.599976  895.860046
  912.  896.700012  891.790222
  914.  907.099976  887.737915
  916.  900.400024  883.702698
  918.  895.099976  879.684692
  920.  890.799988  875.683899
  922.  863.  871.700317
  924.  858.5  867.733948
  926.  861.200012  863.784607
  928.  876.900024  859.852478
  930.  867.700012  855.937439
  932.  865.099976  852.039429
  934.  864.099976  848.158447
  936.  854.700012  844.294617
  938.  858.  840.447815
  940.  843.799988  836.617981
  942.  825.  832.804932
  944.  832.400024  829.009033
  946.  837.5  825.22998
  948.  840.700012  821.467712
  950.  836.900024  817.72229
  952.  831.700012  813.993591
  954.  808.  810.28186
  956.  808.200012  806.58667
  958.  818.799988  802.908203
  960.  815.099976  799.246399
  962.  808.900024  795.601379
  964.  801.299988  791.972656
  966.  794.700012  788.360596
  968.  796.900024  784.764893
  970.  795.900024  781.185852
  972.  793.599976  777.62323
  974.  781.5  774.076782
  976.  782.5  770.546814
  978.  777.900024  767.03302
  980.  774.599976  763.535522
  982.  776.400024  760.054321
  984.  769.799988  756.589172
  986.  766.099976  753.140076
  988.  761.5  749.707092
  990.  754.099976  746.290222
  992.  756.700012  742.889038
  994.  755.599976  739.504028
  996.  752.5  736.134766
  998.  751.  732.78125
  1000.  747.900024  729.443665
  1002.  746.900024  726.121582
  1003.99994  726.099976  722.815308
  1006.00006  713.599976  719.524414
  1008.  733.5  716.249451
  1010.  731.299988  712.989746
  1011.99994  726.200012  709.745667
  1014.00006  721.  706.516785
  1016.00006  713.900024  703.303223
  1018.  710.700012  700.105225
  1020.  704.099976  696.922363
  1021.99994  702.099976  693.754883
  1024.  705.400024  690.602051
  1026.  702.700012  687.464539
  1028.  698.900024  684.342163
  1030.  693.700012  681.234741
  1032.  690.5  678.142029
  1034.  681.700012  675.064209
  1036.  684.  672.001404
  1038.  677.200012  668.953186
  1040.  676.099976  665.919739
  1042.  674.599976  662.90094
  1044.  671.400024  659.896667
  1046.  660.  656.90686
  1048.  664.400024  653.931641
  1050.  662.200012  650.970764
  1052.  658.599976  648.024231
  1054.  654.900024  645.092041
  1056.  655.700012  642.17395
  1058.  645.099976  639.270142
  1060.  641.5  636.380493
  1062.  643.799988  633.504883
  1064.  645.900024  630.64325
  1066.  639.5  627.795654
  1068.  631.700012  624.961792
  1070.  624.099976  622.141907
  1072.  632.599976  619.335754
  1074.  627.599976  616.543213
  1076.  628.  613.764648
  1078.  627.200012  610.99939
  1080.  624.700012  608.247681
  1082.  609.900024  605.509583
  1084.  618.  602.78479
  1086.  620.799988  600.073486
  1088.  610.299988  597.375488
  1090.  619.900024  594.690552
  1092.  615.900024  592.019104
  1094.  584.900024  589.360718
  1096.  598.299988  586.71521
  1098.  596.099976  584.082886
  1100.  604.200012  581.463501
  1102.  593.200012  578.856995
  1104.  597.400024  576.263367
  1106.  594.5  573.682678
  1108.  591.599976  571.114502
  1110.  590.599976  568.559143
  1112.  584.299988  566.016235
  1114.  584.400024  563.486023
  1116.  583.099976  560.968323
  1118.  581.5  558.462952
  1120.  574.099976  555.970154
  1122.  579.599976  553.489441
  1124.  576.900024  551.02124
  1126.  565.5  548.565125
  1128.  570.  546.121216
  1130.  565.299988  543.689453
  1132.  567.799988  541.269592
  1134.  563.799988  538.861816
  1136.  565.799988  536.465942
  1138.  556.900024  534.08197
  1140.  553.  531.709839
  1142.  553.099976  529.349426
  1144.  551.400024  527.000854
  1146.  554.799988  524.663818
  1148.  552.5  522.338318
  1150.  548.900024  520.024475
  1152.  545.799988  517.722107
  1154.  547.900024  515.43103
  1156.  545.5  513.151489
  1158.  543.5  510.88327
  1160.  532.  508.626221
  1162.  532.5  506.380493
  1164.  533.200012  504.145935
  1166.  530.299988  501.922302
  1168.  531.200012  499.709808
  1170.  527.599976  497.508362
  1172.  531.5  495.31781
  1174.  527.299988  493.138214
  1176.  518.400024  490.96936
  1178.  519.  488.811249
  1180.  523.900024  486.664032
  1182.  515.900024  484.527405
  1184.  510.299988  482.401337
  1186.  518.700012  480.28598
  1188.  507.5  478.181091
  1190.  508.5  476.086639
  1192.  516.099976  474.002502
  1194.  514.5  471.928741
  1196.  508.399994  469.865387
  1198.  494.299988  467.812256
  1200.  500.299988  465.76947
  1202.  506.799988  463.736694
  1204.  494.799988  461.713959
  1206.  503.899994  459.701355
  1208.  489.  457.698792
  1210.  488.200012  455.706024
  1212.  493.299988  453.723236
  1214.  494.200012  451.750488
  1216.  493.  449.787323
  1218.  489.700012  447.833893
  1220.  487.5  445.890228
  1222.  485.399994  443.956207
  1224.  484.600006  442.03183
  1226.  481.700012  440.117004
  1228.  477.100006  438.211792
  1230.  479.200012  436.315704
  1232.  475.  434.429291
  1234.  472.899994  432.552216
  1236.  471.899994  430.684387
  1238.  470.299988  428.825806
  1240.  465.299988  426.976471
  1242.  464.200012  425.136261
  1244.  461.899994  423.305359
  1246.  463.5  421.483185
  1248.  463.299988  419.670349
  1250.  462.399994  417.866394
  1252.  457.100006  416.071411
  1254.  457.399994  414.285217
  1256.  455.100006  412.507965
  1258.  453.299988  410.739441
  1260.  453.  408.979675
  1262.  449.700012  407.228638
  1264.  447.799988  405.486328
  1266.  446.700012  403.752502
  1268.  441.700012  402.027374
  1270.  445.299988  400.310669
  1272.  445.200012  398.602448
  1274.  443.100006  396.90271
  1276.  445.100006  395.211395
  1278.  444.  393.528381
  1280.  435.600006  391.853668
  1282.  401.399994  390.187256
  1284.  425.899994  388.529022
  1286.  432.799988  386.878967
  1288.  431.399994  385.23703
  1290.  425.5  383.603271
  1292.  425.399994  381.977539
  1294.  422.299988  380.359772
  1296.  422.399994  378.749969
  1298.  418.399994  377.148102
  1300.  418.600006  375.554169
  1302.  413.899994  373.968018
  1304.  411.100006  372.389679
  1306.  413.600006  370.819122
  1308.  412.299988  369.256165
  1310.  410.600006  367.70108
  1312.  403.299988  366.153442
  1314.  402.200012  364.613525
  1316.  397.899994  363.081085
  1318.  401.700012  361.556213
  1320.  401.600006  360.038849
  1322.  398.600006  358.52887
  1324.  398.100006  357.026245
  1326.  394.899994  355.531067
  1328.  390.799988  354.043121
  1330.  387.799988  352.562592
  1332.  386.299988  351.089172
  1334.  389.200012  349.623047
  1336.  386.600006  348.164062
  1338.  383.200012  346.712158
  1340.  379.  345.267334
  1342.  380.5  343.82962
  1344.  379.799988  342.398926
  1346.  377.200012  340.975159
  1348.  376.600006  339.55838
  1350.  372.399994  338.148529
  1352.  374.200012  336.745544
  1354.  372.200012  335.349365
  1356.  367.5  333.95993
  1358.  368.799988  332.577362
  1360.  367.299988  331.201416
  1362.  367.700012  329.832184
  1364.  365.700012  328.469666
  1366.  365.700012  327.113708
  1368.  362.799988  325.764404
  1370.  359.899994  324.421539
  1372.  362.100006  323.085236
  1374.  361.100006  321.755493
  1376.  356.100006  320.432098
  1378.  358.  319.115204
  1380.  357.899994  317.804535
  1382.  354.5  316.500336
  1384.  354.700012  315.202423
  1386.  353.200012  313.910736
  1388.  353.  312.625305
  1390.  350.600006  311.346191
  1392.  351.299988  310.07312
  1394.  348.799988  308.806183
  1396.  348.700012  307.545502
  1398.  349.200012  306.290741
  1400.  342.700012  305.042084
  1402.  343.899994  303.799469
  1404.  342.799988  302.562836
  1406.  343.100006  301.332123
  1408.  342.700012  300.107361
  1410.  341.799988  298.888458
  1412.  334.799988  297.675385
  1414.  337.700012  296.468201
  1416.  338.5  295.266754
  1418.  338.600006  294.071106
  1420.  335.700012  292.881195
  1422.  331.5  291.696991
  1424.  331.100006  290.518402
  1426.  328.100006  289.345551
  1428.  328.5  288.178192
  1430.  325.700012  287.016479
  1432.  330.  285.860321
  1434.  328.399994  284.709717
  1436.  328.5  283.564545
  1438.  328.299988  282.424896
  1440.  318.799988  281.290619
  1442.  318.600006  280.161804
  1444.  319.700012  279.03833
  1446.  321.600006  277.920227
  1448.  321.600006  276.807465
  1450.  318.700012  275.699982
  1452.  315.399994  274.597778
  1454.  314.299988  273.500732
  1456.  313.100006  272.408966
  1458.  316.700012  271.322388
  1460.  315.600006  270.240906
  1462.  312.100006  269.164612
  1464.  310.5  268.093445
  1466.  310.799988  267.027283
  1468.  311.399994  265.966125
  1470.  310.200012  264.910065
  1472.  307.299988  263.85907
  1474.  303.399994  262.812897
  1476.  304.799988  261.771729
  1478.  304.399994  260.735474
  1480.  306.799988  259.704102
  1482.  304.399994  258.677551
  1484.  303.899994  257.655884
  1486.  303.299988  256.639008
  1488.  285.5  255.626984
  1490.  301.5  254.619629
  1492.  301.799988  253.61705
  1494.  303.299988  252.619232
  1496.  297.200012  251.626007
  1498.  299.399994  250.637466
  1500.  301.100006  249.653625
  1502.  292.399994  248.674362
  1504.  279.899994  247.699661
  1506.  284.799988  246.729568
  1508.  291.899994  245.763977
  1510.  294.700012  244.802902
  1512.  291.299988  243.846313
  1514.  288.299988  242.894211
  1516.  288.200012  241.946564
  1518.  288.399994  241.003357
  1520.  286.600006  240.064438
  1522.  282.399994  239.13002
  1524.  283.5  238.199905
  1526.  284.600006  237.274155
  1528.  284.600006  236.352631
  1530.  276.5  235.435455
  1532.  282.299988  234.522507
  1534.  278.399994  233.613846
  1536.  280.600006  232.70932
  1538.  277.299988  231.809067
  1540.  273.  230.912933
  1542.  275.299988  230.020966
  1544.  277.799988  229.133148
  1546.  277.200012  228.249405
  1548.  271.100006  227.369751
  1550.  271.299988  226.494186
  1552.  273.100006  225.622665
  1554.  267.600006  224.755203
  1556.  267.100006  223.891693
  1558.  268.899994  223.03215
  1560.  268.299988  222.17662
  1562.  269.700012  221.324966
  1564.  266.899994  220.477219
  1566.  265.399994  219.633423
  1568.  263.299988  218.793488
  1570.  264.5  217.957458
  1572.  267.299988  217.125183
  1574.  261.  216.296783
  1576.  253.600006  215.472153
  1578.  254.699997  214.651306
  1580.  265.  213.834244
  1582.  259.  213.020828
  1584.  259.100006  212.211243
  1586.  259.899994  211.405289
  1588.  249.  210.603058
  1590.  240.5  209.804443
  1592.  252.600006  209.009476
  1594.  258.299988  208.21814
  1596.  250.600006  207.430435
  1598.  254.5  206.646286
  1600.  251.199997  205.865753
  1602.  248.899994  205.088669
  1604.  249.699997  204.315247
  1606.  247.699997  203.545242
  1608.  249.100006  202.778748
  1610.  240.  202.015747
  1612.  243.  201.256195
  1614.  244.899994  200.500061
  1616.  237.399994  199.747375
  1618.  242.300003  198.998093
  1620.  236.899994  198.252182
  1622.  238.300003  197.509659
  1624.  241.600006  196.770477
  1626.  240.199997  196.034653
  1628.  241.800003  195.302109
  1630.  239.300003  194.572891
  1632.  238.699997  193.846954
  1634.  235.899994  193.124237
  1636.  235.699997  192.404831
  1638.  227.399994  191.688675
  1640.  226.199997  190.975677
  1642.  226.600006  190.265915
  1644.  227.800003  189.559311
  1646.  229.399994  188.855881
  1648.  229.199997  188.15564
  1650.  227.199997  187.458481
  1652.  226.800003  186.76445
  1654.  226.199997  186.073547
  1656.  226.  185.385727
  1658.  225.199997  184.700958
  1660.  224.5  184.019241
  1662.  224.600006  183.340607
  1664.  222.699997  182.664963
  1666.  221.199997  181.992325
  1668.  219.300003  181.322647
  1670.  222.5  180.656006
  1672.  217.300003  179.992325
  1674.  219.300003  179.331543
  1676.  216.100006  178.673737
  1678.  216.800003  178.01886
  1680.  208.  177.366837
  1682.  205.399994  176.717712
  1684.  212.899994  176.071518
  1686.  213.100006  175.428131
  1688.  212.  174.787582
  1690.  210.5  174.149857
  1692.  212.300003  173.514999
  1694.  211.199997  172.882919
  1696.  210.  172.253601
  1698.  208.899994  171.62709
  1700.  206.300003  171.003311
  1702.  204.699997  170.382278
  1704.  205.199997  169.763992
  1706.  205.  169.148438
  1708.  201.699997  168.535538
  1710.  201.300003  167.925339
  1712.  198.199997  167.317871
  1714.  203.699997  166.713028
  1716.  202.199997  166.11084
  1718.  201.  165.511261
  1720.  199.300003  164.914322
  1722.  197.5  164.319962
  1724.  195.399994  163.728256
  1726.  198.199997  163.139099
  1728.  197.100006  162.552536
  1730.  198.399994  161.968521
  1732.  193.600006  161.387039
  1734.  187.399994  160.808105
  1736.  182.699997  160.231659
  1738.  186.300003  159.657761
  1740.  190.5  159.086365
  1742.  190.199997  158.517365
  1744.  190.699997  157.950912
  1746.  186.699997  157.386902
  1748.  187.199997  156.825317
  1750.  185.800003  156.266159
  1752.  185.  155.709412
  1754.  185.600006  155.155136
  1756.  184.899994  154.603226
  1758.  184.300003  154.05368
  1760.  183.100006  153.5065
  1762.  179.300003  152.961716
  1764.  180.699997  152.41925
  1766.  181.699997  151.879105
  1768.  180.199997  151.341354
  1770.  179.100006  150.805847
  1772.  179.399994  150.27269
  1774.  179.199997  149.74176
  1776.  176.300003  149.213165
  1778.  174.699997  148.686798
  1780.  175.600006  148.162704
  1782.  174.699997  147.640884
  1784.  173.5  147.121277
  1786.  173.899994  146.603882
  1788.  174.699997  146.088715
  1790.  173.300003  145.575714
  1792.  172.100006  145.064972
  1794.  170.899994  144.556351
  1796.  170.600006  144.049881
  1798.  170.300003  143.545639
  1800.  169.899994  143.043533
  1802.  167.199997  142.543488
  1804.  168.800003  142.045654
  1806.  168.800003  141.549866
  1808.  168.5  141.056244
  1810.  168.600006  140.564682
  1812.  167.5  140.075226
  1814.  165.800003  139.587799
  1816.  160.5  139.102509
  1818.  152.  138.619202
  1820.  159.600006  138.13797
  1822.  159.800003  137.658768
  1824.  162.399994  137.18158
  1826.  162.800003  136.706421
  1828.  161.100006  136.233292
  1830.  160.600006  135.7621
  1832.  159.300003  135.292938
  1834.  158.5  134.825714
  1836.  158.100006  134.360474
  1838.  156.199997  133.897202
  1840.  156.199997  133.435867
  1842.  154.  132.976471
  1844.  154.100006  132.518997
  1846.  153.5  132.063446
  1848.  151.  131.609802
  1850.  154.600006  131.15802
  1852.  153.399994  130.708191
  1854.  152.5  130.260178
  1856.  150.899994  129.814087
  1858.  152.5  129.369858
  1860.  150.300003  128.927444
  1862.  150.399994  128.486908
  1864.  150.899994  128.048203
  1866.  149.399994  127.611282
  1868.  149.199997  127.176224
  1870.  150.800003  126.742973
  1872.  147.300003  126.311508
  1874.  140.100006  125.881866
  1876.  129.899994  125.453964
  1878.  144.100006  125.027847
  1880.  146.199997  124.603508
  1882.  147.399994  124.180916
  1884.  146.399994  123.760063
  1886.  143.899994  123.340988
  1888.  145.300003  122.923615
  1890.  142.399994  122.50795
  1892.  140.800003  122.094048
  1894.  139.600006  121.681839
  1896.  137.300003  121.271301
  1898.  139.  120.862465
  1900.  139.699997  120.45533
  1902.  140.899994  120.049843
  1904.  138.600006  119.646011
  1906.  139.  119.243874
  1908.  137.699997  118.843384
  1910.  137.800003  118.444511
  1912.  135.399994  118.047318
  1914.  137.  117.651711
  1916.  136.  117.257729
  1918.  135.300003  116.865356
  1920.  133.300003  116.474594
  1922.  135.  116.085434
  1924.  134.100006  115.697861
  1926.  134.399994  115.311882
  1928.  132.199997  114.927437
  1930.  131.300003  114.544571
  1932.  130.800003  114.1633
  1934.  132.  113.783569
  1936.  132.800003  113.40535
  1938.  132.100006  113.028679
  1940.  129.899994  112.653549
  1942.  129.399994  112.279953
  1944.  120.300003  111.907837
  1946.  119.199997  111.537231
  1948.  127.099998  111.168121
  1950.  126.099998  110.800545
  1952.  125.5  110.434425
  1954.  128.600006  110.069786
  1956.  127.599998  109.706635
  1958.  127.099998  109.344948
  1960.  126.099998  108.984688
  1962.  124.  108.625885
  1964.  122.199997  108.268578
  1966.  123.099998  107.912682
  1968.  124.  107.558197
  1970.  123.900002  107.20517
  1972.  121.300003  106.853523
  1974.  120.800003  106.503304
  1976.  122.400002  106.154503
  1978.  119.400002  105.807068
  1980.  119.599998  105.46106
  1982.  120.5  105.116402
  1984.  119.699997  104.773132
  1986.  117.800003  104.431274
  1988.  119.5  104.090752
  1990.  119.800003  103.751572
  1992.  118.  103.413773
  1994.  116.199997  103.077286
  1996.  117.300003  102.742157
  1998.  115.900002  102.408356
  2000.  117.  102.075928
  2002.00012  116.099998  101.744766
  2004.  114.800003  101.414955
  2006.  114.699997  101.086426
  2007.99988  115.400002  100.759232
  2010.  114.900002  100.433296
  2012.00012  114.5  100.108658
  2014.  113.800003  99.7853241
  2016.  113.699997  99.4632721
  2017.99988  113.400002  99.1425095
  2020.  111.599998  98.8229599
  2022.00012  110.699997  98.5046768
  2023.99988  111.599998  98.1877136
  2026.  111.5  97.8719482
  2028.00012  110.699997  97.5574265
  2030.  108.599998  97.2441559
  2032.00012  109.800003  96.9321136
  2033.99988  109.199997  96.6213303
  2036.  108.300003  96.3117294
  2038.00012  106.400002  96.0033417
  2040.  107.800003  95.6961975
  2042.  107.599998  95.3902359
  2043.99988  107.599998  95.0855179
  2046.  107.099998  94.7819061
  2048.  106.300003  94.479538
  2050.  105.900002  94.1783218
  2052.  104.699997  93.8783112
  2054.  104.599998  93.5794678
  2056.  104.599998  93.2817917
  2058.  104.  92.9852753
  2060.  102.800003  92.6899185
  2062.  102.300003  92.3956985
  2064.  100.5  92.1026306
  2066.  102.5  91.8106995
  2068.  101.900002  91.5198975
  2070.  100.300003  91.2302399
  2072.  100.400002  90.9417114
  2074.  100.900002  90.6542664
  2076.  100.599998  90.367981
  2078.  100.  90.0827942
  2080.  98.7799988  89.7986908
  2082.  98.6399994  89.5157242
  2084.  97.7200012  89.2338257
  2086.  98.5199966  88.9530106
  2088.  98.3499985  88.6732788
  2090.  97.8799973  88.3946381
  2092.  95.6699982  88.1170654
  2094.  95.9300003  87.8405609
  2096.  95.8000031  87.5651169
  2098.  96.1999969  87.290741
  2100.  96.0599976  87.0174332
  2102.  95.7699966  86.7451477
  2104.  95.5899963  86.4739532
  2106.  95.7399979  86.2037506
  2108.  95.1299973  85.9346237
  2110.  93.9599991  85.6664963
  2112.  94.5199966  85.3993912
  2114.  94.3600006  85.1333389
  2116.  93.3099976  84.8682938
  2118.  93.1100006  84.6042557
  2120.  92.75  84.341217
  2122.  92.75  84.0792084
  2124.  91.8899994  83.8181839
  2126.  92.0800018  83.5581589
  2128.  92.25  83.299118
  2130.  92.0899963  83.0410767
  2132.  92.0999985  82.783989
  2134.  91.5500031  82.5279083
  2136.  90.1200027  82.2727737
  2138.  91.0999985  82.0186386
  2140.  90.8300018  81.7654419
  2142.  90.6399994  81.513237
  2144.  90.0599976  81.2619553
  2146.  89.3899994  81.0116425
  2148.  89.7900009  80.7622528
  2150.  89.5699997  80.5138397
  2152.  89.1299973  80.2663651
  2154.  88.7799988  80.0198059
  2156.  88.7399979  79.7741699
  2158.  88.4199982  79.5294876
  2160.  87.8099976  79.2857132
  2162.  86.8600006  79.0428543
  2164.  84.5599976  78.8009033
  2166.  78.4899979  78.5598984
  2168.  83.  78.3197403
  2170.  85.5699997  78.0805283
  2172.  85.9100037  77.8422165
  2174.  85.9199982  77.6047745
  2176.  85.3199997  77.368248
  2178.  84.25  77.132576
  2180.  84.9700012  76.8977966
  2182.  84.25  76.6639252
  2184.  84.5699997  76.4309006
  2186.  84.6500015  76.198761
  2188.  82.7699966  75.9674835
  2190.  83.0400009  75.7370529
  2192.  83.7699966  75.5074997
  2194.  83.4899979  75.278801
  2196.  83.1800003  75.0509415
  2198.  82.9899979  74.8239365
  2200.  82.6500015  74.5977859
  2202.  82.3000031  74.3724594
  2204.  82.1100006  74.1479874
  2206.  79.6600037  73.9243469
  2208.  79.6600037  73.7015152
  2210.  80.8000031  73.4795303
  2212.  81.0500031  73.2583771
  2214.  80.7200012  73.0380173
  2216.  79.9400024  72.8184891
  2218.  79.6999969  72.599762
  2220.  79.9700012  72.3818665
  2222.  79.6200027  72.1647415
  2224.  79.2600021  71.9484406
  2226.  78.1100006  71.7329407
  2228.  78.2600021  71.5182037
  2230.  78.3099976  71.3042908
  2232.  78.1500015  71.091156
  2234.  78.0199966  70.8788147
  2236.  77.5800018  70.6672211
  2238.  76.4800034  70.4564209
  2240.  76.3899994  70.2463989
  2242.  76.4199982  70.0371475
  2244.  76.2399979  69.8286667
  2246.  76.1200027  69.6209564
  2248.  75.1999969  69.4139938
  2250.  75.4100037  69.2077789
  2252.  75.1200027  69.0023346
  2254.  74.0199966  68.7976379
  2256.  74.2200012  68.5936966
  2258.  74.4100037  68.3904877
  2260.  74.2099991  68.1880341
  2262.  72.9899979  67.9862976
  2264.  73.2900009  67.7853012
  2266.  73.1500015  67.5850525
  2268.  73.2699966  67.3855133
  2270.  72.9700012  67.1866989
  2272.  72.7699966  66.9886246
  2274.  72.5199966  66.791275
  2276.  72.3899994  66.5946198
  2278.  72.4199982  66.398674
  2280.  71.6500015  66.2034607
  2282.  70.0699997  66.0089417
  2284.  71.25  65.8151169
  2286.  71.2399979  65.6220016
  2288.  71.2699966  65.4295883
  2290.  71.0999985  65.237854
  2292.  70.6699982  65.0468445
  2294.  69.1999969  64.8564987
  2296.  69.0800018  64.6668472
  2298.  69.1900024  64.4778748
  2300.  69.5299988  64.2895889
  2302.  69.5500031  64.1019821
  2304.  69.3099976  63.9150429
  2306.  69.2300034  63.7287712
  2308.  69.0100021  63.5431633
  2310.  68.6999969  63.3582458
  2312.  68.6699982  63.1739731
  2314.  68.2600021  62.9903603
  2316.  67.7900009  62.8074036
  2318.  67.4499969  62.6251259
  2320.  67.6800003  62.44347
  2322.  66.75  62.2624626
  2324.  65.3600006  62.0821304
  2326.  65.5899963  61.9024353
  2328.  66.2900009  61.7233696
  2330.  66.1600037  61.5449257
  2332.  65.8399963  61.3671494
  2334.  65.7099991  61.1900024
  2336.  65.3600006  61.0134621
  2338.  64.9599991  60.8375778
  2340.  65.1999969  60.6623039
  2342.  65.3899994  60.4876366
  2344.  65.0899963  60.3136139
  2346.  64.8600006  60.1402054
  2348.  64.7200012  59.967411
  2350.  64.5299988  59.7952042
  2352.  62.8899994  59.6236382
  2354.  62.3899994  59.4526672
  2356.  62.8199997  59.2822952
  2358.  62.6599998  59.112545
  2360.  63.0800018  58.9433784
  2362.  63.0499992  58.7748184
  2364.  62.9500008  58.606842
  2366.  62.8400002  58.4394531
  2368.  62.6300011  58.2726669
  2370.  62.1100006  58.1064682
  2372.  62.0699997  57.9408493
  2374.  60.6599998  57.7758064
  2376.  61.6399994  57.6113586
  2378.  61.9199982  57.4474831
  2380.  61.7200012  57.2841721
  2382.  60.9799995  57.1214294
  2384.  58.8499985  56.9592628
  2386.  59.0800018  56.7976875
  2388.  60.0400009  56.6366386
  2390.  60.2900009  56.4761887
  2392.  60.0800018  56.3162766
  2394.  60.0299988  56.1569252
  2396.  59.9599991  55.998127
  2398.  59.8899994  55.8399086
  2400.  59.4399986  55.6822319
  2402.  59.6500015  55.5250969
  2404.  59.4500008  55.3685036
  2406.  59.1899986  55.2124519
  2408.  59.1500015  55.0569572
  2410.  59.0200005  54.9019966
  2412.  58.9399986  54.7475777
  2414.  57.3400002  54.5936813
  2416.  55.9900017  54.4403419
  2418.  57.4799995  54.2875061
  2420.  57.7000008  54.1352196
  2422.  57.6699982  53.9834404
  2424.  57.2599983  53.8322029
  2426.  57.1699982  53.6814957
  2428.  57.1199989  53.5313072
  2430.  57.1199989  53.3816376
  2432.  57.0200005  53.2324715
  2434.  56.4099998  53.0838127
  2436.  56.1800003  52.9356804
  2438.  55.9900017  52.7880592
  2440.  56.3899994  52.6409416
  2442.  56.1699982  52.4943352
  2444.  56.0299988  52.3482208
  2446.  54.9799995  52.2026291
  2448.  54.5699997  52.0575218
  2450.  54.6199989  51.9129181
  2452.  54.3199997  51.7688141
  2454.  54.5499992  51.6251984
  2456.  53.7000008  51.4820862
  2458.  53.9199982  51.339447
  2460.  54.5699997  51.1972923
  2462.  54.4199982  51.0556259
  2464.  54.3499985  50.914463
  2466.  54.0499992  50.7737617
  2468.  53.9000015  50.6335602
  2470.  52.8499985  50.4938202
  2472.  53.2999992  50.3545647
  2474.  53.1300011  50.2157745
  2476.  53.4300003  50.0774612
  2478.  53.0299988  49.9396133
  2480.  51.7700005  49.8022385
  2482.  51.4000015  49.6653328
  2484.  52.1899986  49.5288849
  2486.  51.5999985  49.3929214
  2488.  51.6899986  49.2574043
  2490.  52.25  49.1223373
  2492.  51.9799995  48.9877243
  2494.  51.75  48.8535843
  2496.  51.5200005  48.7198944
  2498.  51.5400009  48.5866547
  2500.  51.5499992  48.4538651
  2520.  49.8400002  47.1503258
  2540.  48.1399994  45.8898659
  2560.  46.7200012  44.6708145
  2580.  45.5  43.4915695
  2600.  44.5699997  42.3505936
  2620.  43.0499992  41.2464218
  2640.  42.1100006  40.1776581
  2660.  40.7900009  39.1429634
  2680.  39.6800003  38.1410561
  2700.  38.6699982  37.1707191
  2720.  37.6300011  36.2307625
  2740.  36.6300011  35.3200645
  2760.  35.4599991  34.4375725
  2780.  34.6800003  33.5822372
  2800.  33.8499985  32.7530632
  2820.  32.9700012  31.9491138
  2840.  32.0900002  31.1694908
  2860.  31.1900005  30.4133129
  2880.  30.3199997  29.6797504
  2900.  29.6900005  28.9680023
  2920.  28.8999996  28.2772999
  2940.  28.1700001  27.6069202
  2960.  27.5  26.9561443
  2980.  26.8199997  26.3242836
  3000.  26.1200008  25.7107048
  3020.  25.4699993  25.1147804
  3040.  24.6499996  24.5358982
  3060.  24.2199993  23.9734936
  3080.  23.6399994  23.4269943
  3100.  23.0599995  22.8958797
  3120.  22.4599991  22.3796463
  3140.  21.9799995  21.8777809
  3160.  21.4400005  21.3898201
  3180.  20.9599991  20.9153004
  3200.  20.4799995  20.4537907
  3220.  20.  20.0048618
  3240.  19.5100002  19.5681114
  3260.  19.0699997  19.1431446
  3280.  18.5799999  18.7295876
  3300.  18.0200005  18.327076
  3320.  17.6800003  17.9352608
  3340.  17.3700008  17.5538044
  3360.  16.9699993  17.1823807
  3380.  16.5900002  16.8206711
  3400.  16.1499996  16.4683857
  3420.  15.8400002  16.125227
  3440.  15.54  15.7909117
  3460.  15.1999998  15.4651737
  3480.  14.8599997  15.1477509
  3500.  14.5600004  14.8383865
  3520.  14.25  14.5368452
  3540.  13.9300003  14.2428885
  3560.  13.6199999  13.9562883
  3580.  13.3400002  13.6768284
  3600.  13.0699997  13.4042969
  3620.  12.8100004  13.138485
  3640.  12.5100002  12.8792038
  3660.  12.2200003  12.6262579
  3680.  11.9300003  12.3794661
  3700.  11.6199999  12.1386452
  3720.  11.4499998  11.9036293
  3740.  11.0799999  11.6742487
  3760.  10.96  11.4503469
  3780.  10.7799997  11.23176
  3800.  10.5699997  11.0183477
  3820.  10.3800001  10.8099556
  3840.  10.1899996  10.6064501
  3860.  9.9829998  10.407692
  3880.  9.78199959  10.2135515
  3900.  9.59899998  10.0238953
  3920.  9.42700005  9.83860683
  3940.  9.2329998  9.65756416
  3960.  9.03199959  9.48065376
  3980.  8.85700035  9.30775642
  4000.  8.66899967  9.1387701
  4020.  8.55700016  8.97358608
  4040.  8.38500023  8.81210613
  4060.  8.21700001  8.65422916
  4080.  8.0539999  8.49986172
  4100.  7.89400005  8.34890556
  4120.  7.73899984  8.20127773
  4140.  7.58699989  8.05688477
  4160.  7.43900013  7.91564655
  4180.  7.29400015  7.77748156
  4200.  7.15299988  7.6423049
  4220.  7.01499987  7.51004457
  4240.  6.88100004  7.38062239
  4260.  6.74900007  7.25396967
  4280.  6.62099981  7.13001251
  4300.  6.49599981  7.00868273
  4320.  6.37400007  6.8899169
  4340.  6.25400019  6.77364683
  4360.  6.13800001  6.65981293
  4380.  6.02400017  6.54835367
  4400.  5.91300011  6.43920803
  4420.  5.8039999  6.33232117
  4440.  5.69799995  6.22763872
  4460.  5.59399986  6.12510252
  4480.  5.4920001  6.02466059
  4500.  5.39300013  5.92626381
  4520.  5.296  5.82986641
  4540.  5.20100021  5.73541021
  4560.  5.1079998  5.64285755
  4580.  5.01800013  5.5521574
  4600.  4.9289999  5.46326923
  4620.  4.84200001  5.37614822
  4640.  4.75699997  5.29074955
  4660.  4.67399979  5.20703745
  4680.  4.59299994  5.12497139
  4700.  4.51399994  5.04450893
  4720.  4.43599987  4.96561813
  4740.  4.36000013  4.88825893
  4760.  4.28499985  4.812397
  4780.  4.21199989  4.7379961
  4800.  4.14099979  4.66502476
  4820.  4.0710001  4.59345007
  4840.  4.00299978  4.52323866
  4860.  3.93600011  4.45436096
  4880.  3.86999989  4.38678503
  4900.  3.80599999  4.32048464
  4920.  3.74300003  4.25542784
  4940.  3.68099999  4.19158983
  4960.  3.62100005  4.12894058
  4980.  3.56200004  4.06745434
  5000.  3.50399995  4.00710678
  5050.  3.39400005  3.86105156
  5100.  3.26699996  3.72157693
  5150.  3.14599991  3.5883317
  5200.  3.02999997  3.46098423
  5250.  2.92000008  3.33922529
  5300.  2.81500006  3.22276449
  5350.  2.71499991  3.11132765
  5400.  2.61899996  3.00465655
  5450.  2.52699995  2.9025104
  5500.  2.43899989  2.80466008
  5550.  2.35500002  2.71089244
  5600.  2.2750001  2.62100315
  5650.  2.19799995  2.53480363
  5700.  2.12400007  2.45211267
  5750.  2.0539999  2.37276173
  5800.  1.98599994  2.29658842
  5850.  1.921  2.22344398
  5900.  1.85899997  2.1531837
  5950.  1.79900002  2.08567286
  6000.  1.74199998  2.02078342
  6050.  1.68700004  1.95839441
  6100.  1.63399994  1.89839172
  6150.  1.58299994  1.84066606
  6200.  1.53400004  1.78511477
  6250.  1.48699999  1.7316407
  6300.  1.44200003  1.68015158
  6350.  1.39900005  1.63055968
  6400.  1.35699999  1.58278167
  6450.  1.31700003  1.53673875
  6500.  1.278  1.49235594
  6550.  1.24000001  1.44956207
  6600.  1.204  1.40828848
  6650.  1.16999996  1.36847293
  6700.  1.13600004  1.33005226
  6750.  1.10399997  1.29296935
  6800.  1.07299995  1.25716841
  6850.  1.04299998  1.22259665
  6900.  1.01400006  1.18920362
  6950.  0.986199975  1.15694213
  7000.  0.959200025  1.12576556
  7050.  0.933099985  1.0956316
  7100.  0.907999992  1.06649816
  7150.  0.883599997  1.03832555
  7200.  0.860099971  1.01107621
  7250.  0.837400019  0.984713912
  7300.  0.815400004  0.959204555
  7350.  0.794200003  0.934515357
  7400.  0.773599982  0.910614014
  7450.  0.753700018  0.887471735
  7500.  0.734399974  0.865059137
  7550.  0.715799987  0.843349278
  7600.  0.697700024  0.822315514
  7650.  0.680199981  0.801932693
  7700.  0.663299978  0.782177031
  7750.  0.646899998  0.763025582
  7800.  0.630999982  0.744456232
  7850.  0.61559999  0.72644788
  7900.  0.600600004  0.708980024
  7950.  0.586199999  0.692034185
  8000.  0.572099984  0.675590754
  8050.  0.558499992  0.659632802
  8100.00049  0.545300007  0.64414233
  8149.99951  0.532400012  0.629104137
  8200.  0.519999981  0.614501834
  8250.  0.5079  0.600320339
  8300.  0.496100008  0.586545467
  8350.  0.484699994  0.573162794
  8400.  0.473699987  0.560159683
  8450.  0.462900013  0.547522902
  8500.  0.452499986  0.535240054
  8550.  0.442299992  0.523299634
  8600.  0.432399988  0.51169008
  8650.  0.422800004  0.500400543
  8700.  0.413500011  0.489420384
  8750.  0.404399991  0.478739381
  8800.  0.395599991  0.468348205
  8850.  0.386999995  0.458237141
  8900.  0.378699988  0.448397487
  8950.  0.370599985  0.438820183
  9000.  0.362699986  0.429497182
  9050.  0.354999989  0.420420229
  9100.  0.347499996  0.411581695
  9150.  0.340200007  0.40297401
  9200.  0.333099991  0.394590169
  9250.  0.326200008  0.386422962
  9300.  0.319499999  0.37846595
  9350.  0.312900007  0.370712608
  9400.  0.306499988  0.363156408
  9450.  0.300300002  0.355791926
  9500.  0.294200003  0.348613083
  9550.  0.288300008  0.341614246
  9600.  0.282499999  0.334790021
  9650.  0.276899993  0.328135371
  9700.  0.271400005  0.321645021
  9750.  0.266099989  0.315314263
  9800.  0.260800004  0.309138536
  9850.  0.255800009  0.303113192
  9900.  0.250800014  0.29723379
  9950.  0.246000007  0.291496187
  10000.  0.2412  0.285896331
  11000.  0.163499996  0.197584987
  12000.  0.115199998  0.140879869
  13000.  0.0834000036  0.103130229
  14000.  0.061900001  0.0772170648
  15000.  0.0469000004  0.0589538142
  16000.  0.0361000001  0.0457839519
  17000.  0.0283000004  0.0360942222
  18000.  0.0225000009  0.0288372934
  19000.  0.0181000009  0.0233156998
  20000.  0.0147000002  0.0190545116
  25000.  0.00604999997  0.00790445879
  30000.  0.00292999996  0.0038442458
  35000.  0.00158000004  0.00208753953
  40000.  0.000930999988  0.00122919749
  50000.  0.000383000006  0.000506656419
  60000.  0.000184999997  0.000245362025
  80000.  5.88000003E-05  7.80406554E-05
  100000.  2.42000006E-05  3.20656873E-05
  120000.  1.17E-05  1.54960635E-05
  150000.  4.81000006E-06  6.36042569E-06
  200000.  1.52999996E-06  2.01667694E-06
  250000.  6.28000009E-07  8.27064866E-07
  300000.  2.95000007E-07  3.99184898E-07
  400000.  1.00999998E-07  1.26436476E-07
  1000000.  3.38000006E-09  3.24283467E-09
