#
# Zero-Age Main Sequence
#
# MIST Model Grid: MIST_v1.0_feh_p0.00_afe_p0.0_vvcrit0.4_EEPS
#
#Units:
#  Minit - initial mass in Msun
#  zamsT - ZAMS effective temperature in K
#  zamsL - ZAMS luminosity in Lsun
  Minit Teff         Lsun
  0.10  2.885598e+03  9.938796e-04
  0.15  3.126952e+03  2.708696e-03
  0.20  3.228912e+03  4.736683e-03
  0.25  3.320439e+03  7.265974e-03
  0.30  3.412738e+03  1.040228e-02
  0.31  3.430031e+03  1.109585e-02
  0.32  3.447853e+03  1.204030e-02
  0.33  3.467312e+03  1.291290e-02
  0.34  3.486167e+03  1.375792e-02
  0.35  3.504949e+03  1.466855e-02
  0.36  3.524082e+03  1.575940e-02
  0.37  3.541842e+03  1.673844e-02
  0.38  3.559575e+03  1.783000e-02
  0.39  3.577943e+03  1.913323e-02
  0.40  3.595666e+03  2.037141e-02
  0.45  3.688993e+03  2.816072e-02
  0.50  3.795909e+03  3.926075e-02
  0.55  3.911341e+03  5.391570e-02
  0.60  4.047498e+03  7.410901e-02
  0.65  4.229988e+03  1.035079e-01
  0.70  4.462009e+03  1.449110e-01
  0.75  4.700238e+03  1.985879e-01
  0.80  4.937146e+03  2.684647e-01
  0.85  5.160487e+03  3.565794e-01
  0.90  5.365283e+03  4.647635e-01
  0.92  5.441240e+03  5.140613e-01
  0.94  5.511337e+03  5.659120e-01
  0.96  5.580011e+03  6.221972e-01
  0.98  5.646856e+03  6.830849e-01
  1.00  5.707057e+03  7.460903e-01
  1.02  5.766347e+03  8.143646e-01
  1.04  5.825515e+03  8.881794e-01
  1.06  5.880062e+03  9.656192e-01
  1.08  5.935290e+03  1.049697e+00
  1.10  5.985207e+03  1.136411e+00
  1.12  6.034629e+03  1.229207e+00
  1.14  6.084224e+03  1.329080e+00
  1.16  6.132072e+03  1.434517e+00
  1.18  6.177367e+03  1.544058e+00
  1.20  6.220618e+03  1.659529e+00
  1.22  6.264646e+03  1.782757e+00
  1.24  6.309213e+03  1.913570e+00
  1.26  6.351866e+03  2.050555e+00
  1.28  6.394157e+03  2.195249e+00
  1.30  6.434533e+03  2.345249e+00
  1.32  6.476152e+03  2.506123e+00
  1.34  6.515143e+03  2.671790e+00
  1.36  6.555717e+03  2.848987e+00
  1.38  6.594437e+03  3.032653e+00
  1.40  6.632309e+03  3.223801e+00
  1.42  6.669474e+03  3.423895e+00
  1.44  6.707067e+03  3.636053e+00
  1.46  6.743538e+03  3.855197e+00
  1.48  6.779553e+03  4.082679e+00
  1.50  6.816110e+03  4.321833e+00
  1.52  7.272164e+03  5.749956e+00
  1.54  7.359582e+03  6.123517e+00
  1.56  7.435013e+03  6.503443e+00
  1.58  7.522499e+03  6.903413e+00
  1.60  7.607155e+03  7.314017e+00
  1.62  7.702591e+03  7.735015e+00
  1.64  7.784181e+03  8.170415e+00
  1.66  7.865683e+03  8.618820e+00
  1.68  7.950026e+03  9.065966e+00
  1.70  8.025266e+03  9.567092e+00
  1.72  8.108518e+03  1.004782e+01
  1.74  8.199312e+03  1.045749e+01
  1.76  8.279494e+03  1.099585e+01
  1.78  8.363900e+03  1.144915e+01
  1.80  8.448844e+03  1.201214e+01
  1.82  8.535289e+03  1.253730e+01
  1.84  8.617530e+03  1.301962e+01
  1.86  8.704101e+03  1.371514e+01
  1.88  8.779780e+03  1.410852e+01
  1.90  8.860138e+03  1.470201e+01
  1.92  8.941023e+03  1.541949e+01
  1.94  9.008829e+03  1.582973e+01
  1.96  9.085114e+03  1.648226e+01
  1.98  9.160602e+03  1.715308e+01
  2.00  9.236520e+03  1.786369e+01
  2.02  9.308564e+03  1.853354e+01
  2.04  9.374610e+03  1.910141e+01
  2.06  9.445334e+03  1.984092e+01
  2.08  9.515163e+03  2.056188e+01
  2.10  9.588467e+03  2.135258e+01
  2.12  9.649468e+03  2.198148e+01
  2.14  9.721304e+03  2.283158e+01
  2.16  9.784963e+03  2.356411e+01
  2.18  9.858776e+03  2.451323e+01
  2.20  9.936080e+03  2.558997e+01
  2.22  9.985524e+03  2.611972e+01
  2.24  1.006173e+04  2.721018e+01
  2.26  1.012351e+04  2.806068e+01
  2.28  1.019431e+04  2.910556e+01
  2.30  1.026325e+04  3.016280e+01
  2.32  1.031834e+04  3.096775e+01
  2.34  1.039426e+04  3.223098e+01
  2.36  1.044984e+04  3.309729e+01
  2.38  1.051633e+04  3.423218e+01
  2.40  1.058386e+04  3.541816e+01
  2.42  1.063769e+04  3.631266e+01
  2.44  1.070062e+04  3.747246e+01
  2.46  1.076312e+04  3.864301e+01
  2.48  1.083022e+04  3.995650e+01
  2.50  1.088842e+04  4.110585e+01
  2.52  1.096173e+04  4.266910e+01
  2.54  1.101431e+04  4.371672e+01
  2.56  1.107641e+04  4.505720e+01
  2.58  1.113463e+04  4.634633e+01
  2.60  1.120429e+04  4.793292e+01
  2.62  1.125844e+04  4.918719e+01
  2.64  1.131824e+04  5.062044e+01
  2.66  1.138113e+04  5.216707e+01
  2.68  1.143782e+04  5.355629e+01
  2.70  1.149933e+04  5.512335e+01
  2.72  1.155760e+04  5.671910e+01
  2.74  1.162249e+04  5.845454e+01
  2.76  1.167989e+04  6.004758e+01
  2.78  1.174209e+04  6.180657e+01
  2.80  1.180067e+04  6.351646e+01
  3.00  1.236971e+04  8.222297e+01
  3.20  1.292150e+04  1.047683e+02
  3.40  1.345844e+04  1.315297e+02
  3.60  1.397368e+04  1.626247e+02
  3.80  1.447101e+04  1.982443e+02
  4.00  1.495654e+04  2.389915e+02
  4.20  1.542614e+04  2.854220e+02
  4.40  1.588382e+04  3.377419e+02
  4.60  1.632551e+04  3.958788e+02
  4.80  1.676100e+04  4.608457e+02
  5.00  1.718406e+04  5.327577e+02
  5.20  1.759415e+04  6.117042e+02
  5.40  1.800032e+04  6.991673e+02
  5.60  1.839900e+04  7.946856e+02
  5.80  1.878144e+04  8.974627e+02
  6.00  1.915703e+04  1.008450e+03
  6.20  2.051463e+04  1.330779e+03
  6.40  2.090135e+04  1.495596e+03
  6.60  2.125141e+04  1.646308e+03
  6.80  2.161918e+04  1.834417e+03
  7.00  2.196897e+04  2.022975e+03
  7.20  2.228466e+04  2.188370e+03
  7.40  2.261608e+04  2.392336e+03
  7.60  2.296225e+04  2.638727e+03
  7.80  2.325914e+04  2.835030e+03
  8.00  2.358251e+04  3.092099e+03
  9.00  2.508857e+04  4.551451e+03
 10.00  2.650424e+04  6.415567e+03
 11.00  2.776126e+04  8.603482e+03
 12.00  2.891955e+04  1.115533e+04
 13.00  2.998668e+04  1.401891e+04
 14.00  3.099326e+04  1.737970e+04
 15.00  3.193452e+04  2.104915e+04
 16.00  3.282938e+04  2.538358e+04
 17.00  3.364981e+04  2.993570e+04
 18.00  3.442285e+04  3.484023e+04
 19.00  3.516904e+04  4.058962e+04
 20.00  3.586536e+04  4.593056e+04
 22.00  3.714430e+04  5.912794e+04
 24.00  3.830123e+04  7.330452e+04
 26.00  3.934366e+04  8.953963e+04
 28.00  3.949753e+04  9.853808e+04
 30.00  4.041677e+04  1.162511e+05
 32.00  4.126308e+04  1.352345e+05
 34.00  4.204694e+04  1.554791e+05
 36.00  4.277606e+04  1.769635e+05
 38.00  4.345406e+04  1.995199e+05
 40.00  4.469123e+04  2.355293e+05
 45.00  4.604639e+04  3.002391e+05
 50.00  4.724869e+04  3.696856e+05
 55.00  4.830291e+04  4.445594e+05
 60.00  4.919657e+04  5.269657e+05
 65.00  5.004465e+04  6.081040e+05
 70.00  5.078421e+04  6.959913e+05
 75.00  5.142819e+04  7.915588e+05
 80.00  5.142400e+04  8.703528e+05
 85.00  5.125750e+04  9.561345e+05
 90.00  5.166644e+04  1.054909e+06
 95.00  5.173665e+04  1.149336e+06
100.00  5.199348e+04  1.249991e+06
105.00  5.215505e+04  1.352036e+06
110.00  5.246730e+04  1.459841e+06
115.00  5.303118e+04  1.573720e+06
120.00  5.321086e+04  1.682803e+06
125.00  5.374086e+04  1.803736e+06
130.00  5.421978e+04  1.922564e+06
135.00  5.471895e+04  2.045565e+06
140.00  5.518125e+04  2.170761e+06
145.00  5.557657e+04  2.297248e+06
150.00  5.596632e+04  2.423840e+06
175.00  5.704154e+04  3.055768e+06
200.00  5.772341e+04  3.707099e+06
225.00  5.812251e+04  4.371149e+06
250.00  5.851202e+04  5.056041e+06
275.00  5.881006e+04  5.753059e+06
300.00  5.907764e+04  6.464361e+06
