#
# Lane-Emden Polytrope
# n=1.5
#
  xi            theta         r/R*           rho/rho*
  0.00000       1.00000       0.00000        5.99100    
  0.915727E-02  0.999986      0.250627E-02   5.99087    
  0.183145E-01  0.999944      0.501253E-02   5.99050    
  0.274718E-01  0.999874      0.751880E-02   5.98987    
  0.366291E-01  0.999776      0.100251E-01   5.98899    
  0.457863E-01  0.999651      0.125313E-01   5.98786    
  0.549436E-01  0.999497      0.150376E-01   5.98648    
  0.641009E-01  0.999315      0.175439E-01   5.98485    
  0.732581E-01  0.999106      0.200501E-01   5.98297    
  0.824154E-01  0.998869      0.225564E-01   5.98083    
  0.915727E-01  0.998603      0.250627E-01   5.97846    
  0.100730      0.998310      0.275689E-01   5.97582    
  0.109887      0.997989      0.300752E-01   5.97294    
  0.119044      0.997641      0.325815E-01   5.96981    
  0.128202      0.997264      0.350877E-01   5.96643    
  0.137359      0.996860      0.375940E-01   5.96280    
  0.146516      0.996428      0.401003E-01   5.95893    
  0.155674      0.995968      0.426065E-01   5.95481    
  0.164831      0.995481      0.451128E-01   5.95044    
  0.173988      0.994966      0.476190E-01   5.94582    
  0.183145      0.994424      0.501253E-01   5.94096    
  0.192303      0.993854      0.526316E-01   5.93585    
  0.201460      0.993256      0.551378E-01   5.93050    
  0.210617      0.992631      0.576441E-01   5.92490    
  0.219774      0.991979      0.601504E-01   5.91907    
  0.228932      0.991299      0.626566E-01   5.91298    
  0.238089      0.990592      0.651629E-01   5.90666    
  0.247246      0.989858      0.676692E-01   5.90009    
  0.256403      0.989097      0.701754E-01   5.89329    
  0.265561      0.988308      0.726817E-01   5.88624    
  0.274718      0.987493      0.751880E-01   5.87896    
  0.283875      0.986650      0.776942E-01   5.87143    
  0.293032      0.985780      0.802005E-01   5.86367    
  0.302190      0.984884      0.827068E-01   5.85568    
  0.311347      0.983961      0.852130E-01   5.84744    
  0.320504      0.983011      0.877193E-01   5.83898    
  0.329662      0.982034      0.902256E-01   5.83027    
  0.338819      0.981031      0.927318E-01   5.82134    
  0.347976      0.980001      0.952381E-01   5.81218    
  0.357133      0.978945      0.977444E-01   5.80279    
  0.366291      0.977862      0.100251       5.79316    
  0.375448      0.976753      0.102757       5.78331    
  0.384605      0.975618      0.105263       5.77323    
  0.393762      0.974456      0.107769       5.76292    
  0.402920      0.973269      0.110276       5.75240    
  0.412077      0.972056      0.112782       5.74164    
  0.421234      0.970817      0.115288       5.73067    
  0.430391      0.969552      0.117794       5.71947    
  0.439549      0.968261      0.120301       5.70806    
  0.448706      0.966945      0.122807       5.69642    
  0.457863      0.965603      0.125313       5.68457    
  0.467021      0.964236      0.127820       5.67250    
  0.476178      0.962844      0.130326       5.66022    
  0.485335      0.961426      0.132832       5.64772    
  0.494492      0.959984      0.135338       5.63502    
  0.503650      0.958516      0.137845       5.62210    
  0.512807      0.957024      0.140351       5.60897    
  0.521964      0.955506      0.142857       5.59564    
  0.531121      0.953964      0.145363       5.58210    
  0.540279      0.952398      0.147870       5.56835    
  0.549436      0.950807      0.150376       5.55441    
  0.558593      0.949192      0.152882       5.54026    
  0.567750      0.947553      0.155388       5.52592    
  0.576908      0.945889      0.157895       5.51137    
  0.586065      0.944202      0.160401       5.49663    
  0.595222      0.942490      0.162907       5.48169    
  0.604380      0.940756      0.165414       5.46657    
  0.613537      0.938997      0.167920       5.45125    
  0.622694      0.937215      0.170426       5.43574    
  0.631851      0.935410      0.172932       5.42003    
  0.641009      0.933581      0.175439       5.40415    
  0.650166      0.931730      0.177945       5.38808    
  0.659323      0.929855      0.180451       5.37183    
  0.668480      0.927958      0.182957       5.35540    
  0.677638      0.926038      0.185464       5.33878    
  0.686795      0.924095      0.187970       5.32200    
  0.695952      0.922130      0.190476       5.30503    
  0.705109      0.920143      0.192982       5.28789    
  0.714267      0.918134      0.195489       5.27058    
  0.723424      0.916103      0.197995       5.25310    
  0.732581      0.914050      0.200501       5.23545    
  0.741738      0.911975      0.203008       5.21763    
  0.750896      0.909879      0.205514       5.19966    
  0.760053      0.907761      0.208020       5.18151    
  0.769210      0.905622      0.210526       5.16321    
  0.778368      0.903462      0.213033       5.14475    
  0.787525      0.901281      0.215539       5.12613    
  0.796682      0.899080      0.218045       5.10736    
  0.805839      0.896857      0.220551       5.08844    
  0.814997      0.894614      0.223058       5.06936    
  0.824154      0.892351      0.225564       5.05014    
  0.833311      0.890068      0.228070       5.03076    
  0.842468      0.887765      0.230576       5.01125    
  0.851626      0.885441      0.233083       4.99159    
  0.860783      0.883098      0.235589       4.97179    
  0.869940      0.880736      0.238095       4.95186    
  0.879098      0.878354      0.240602       4.93178    
  0.888255      0.875953      0.243108       4.91157    
  0.897412      0.873533      0.245614       4.89123    
  0.906569      0.871094      0.248120       4.87076    
  0.915727      0.868637      0.250627       4.85016    
  0.924884      0.866160      0.253133       4.82944    
  0.934041      0.863666      0.255639       4.80859    
  0.943198      0.861153      0.258145       4.78762    
  0.952356      0.858622      0.260652       4.76653    
  0.961513      0.856073      0.263158       4.74533    
  0.970670      0.853507      0.265664       4.72400    
  0.979827      0.850923      0.268170       4.70256    
  0.988985      0.848322      0.270677       4.68102    
  0.998142      0.845703      0.273183       4.65936    
   1.00730      0.843068      0.275689       4.63760    
   1.01646      0.840416      0.278196       4.61573    
   1.02561      0.837747      0.280702       4.59376    
   1.03477      0.835061      0.283208       4.57169    
   1.04393      0.832359      0.285714       4.54952    
   1.05309      0.829641      0.288221       4.52726    
   1.06224      0.826907      0.290727       4.50490    
   1.07140      0.824158      0.293233       4.48244    
   1.08056      0.821392      0.295739       4.45990    
   1.08971      0.818612      0.298246       4.43728    
   1.09887      0.815816      0.300752       4.41456    
   1.10803      0.813005      0.303258       4.39176    
   1.11719      0.810179      0.305764       4.36888    
   1.12634      0.807338      0.308271       4.34593    
   1.13550      0.804483      0.310777       4.32290    
   1.14466      0.801614      0.313283       4.29979    
   1.15382      0.798730      0.315789       4.27660    
   1.16297      0.795832      0.318296       4.25335    
   1.17213      0.792921      0.320802       4.23004    
   1.18129      0.789996      0.323308       4.20665    
   1.19044      0.787057      0.325815       4.18320    
   1.19960      0.784106      0.328321       4.15970    
   1.20876      0.781141      0.330827       4.13613    
   1.21792      0.778163      0.333333       4.11250    
   1.22707      0.775173      0.335840       4.08882    
   1.23623      0.772170      0.338346       4.06508    
   1.24539      0.769155      0.340852       4.04130    
   1.25455      0.766128      0.343358       4.01746    
   1.26370      0.763089      0.345865       3.99358    
   1.27286      0.760038      0.348371       3.96965    
   1.28202      0.756975      0.350877       3.94568    
   1.29117      0.753901      0.353383       3.92167    
   1.30033      0.750816      0.355890       3.89762    
   1.30949      0.747720      0.358396       3.87354    
   1.31865      0.744613      0.360902       3.84942    
   1.32780      0.741495      0.363409       3.82527    
   1.33696      0.738367      0.365915       3.80109    
   1.34612      0.735228      0.368421       3.77688    
   1.35528      0.732080      0.370927       3.75264    
   1.36443      0.728922      0.373434       3.72839    
   1.37359      0.725753      0.375940       3.70410    
   1.38275      0.722576      0.378446       3.67980    
   1.39190      0.719389      0.380952       3.65548    
   1.40106      0.716192      0.383459       3.63115    
   1.41022      0.712987      0.385965       3.60680    
   1.41938      0.709773      0.388471       3.58244    
   1.42853      0.706551      0.390977       3.55807    
   1.43769      0.703319      0.393484       3.53369    
   1.44685      0.700080      0.395990       3.50931    
   1.45601      0.696833      0.398496       3.48492    
   1.46516      0.693578      0.401002       3.46052    
   1.47432      0.690315      0.403509       3.43613    
   1.48348      0.687044      0.406015       3.41174    
   1.49263      0.683766      0.408521       3.38736    
   1.50179      0.680481      0.411028       3.36298    
   1.51095      0.677189      0.413534       3.33860    
   1.52011      0.673891      0.416040       3.31424    
   1.52926      0.670585      0.418546       3.28989    
   1.53842      0.667274      0.421053       3.26554    
   1.54758      0.663956      0.423559       3.24121    
   1.55674      0.660632      0.426065       3.21691    
   1.56589      0.657302      0.428571       3.19262    
   1.57505      0.653966      0.431078       3.16834    
   1.58421      0.650625      0.433584       3.14409    
   1.59336      0.647278      0.436090       3.11987    
   1.60252      0.643927      0.438596       3.09566    
   1.61168      0.640570      0.441103       3.07149    
   1.62084      0.637209      0.443609       3.04735    
   1.62999      0.633842      0.446115       3.02323    
   1.63915      0.630472      0.448622       2.99915    
   1.64831      0.627097      0.451128       2.97510    
   1.65747      0.623718      0.453634       2.95108    
   1.66662      0.620335      0.456140       2.92711    
   1.67578      0.616948      0.458647       2.90317    
   1.68494      0.613558      0.461153       2.87927    
   1.69409      0.610164      0.463659       2.85541    
   1.70325      0.606767      0.466165       2.83160    
   1.71241      0.603367      0.468672       2.80783    
   1.72157      0.599964      0.471178       2.78411    
   1.73072      0.596558      0.473684       2.76044    
   1.73988      0.593150      0.476190       2.73681    
   1.74904      0.589739      0.478697       2.71325    
   1.75820      0.586326      0.481203       2.68973    
   1.76735      0.582911      0.483709       2.66626    
   1.77651      0.579494      0.486216       2.64285    
   1.78567      0.576075      0.488722       2.61949    
   1.79482      0.572654      0.491228       2.59620    
   1.80398      0.569233      0.493734       2.57297    
   1.81314      0.565809      0.496241       2.54979    
   1.82230      0.562385      0.498747       2.52668    
   1.83145      0.558960      0.501253       2.50363    
   1.84061      0.555534      0.503759       2.48065    
   1.84977      0.552108      0.506266       2.45774    
   1.85892      0.548680      0.508772       2.43489    
   1.86808      0.545253      0.511278       2.41211    
   1.87724      0.541826      0.513784       2.38940    
   1.88640      0.538398      0.516291       2.36676    
   1.89555      0.534971      0.518797       2.34420    
   1.90471      0.531544      0.521303       2.32171    
   1.91387      0.528117      0.523810       2.29929    
   1.92303      0.524691      0.526316       2.27696    
   1.93218      0.521266      0.528822       2.25469    
   1.94134      0.517841      0.531328       2.23252    
   1.95050      0.514418      0.533835       2.21042    
   1.95965      0.510996      0.536341       2.18839    
   1.96881      0.507575      0.538847       2.16646    
   1.97797      0.504156      0.541353       2.14460    
   1.98713      0.500738      0.543860       2.12283    
   1.99628      0.497323      0.546366       2.10115    
   2.00544      0.493909      0.548872       2.07955    
   2.01460      0.490497      0.551378       2.05804    
   2.02376      0.487087      0.553885       2.03662    
   2.03291      0.483680      0.556391       2.01528    
   2.04207      0.480275      0.558897       1.99404    
   2.05123      0.476873      0.561404       1.97289    
   2.06038      0.473473      0.563910       1.95183    
   2.06954      0.470077      0.566416       1.93087    
   2.07870      0.466683      0.568922       1.91000    
   2.08786      0.463292      0.571429       1.88922    
   2.09701      0.459905      0.573935       1.86854    
   2.10617      0.456522      0.576441       1.84795    
   2.11533      0.453141      0.578947       1.82747    
   2.12449      0.449765      0.581454       1.80708    
   2.13364      0.446392      0.583960       1.78679    
   2.14280      0.443023      0.586466       1.76660    
   2.15196      0.439659      0.588972       1.74651    
   2.16111      0.436298      0.591479       1.72653    
   2.17027      0.432942      0.593985       1.70664    
   2.17943      0.429590      0.596491       1.68687    
   2.18859      0.426243      0.598997       1.66719    
   2.19774      0.422900      0.601504       1.64761    
   2.20690      0.419562      0.604010       1.62814    
   2.21606      0.416229      0.606516       1.60878    
   2.22522      0.412901      0.609023       1.58953    
   2.23437      0.409578      0.611529       1.57038    
   2.24353      0.406260      0.614035       1.55134    
   2.25269      0.402948      0.616541       1.53240    
   2.26184      0.399641      0.619048       1.51358    
   2.27100      0.396340      0.621554       1.49486    
   2.28016      0.393044      0.624060       1.47625    
   2.28932      0.389755      0.626566       1.45776    
   2.29847      0.386471      0.629073       1.43937    
   2.30763      0.383193      0.631579       1.42110    
   2.31679      0.379921      0.634085       1.40294    
   2.32595      0.376655      0.636591       1.38489    
   2.33510      0.373396      0.639098       1.36695    
   2.34426      0.370143      0.641604       1.34913    
   2.35342      0.366897      0.644110       1.33142    
   2.36257      0.363657      0.646616       1.31383    
   2.37173      0.360424      0.649123       1.29634    
   2.38089      0.357197      0.651629       1.27898    
   2.39005      0.353978      0.654135       1.26172    
   2.39920      0.350766      0.656642       1.24459    
   2.40836      0.347560      0.659148       1.22756    
   2.41752      0.344362      0.661654       1.21066    
   2.42668      0.341171      0.664160       1.19387    
   2.43583      0.337987      0.666667       1.17720    
   2.44499      0.334811      0.669173       1.16064    
   2.45415      0.331643      0.671679       1.14421    
   2.46330      0.328482      0.674185       1.12789    
   2.47246      0.325328      0.676692       1.11168    
   2.48162      0.322183      0.679198       1.09560    
   2.49078      0.319045      0.681704       1.07963    
   2.49993      0.315915      0.684211       1.06379    
   2.50909      0.312793      0.686717       1.04806    
   2.51825      0.309680      0.689223       1.03245    
   2.52741      0.306574      0.691729       1.01695    
   2.53656      0.303477      0.694236       1.00158    
   2.54572      0.300388      0.696742      0.986328    
   2.55488      0.297307      0.699248      0.971195    
   2.56403      0.294235      0.701754      0.956182    
   2.57319      0.291171      0.704261      0.941288    
   2.58235      0.288116      0.706767      0.926514    
   2.59151      0.285070      0.709273      0.911854    
   2.60066      0.282032      0.711779      0.897320    
   2.60982      0.279004      0.714286      0.882906    
   2.61898      0.275984      0.716792      0.868611    
   2.62814      0.272973      0.719298      0.854430    
   2.63729      0.269971      0.721804      0.840376    
   2.64645      0.266978      0.724311      0.826440    
   2.65561      0.263994      0.726817      0.812625    
   2.66476      0.261019      0.729323      0.798930    
   2.67392      0.258054      0.731830      0.785354    
   2.68308      0.255097      0.734336      0.771892    
   2.69224      0.252151      0.736842      0.758556    
   2.70139      0.249213      0.739348      0.745340    
   2.71055      0.246285      0.741855      0.732244    
   2.71971      0.243367      0.744361      0.719267    
   2.72887      0.240458      0.746867      0.706411    
   2.73802      0.237558      0.749373      0.693674    
   2.74718      0.234669      0.751880      0.681057    
   2.75634      0.231789      0.754386      0.668554    
   2.76549      0.228919      0.756892      0.656176    
   2.77465      0.226058      0.759399      0.643919    
   2.78381      0.223207      0.761905      0.631775    
   2.79297      0.220367      0.764411      0.619751    
   2.80212      0.217536      0.766917      0.607847    
   2.81128      0.214715      0.769424      0.596064    
   2.82044      0.211904      0.771930      0.584398    
   2.82960      0.209103      0.774436      0.572850    
   2.83875      0.206313      0.776942      0.561421    
   2.84791      0.203532      0.779449      0.550109    
   2.85707      0.200762      0.781955      0.538916    
   2.86622      0.198001      0.784461      0.527839    
   2.87538      0.195251      0.786967      0.516881    
   2.88454      0.192511      0.789474      0.506039    
   2.89370      0.189782      0.791980      0.495315    
   2.90285      0.187063      0.794486      0.484708    
   2.91201      0.184354      0.796992      0.474218    
   2.92117      0.181655      0.799499      0.463844    
   2.93033      0.178967      0.802005      0.453586    
   2.93948      0.176290      0.804511      0.443444    
   2.94864      0.173622      0.807018      0.433418    
   2.95780      0.170965      0.809524      0.423509    
   2.96695      0.168319      0.812030      0.413713    
   2.97611      0.165683      0.814536      0.404034    
   2.98527      0.163058      0.817043      0.394469    
   2.99443      0.160443      0.819549      0.385019    
   3.00358      0.157839      0.822055      0.375684    
   3.01274      0.155246      0.824561      0.366462    
   3.02190      0.152663      0.827068      0.357355    
   3.03105      0.150091      0.829574      0.348360    
   3.04021      0.147529      0.832080      0.339481    
   3.04937      0.144978      0.834586      0.330713    
   3.05853      0.142437      0.837093      0.322059    
   3.06768      0.139908      0.839599      0.313517    
   3.07684      0.137389      0.842105      0.305089    
   3.08600      0.134880      0.844612      0.296771    
   3.09516      0.132383      0.847118      0.288567    
   3.10431      0.129896      0.849624      0.280473    
   3.11347      0.127420      0.852130      0.272492    
   3.12263      0.124954      0.854637      0.264621    
   3.13178      0.122499      0.857143      0.256862    
   3.14094      0.120055      0.859649      0.249214    
   3.15010      0.117622      0.862155      0.241675    
   3.15926      0.115199      0.864662      0.234247    
   3.16841      0.112788      0.867168      0.226930    
   3.17757      0.110386      0.869674      0.219722    
   3.18673      0.107996      0.872180      0.212624    
   3.19589      0.105616      0.874687      0.205635    
   3.20504      0.103248      0.877193      0.198756    
   3.21420      0.100889      0.879699      0.191985    
   3.22336      0.985419E-01  0.882205      0.185324    
   3.23251      0.962051E-01  0.884712      0.178771    
   3.24167      0.938791E-01  0.887218      0.172327    
   3.25083      0.915637E-01  0.889724      0.165991    
   3.25999      0.892591E-01  0.892231      0.159764    
   3.26914      0.869651E-01  0.894737      0.153645    
   3.27830      0.846818E-01  0.897243      0.147633    
   3.28746      0.824091E-01  0.899749      0.141730    
   3.29662      0.801471E-01  0.902256      0.135935    
   3.30577      0.778958E-01  0.904762      0.130248    
   3.31493      0.756550E-01  0.907268      0.124669    
   3.32409      0.734249E-01  0.909774      0.119197    
   3.33324      0.712054E-01  0.912281      0.113833    
   3.34240      0.689964E-01  0.914787      0.108577    
   3.35156      0.667979E-01  0.917293      0.103429    
   3.36072      0.646101E-01  0.919800      0.983896E-01
   3.36987      0.624327E-01  0.922306      0.934584E-01
   3.37903      0.602658E-01  0.924812      0.886350E-01
   3.38819      0.581095E-01  0.927318      0.839207E-01
   3.39735      0.559635E-01  0.929825      0.793154E-01
   3.40650      0.538280E-01  0.932331      0.748186E-01
   3.41566      0.517029E-01  0.934837      0.704320E-01
   3.42482      0.495882E-01  0.937343      0.661556E-01
   3.43397      0.474838E-01  0.939850      0.619895E-01
   3.44313      0.453898E-01  0.942356      0.579343E-01
   3.45229      0.433060E-01  0.944862      0.539910E-01
   3.46145      0.412325E-01  0.947368      0.501602E-01
   3.47060      0.391693E-01  0.949875      0.464427E-01
   3.47976      0.371163E-01  0.952381      0.428397E-01
   3.48892      0.350734E-01  0.954887      0.393520E-01
   3.49808      0.330408E-01  0.957393      0.359811E-01
   3.50723      0.310182E-01  0.959900      0.327284E-01
   3.51639      0.290056E-01  0.962406      0.295953E-01
   3.52555      0.270032E-01  0.964912      0.265841E-01
   3.53470      0.250107E-01  0.967419      0.236967E-01
   3.54386      0.230282E-01  0.969925      0.209359E-01
   3.55302      0.210557E-01  0.972431      0.183043E-01
   3.56218      0.190930E-01  0.974937      0.158056E-01
   3.57133      0.171401E-01  0.977444      0.134437E-01
   3.58049      0.151971E-01  0.979950      0.112238E-01
   3.58965      0.132638E-01  0.982456      0.915173E-02
   3.59881      0.113403E-01  0.984962      0.723491E-02
   3.60796      0.942638E-02  0.987469      0.548298E-02
   3.61712      0.752210E-02  0.989975      0.390848E-02
   3.62628      0.562733E-02  0.992481      0.252902E-02
   3.63543      0.374212E-02  0.994987      0.137144E-02
   3.64459      0.186636E-02  0.997494      0.483051E-03
   3.65375      0.00000       1.00000       0.00000    
